AL012001,            ALLISON,     57,
20010605, 1200,  , TS, 27.5N,  95.0W,  40, 1007, -999, -999, -999, -999, -999, -999, -999, -999, -999, -999, -999, -999, -999,  25.57,  25.77,  26.34,  26.07,  26.57,  26.59,  26.78,  26.80,  26.90,  26.32,  26.58,  26.90,  26.93,  27.23,  27.30,  26.65,  26.72,  27.11,  27.51,  26.79,  27.19,  27.74,  27.72,  27.88,  28.25,  28.35,  28.19,  28.21,  28.18,  28.14,  28.16
20010605, 1800,  , TS, 28.5N,  95.3W,  50, 1002, -999, -999, -999, -999, -999, -999, -999, -999, -999, -999, -999, -999, -999,  25.83,  26.19,  26.79,  26.24,  26.63,  26.31,  26.22,  26.22,  26.28,  26.16,  26.52,  27.41,  27.04,  26.64,  26.49,  26.26,  26.19,  26.71,  26.98,  26.65,  27.49,  27.70,  27.64,  27.46,  27.68,  27.79,  27.87,  28.03,  28.12,  28.19,  28.24
20010605, 2100, L, TS, 28.9N,  95.3W,  45, 1003, -999, -999, -999, -999, -999, -999, -999, -999, -999, -999, -999, -999, -999,  25.68,  25.68,  25.97,  25.77,  25.94,  26.07,  26.04,  26.09,  26.17,  26.11,  26.42,  27.36,  27.47,  26.89,  26.66,  26.59,  26.43,  26.68,  26.82,  26.62,  27.50,  27.54,  27.77,  27.35,  27.69,  27.89,  28.18,  28.43,  28.63,  28.82,  28.91
20010606, 0000,  , TS, 29.3N,  95.3W,  45, 1003, -999, -999, -999, -999, -999, -999, -999, -999, -999, -999, -999, -999, -999,    nan,    nan,    nan,    nan,    nan,    nan,    nan,    nan,    nan,    nan,    nan,    nan,    nan,    nan,    nan,    nan,    nan,    nan,    nan,    nan,    nan,    nan,    nan,    nan,    nan,    nan,    nan,    nan,    nan,    nan,    nan
20010606, 0600,  , TD, 30.1N,  95.2W,  30, 1006, -999, -999, -999, -999, -999, -999, -999, -999, -999, -999, -999, -999, -999,    nan,    nan,    nan,    nan,    nan,    nan,    nan,    nan,    nan,    nan,    nan,    nan,    nan,    nan,    nan,    nan,    nan,    nan,    nan,    nan,    nan,    nan,    nan,    nan,    nan,    nan,    nan,    nan,    nan,    nan,    nan
20010606, 1200,  , TD, 31.0N,  95.2W,  20, 1005, -999, -999, -999, -999, -999, -999, -999, -999, -999, -999, -999, -999, -999,    nan,    nan,    nan,    nan,    nan,    nan,    nan,    nan,    nan,    nan,    nan,    nan,    nan,    nan,    nan,    nan,    nan,    nan,    nan,    nan,    nan,    nan,    nan,    nan,    nan,    nan,    nan,    nan,    nan,    nan,    nan
20010606, 1800,  , TD, 31.5N,  95.0W,  20, 1005, -999, -999, -999, -999, -999, -999, -999, -999, -999, -999, -999, -999, -999,    nan,    nan,    nan,    nan,    nan,    nan,    nan,    nan,    nan,    nan,    nan,    nan,    nan,    nan,    nan,    nan,    nan,    nan,    nan,    nan,    nan,    nan,    nan,    nan,    nan,    nan,    nan,    nan,    nan,    nan,    nan
20010607, 0000,  , TD, 31.6N,  95.0W,  20, 1005, -999, -999, -999, -999, -999, -999, -999, -999, -999, -999, -999, -999, -999,    nan,    nan,    nan,    nan,    nan,    nan,    nan,    nan,    nan,    nan,    nan,    nan,    nan,    nan,    nan,    nan,    nan,    nan,    nan,    nan,    nan,    nan,    nan,    nan,    nan,    nan,    nan,    nan,    nan,    nan,    nan
20010607, 0600,  , TD, 31.8N,  94.9W,  20, 1006, -999, -999, -999, -999, -999, -999, -999, -999, -999, -999, -999, -999, -999,    nan,    nan,    nan,    nan,    nan,    nan,    nan,    nan,    nan,    nan,    nan,    nan,    nan,    nan,    nan,    nan,    nan,    nan,    nan,    nan,    nan,    nan,    nan,    nan,    nan,    nan,    nan,    nan,    nan,    nan,    nan
20010607, 1200,  , TD, 31.4N,  94.9W,  20, 1006, -999, -999, -999, -999, -999, -999, -999, -999, -999, -999, -999, -999, -999,    nan,    nan,    nan,    nan,    nan,    nan,    nan,    nan,    nan,    nan,    nan,    nan,    nan,    nan,    nan,    nan,    nan,    nan,    nan,    nan,    nan,    nan,    nan,    nan,    nan,    nan,    nan,    nan,    nan,    nan,    nan
20010607, 1800,  , TD, 31.1N,  95.0W,  15, 1007, -999, -999, -999, -999, -999, -999, -999, -999, -999, -999, -999, -999, -999,    nan,    nan,    nan,    nan,    nan,    nan,    nan,    nan,    nan,    nan,    nan,    nan,    nan,    nan,    nan,    nan,    nan,    nan,    nan,    nan,    nan,    nan,    nan,    nan,    nan,    nan,    nan,    nan,    nan,    nan,    nan
20010608, 0000,  , TD, 30.9N,  95.6W,  15, 1002, -999, -999, -999, -999, -999, -999, -999, -999, -999, -999, -999, -999, -999,    nan,    nan,    nan,    nan,    nan,    nan,    nan,    nan,    nan,    nan,    nan,    nan,    nan,    nan,    nan,    nan,    nan,    nan,    nan,    nan,    nan,    nan,    nan,    nan,    nan,    nan,    nan,    nan,    nan,    nan,    nan
20010608, 0600,  , TD, 30.7N,  96.1W,  20, 1004, -999, -999, -999, -999, -999, -999, -999, -999, -999, -999, -999, -999, -999,    nan,    nan,    nan,    nan,    nan,    nan,    nan,    nan,    nan,    nan,    nan,    nan,    nan,    nan,    nan,    nan,    nan,    nan,    nan,    nan,    nan,    nan,    nan,    nan,    nan,    nan,    nan,    nan,    nan,    nan,    nan
20010608, 1200,  , TD, 30.4N,  96.2W,  20, 1007, -999, -999, -999, -999, -999, -999, -999, -999, -999, -999, -999, -999, -999,    nan,    nan,    nan,    nan,    nan,    nan,    nan,    nan,    nan,    nan,    nan,    nan,    nan,    nan,    nan,    nan,    nan,    nan,    nan,    nan,    nan,    nan,    nan,    nan,    nan,    nan,    nan,    nan,    nan,    nan,    nan
20010608, 1800,  , TD, 30.2N,  96.1W,  20, 1007, -999, -999, -999, -999, -999, -999, -999, -999, -999, -999, -999, -999, -999,    nan,    nan,    nan,    nan,    nan,    nan,    nan,    nan,    nan,    nan,    nan,    nan,    nan,    nan,    nan,    nan,    nan,    nan,    nan,    nan,    nan,    nan,    nan,    nan,    nan,    nan,    nan,    nan,    nan,    nan,    nan
20010609, 0000,  , TD, 29.9N,  95.9W,  20, 1007, -999, -999, -999, -999, -999, -999, -999, -999, -999, -999, -999, -999, -999,    nan,    nan,    nan,    nan,    nan,    nan,    nan,    nan,    nan,    nan,    nan,    nan,    nan,    nan,    nan,    nan,    nan,    nan,    nan,    nan,    nan,    nan,    nan,    nan,    nan,    nan,    nan,    nan,    nan,    nan,    nan
20010609, 0600,  , TD, 29.6N,  95.8W,  20, 1007, -999, -999, -999, -999, -999, -999, -999, -999, -999, -999, -999, -999, -999,    nan,    nan,    nan,    nan,    nan,    nan,    nan,    nan,    nan,    nan,    nan,    nan,    nan,    nan,    nan,    nan,    nan,    nan,    nan,    nan,    nan,    nan,    nan,    nan,    nan,    nan,    nan,    nan,    nan,    nan,    nan
20010609, 1200,  , TD, 29.3N,  95.8W,  20, 1007, -999, -999, -999, -999, -999, -999, -999, -999, -999, -999, -999, -999, -999,    nan,    nan,    nan,    nan,    nan,    nan,    nan,    nan,    nan,    nan,    nan,    nan,    nan,    nan,    nan,    nan,    nan,    nan,    nan,    nan,    nan,    nan,    nan,    nan,    nan,    nan,    nan,    nan,    nan,    nan,    nan
20010609, 1800,  , TD, 28.9N,  95.6W,  20, 1008, -999, -999, -999, -999, -999, -999, -999, -999, -999, -999, -999, -999, -999,    nan,    nan,    nan,    nan,    nan,    nan,    nan,    nan,    nan,    nan,    nan,    nan,    nan,    nan,    nan,    nan,    nan,    nan,    nan,    nan,    nan,    nan,    nan,    nan,    nan,    nan,    nan,    nan,    nan,    nan,    nan
20010610, 0000,  , SD, 28.6N,  95.2W,  20, 1008, -999, -999, -999, -999, -999, -999, -999, -999, -999, -999, -999, -999, -999,  26.17,  26.13,  26.14,  26.22,  26.15,  26.55,  27.46,  27.32,  26.70,  26.52,  26.37,  26.24,  26.65,  26.85,  26.58,  27.55,  27.71,  27.74,  27.45,  27.69,  27.84,  28.05,  28.24,  28.37,  28.50,  28.55,  28.64,  28.35,  28.34,  28.57,  28.76
20010610, 0600,  , SD, 28.6N,  94.7W,  25, 1007, -999, -999, -999, -999, -999, -999, -999, -999, -999, -999, -999, -999, -999,  26.29,  26.29,  26.28,  26.35,  26.19,  26.98,  27.20,  26.74,  26.44,  26.36,  26.15,  25.94,  26.22,  26.54,  26.29,  26.85,  27.13,  27.41,  27.32,  27.35,  27.41,  27.93,  28.31,  28.61,  28.91,  29.03,  28.97,  28.38,  28.23,  28.52,  28.59
20010610, 1200,  , SD, 28.7N,  94.3W,  25, 1006, -999, -999, -999, -999, -999, -999, -999, -999, -999, -999, -999, -999, -999,  26.27,  26.33,  26.38,  26.50,  26.42,  26.99,  26.93,  26.68,  26.67,  26.80,  26.54,  26.17,  26.22,  26.67,  26.47,  26.83,  27.01,  27.28,  27.24,  27.22,  27.30,  27.90,  28.32,  28.65,  28.99,  29.10,  28.96,  28.50,  28.32,  28.59,  28.52
20010610, 1800,  , SD, 28.8N,  93.5W,  30, 1006, -999, -999, -999, -999, -999, -999, -999, -999, -999, -999, -999, -999, -999,  26.02,  26.09,  26.09,  26.15,  26.13,  26.31,  26.26,  26.59,  26.80,  27.00,  26.58,  25.93,  26.02,  26.60,  26.66,  26.94,  27.12,  27.49,  27.26,  27.12,  27.63,  28.14,  28.33,  28.55,  28.82,  28.87,  28.92,  28.68,  28.71,  28.87,  28.62
20010611, 0000,  , SD, 29.1N,  92.3W,  30, 1005, -999, -999, -999, -999, -999, -999, -999, -999, -999, -999, -999, -999, -999,  26.40,  25.97,  25.90,  26.10,  26.43,  27.05,  27.38,  27.13,  27.14,  26.96,  26.00,  25.64,  25.75,  25.93,  26.22,  26.70,  27.28,  27.17,  27.34,  27.69,  27.92,  27.92,  27.99,  28.04,  28.06,  28.39,  28.34,  28.69,  28.97,  28.68,  28.65
20010611, 0200, L, SD, 29.6N,  91.6W,  30, 1004, -999, -999, -999, -999, -999, -999, -999, -999, -999, -999, -999, -999, -999,  26.68,  25.93,  25.86,  26.00,  26.55,  27.74,  27.81,  27.63,  27.32,  27.38,  26.70,  26.26,  26.17,  26.27,  26.48,  26.87,  26.36,  26.51,  27.07,  27.68,  27.88,  28.00,  28.09,  28.15,  28.21,  28.43,  28.13,  28.09,  28.18,  27.92,  27.80
20010611, 0600,  , SS, 30.0N,  90.5W,  35, 1003, -999, -999, -999, -999, -999, -999, -999, -999, -999, -999, -999, -999, -999,  26.30,  26.25,  26.32,  26.46,  26.56,  26.64,  26.67,  27.27,  27.43,  27.54,  27.73,  27.88,  28.01,  28.12,  28.22,  26.69,  25.96,  26.34,  27.37,  27.80,  27.91,  28.73,  28.93,  28.97,  29.02,  29.05,  28.08,  28.19,  28.65,  28.80,  28.84
20010611, 1200,  , SS, 30.7N,  89.4W,  40, 1000, -999, -999, -999, -999, -999, -999, -999, -999, -999, -999, -999, -999, -999,    nan,    nan,    nan,    nan,    nan,    nan,    nan,    nan,    nan,    nan,    nan,    nan,    nan,    nan,    nan,    nan,    nan,    nan,    nan,    nan,    nan,    nan,    nan,    nan,    nan,    nan,    nan,    nan,    nan,    nan,    nan
20010611, 1800,  , SS, 31.0N,  88.4W,  35, 1002, -999, -999, -999, -999, -999, -999, -999, -999, -999, -999, -999, -999, -999,    nan,    nan,    nan,    nan,    nan,    nan,    nan,    nan,    nan,    nan,    nan,    nan,    nan,    nan,    nan,    nan,    nan,    nan,    nan,    nan,    nan,    nan,    nan,    nan,    nan,    nan,    nan,    nan,    nan,    nan,    nan
20010612, 0000,  , SD, 31.3N,  87.4W,  25, 1004, -999, -999, -999, -999, -999, -999, -999, -999, -999, -999, -999, -999, -999,    nan,    nan,    nan,    nan,    nan,    nan,    nan,    nan,    nan,    nan,    nan,    nan,    nan,    nan,    nan,    nan,    nan,    nan,    nan,    nan,    nan,    nan,    nan,    nan,    nan,    nan,    nan,    nan,    nan,    nan,    nan
20010612, 0600,  , SD, 31.8N,  86.1W,  20, 1005, -999, -999, -999, -999, -999, -999, -999, -999, -999, -999, -999, -999, -999,    nan,    nan,    nan,    nan,    nan,    nan,    nan,    nan,    nan,    nan,    nan,    nan,    nan,    nan,    nan,    nan,    nan,    nan,    nan,    nan,    nan,    nan,    nan,    nan,    nan,    nan,    nan,    nan,    nan,    nan,    nan
20010612, 1200,  , SD, 32.4N,  84.7W,  20, 1006, -999, -999, -999, -999, -999, -999, -999, -999, -999, -999, -999, -999, -999,    nan,    nan,    nan,    nan,    nan,    nan,    nan,    nan,    nan,    nan,    nan,    nan,    nan,    nan,    nan,    nan,    nan,    nan,    nan,    nan,    nan,    nan,    nan,    nan,    nan,    nan,    nan,    nan,    nan,    nan,    nan
20010612, 1800,  , SD, 32.8N,  83.6W,  20, 1006, -999, -999, -999, -999, -999, -999, -999, -999, -999, -999, -999, -999, -999,    nan,    nan,    nan,    nan,    nan,    nan,    nan,    nan,    nan,    nan,    nan,    nan,    nan,    nan,    nan,    nan,    nan,    nan,    nan,    nan,    nan,    nan,    nan,    nan,    nan,    nan,    nan,    nan,    nan,    nan,    nan
20010613, 0000,  , SD, 33.1N,  82.6W,  20, 1006, -999, -999, -999, -999, -999, -999, -999, -999, -999, -999, -999, -999, -999,    nan,    nan,    nan,    nan,    nan,    nan,    nan,    nan,    nan,    nan,    nan,    nan,    nan,    nan,    nan,    nan,    nan,    nan,    nan,    nan,    nan,    nan,    nan,    nan,    nan,    nan,    nan,    nan,    nan,    nan,    nan
20010613, 0600,  , SD, 33.4N,  81.6W,  25, 1004, -999, -999, -999, -999, -999, -999, -999, -999, -999, -999, -999, -999, -999,    nan,    nan,    nan,    nan,    nan,    nan,    nan,    nan,    nan,    nan,    nan,    nan,    nan,    nan,    nan,    nan,    nan,    nan,    nan,    nan,    nan,    nan,    nan,    nan,    nan,    nan,    nan,    nan,    nan,    nan,    nan
20010613, 1200,  , SD, 33.7N,  80.7W,  25, 1005, -999, -999, -999, -999, -999, -999, -999, -999, -999, -999, -999, -999, -999,    nan,    nan,    nan,    nan,    nan,    nan,    nan,    nan,    nan,    nan,    nan,    nan,    nan,    nan,    nan,    nan,    nan,    nan,    nan,    nan,    nan,    nan,    nan,    nan,    nan,    nan,    nan,    nan,    nan,    nan,    nan
20010613, 1800,  , SD, 34.0N,  79.6W,  25, 1006, -999, -999, -999, -999, -999, -999, -999, -999, -999, -999, -999, -999, -999,    nan,    nan,    nan,    nan,    nan,    nan,    nan,    nan,    nan,    nan,    nan,    nan,    nan,    nan,    nan,    nan,    nan,    nan,    nan,    nan,    nan,    nan,    nan,    nan,    nan,    nan,    nan,    nan,    nan,    nan,    nan
20010614, 0000,  , SD, 34.3N,  78.5W,  25, 1006, -999, -999, -999, -999, -999, -999, -999, -999, -999, -999, -999, -999, -999,    nan,    nan,    nan,    nan,    nan,    nan,    nan,    nan,    nan,    nan,    nan,    nan,    nan,    nan,    nan,    nan,    nan,    nan,    nan,    nan,    nan,    nan,    nan,    nan,    nan,    nan,    nan,    nan,    nan,    nan,    nan
20010614, 0600,  , SD, 34.6N,  77.9W,  25, 1006, -999, -999, -999, -999, -999, -999, -999, -999, -999, -999, -999, -999, -999,    nan,    nan,    nan,    nan,    nan,    nan,    nan,    nan,    nan,    nan,    nan,    nan,    nan,    nan,    nan,    nan,    nan,    nan,    nan,    nan,    nan,    nan,    nan,    nan,    nan,    nan,    nan,    nan,    nan,    nan,    nan
20010614, 1200,  , SD, 34.7N,  77.7W,  25, 1007, -999, -999, -999, -999, -999, -999, -999, -999, -999, -999, -999, -999, -999,    nan,    nan,    nan,    nan,    nan,    nan,    nan,    nan,    nan,    nan,    nan,    nan,    nan,    nan,    nan,    nan,    nan,    nan,    nan,    nan,    nan,    nan,    nan,    nan,    nan,    nan,    nan,    nan,    nan,    nan,    nan
20010614, 1800,  , SD, 34.6N,  77.6W,  25, 1008, -999, -999, -999, -999, -999, -999, -999, -999, -999, -999, -999, -999, -999,    nan,    nan,    nan,    nan,    nan,    nan,    nan,    nan,    nan,    nan,    nan,    nan,    nan,    nan,    nan,    nan,    nan,    nan,    nan,    nan,    nan,    nan,    nan,    nan,    nan,    nan,    nan,    nan,    nan,    nan,    nan
20010615, 0000,  , SD, 34.6N,  77.2W,  25, 1008, -999, -999, -999, -999, -999, -999, -999, -999, -999, -999, -999, -999, -999,  22.59,  22.60,  22.99,  23.41,  23.57,  23.88,  24.04,  24.30,  24.32,  23.88,  24.84,  25.09,  25.16,  25.41,  25.43,  25.22,  25.11,  25.23,  25.21,  25.24,  25.60,  25.74,  25.80,  25.82,  25.87,  25.94,  26.26,  27.05,  27.17,  26.75,  27.10
20010615, 0600,  , SD, 34.9N,  77.0W,  25, 1008, -999, -999, -999, -999, -999, -999, -999, -999, -999, -999, -999, -999, -999,    nan,    nan,    nan,    nan,    nan,    nan,    nan,    nan,    nan,    nan,    nan,    nan,    nan,    nan,    nan,    nan,    nan,    nan,    nan,    nan,    nan,    nan,    nan,    nan,    nan,    nan,    nan,    nan,    nan,    nan,    nan
20010615, 1200,  , SD, 35.5N,  76.9W,  25, 1008, -999, -999, -999, -999, -999, -999, -999, -999, -999, -999, -999, -999, -999,    nan,    nan,    nan,    nan,    nan,    nan,    nan,    nan,    nan,    nan,    nan,    nan,    nan,    nan,    nan,    nan,    nan,    nan,    nan,    nan,    nan,    nan,    nan,    nan,    nan,    nan,    nan,    nan,    nan,    nan,    nan
20010615, 1800,  , SD, 35.9N,  76.8W,  25, 1009, -999, -999, -999, -999, -999, -999, -999, -999, -999, -999, -999, -999, -999,    nan,    nan,    nan,    nan,    nan,    nan,    nan,    nan,    nan,    nan,    nan,    nan,    nan,    nan,    nan,    nan,    nan,    nan,    nan,    nan,    nan,    nan,    nan,    nan,    nan,    nan,    nan,    nan,    nan,    nan,    nan
20010616, 0000,  , SD, 36.3N,  76.6W,  25, 1007, -999, -999, -999, -999, -999, -999, -999, -999, -999, -999, -999, -999, -999,    nan,    nan,    nan,    nan,    nan,    nan,    nan,    nan,    nan,    nan,    nan,    nan,    nan,    nan,    nan,    nan,    nan,    nan,    nan,    nan,    nan,    nan,    nan,    nan,    nan,    nan,    nan,    nan,    nan,    nan,    nan
20010616, 0600,  , SD, 36.6N,  76.2W,  25, 1007, -999, -999, -999, -999, -999, -999, -999, -999, -999, -999, -999, -999, -999,    nan,    nan,    nan,    nan,    nan,    nan,    nan,    nan,    nan,    nan,    nan,    nan,    nan,    nan,    nan,    nan,    nan,    nan,    nan,    nan,    nan,    nan,    nan,    nan,    nan,    nan,    nan,    nan,    nan,    nan,    nan
20010616, 1200,  , SD, 36.8N,  75.9W,  25, 1007, -999, -999, -999, -999, -999, -999, -999, -999, -999, -999, -999, -999, -999,  19.60,  20.40,  21.02,  21.38,  21.04,  22.09,  22.31,  21.96,  21.74,  22.31,  23.11,  23.29,  22.77,  22.57,  22.72,  22.76,  22.69,  22.63,  22.60,  22.65,  23.36,  23.54,  23.48,  23.50,  23.68,  23.59,  23.51,  23.63,  24.48,  24.83,  24.70
20010616, 1800,  , SD, 37.2N,  75.5W,  25, 1006, -999, -999, -999, -999, -999, -999, -999, -999, -999, -999, -999, -999, -999,  17.70,  18.55,  19.39,  19.71,  19.75,  20.24,  20.34,  20.67,  21.18,  21.99,  22.64,  22.63,  22.56,  22.51,  23.00,  23.34,  22.57,  22.30,  22.23,  22.74,  22.86,  22.84,  22.81,  22.92,  23.20,  23.21,  23.46,  23.75,  24.10,  24.08,  23.97
20010617, 0000,  , SD, 37.8N,  75.4W,  25, 1006, -999, -999, -999, -999, -999, -999, -999, -999, -999, -999, -999, -999, -999,  16.93,  17.77,  18.58,  19.23,  19.47,  19.31,  19.73,  20.41,  21.17,  21.95,  21.95,  21.90,  22.16,  22.35,  22.24,  21.75,  21.81,  21.75,  22.22,  22.48,  22.64,  22.64,  22.70,  22.67,  22.54,  22.52,  22.38,  22.84,  22.90,  22.81,  22.60
20010617, 0600,  , SD, 38.6N,  74.5W,  30, 1005, -999, -999, -999, -999, -999, -999, -999, -999, -999, -999, -999, -999, -999,  16.39,  16.95,  17.54,  18.10,  18.19,  18.64,  18.99,  19.32,  19.83,  20.62,  20.76,  21.22,  21.91,  21.92,  21.93,  21.14,  20.81,  20.93,  21.70,  21.71,  21.95,  22.12,  22.09,  22.50,  22.56,  22.62,  22.62,  23.13,  23.37,  22.88,  22.50
20010617, 1200,  , SS, 39.3N,  73.4W,  40, 1004, -999, -999, -999, -999, -999, -999, -999, -999, -999, -999, -999, -999, -999,  15.43,  15.83,  16.19,  16.96,  17.11,  17.64,  17.78,  17.93,  18.28,  19.01,  19.32,  20.19,  20.48,  20.47,  20.51,  19.63,  19.59,  19.63,  20.53,  20.71,  21.12,  21.31,  21.49,  22.16,  22.23,  22.26,  22.32,  22.75,  22.66,  22.42,  22.10
20010617, 1800,  , SS, 40.0N,  72.1W,  35, 1005, -999, -999, -999, -999, -999, -999, -999, -999, -999, -999, -999, -999, -999,  14.75,  15.26,  15.21,  15.83,  16.04,  15.95,  15.97,  16.15,  16.80,  17.48,  17.26,  18.47,  19.34,  19.45,  19.51,  18.79,  18.76,  18.75,  19.24,  19.04,  19.37,  19.96,  20.06,  21.28,  21.73,  21.89,  21.87,  22.04,  22.06,  22.02,  21.58
20010618, 0000,  , EX, 40.6N,  70.8W,  30, 1006, -999, -999, -999, -999, -999, -999, -999, -999, -999, -999, -999, -999, -999,  13.37,  12.91,  12.94,  13.33,  14.51,  14.53,  14.37,  15.05,  15.62,  15.95,  16.08,  16.45,  16.80,  17.08,  17.48,  17.30,  17.34,  17.95,  17.93,  17.35,  17.28,  18.36,  20.55,  20.84,  20.61,  20.42,  19.78,  19.31,  19.46,  19.21,  18.81
20010618, 0600,  , EX, 41.3N,  69.4W,  30, 1008, -999, -999, -999, -999, -999, -999, -999, -999, -999, -999, -999, -999, -999,  10.49,  10.95,  11.08,  12.39,  12.86,  12.42,  12.47,  12.97,  13.69,  14.89,  15.83,  15.43,  15.48,  15.53,  15.39,  14.43,  13.72,  13.36,  13.40,  14.13,  14.91,  15.57,  16.02,  17.37,  16.93,  15.67,  15.14,  15.42,  15.10,  15.54,  15.71
20010618, 1200,  , EX, 42.0N,  67.4W,  30, 1009, -999, -999, -999, -999, -999, -999, -999, -999, -999, -999, -999, -999, -999,   8.88,   8.98,   9.28,   9.18,   9.34,   9.56,   9.95,  10.48,  10.72,  11.14,  11.86,  12.24,  12.23,  12.60,  13.36,  13.17,  12.75,  12.53,  12.42,  12.63,  13.33,  13.78,  14.34,  14.57,  14.55,  14.83,  15.02,  14.63,  13.55,  13.23,  13.51
20010618, 1800,  , EX, 42.7N,  64.6W,  25, 1011, -999, -999, -999, -999, -999, -999, -999, -999, -999, -999, -999, -999, -999,   8.57,   8.54,   8.48,   8.57,   8.96,   9.51,  10.35,  10.23,   9.82,   9.74,   9.47,   9.00,   9.29,   9.87,  10.64,  11.25,  11.52,  11.33,  11.32,  12.11,  12.95,  12.85,  13.34,  13.78,  14.08,  13.93,  13.35,  13.28,  13.25,  12.39,  12.05
20010619, 0000,  , EX, 43.5N,  61.0W,  20, 1012, -999, -999, -999, -999, -999, -999, -999, -999, -999, -999, -999, -999, -999,   7.90,   7.81,   7.85,   8.38,   9.46,   9.81,  10.13,  10.16,  10.22,  11.04,  10.81,  10.59,  10.50,  10.72,  10.77,  11.13,  11.64,  11.87,  12.26,  13.03,  13.68,  13.73,  13.14,  12.68,  12.37,  11.72,  11.54,  11.58,  12.47,  12.71,  12.76
