AL011988,            ALBERTO,     13,
19880805, 1800,  , TD, 32.0N,  77.5W,  20, 1015, -999, -999, -999, -999, -999, -999, -999, -999, -999, -999, -999, -999, -999,  29.46,  28.66,  28.88,  29.01,  28.54,  28.34,  28.68,  29.49,  29.46,  29.31,  29.30,  28.45,  29.01,  29.13,  29.07,  29.09,  29.15,  28.18,  27.91,  27.96,  29.00,  29.26,  29.44,  29.39,  28.77,  28.48,  29.83,  29.80,  29.47,  29.29,  29.22
19880806, 0000,  , TD, 32.8N,  76.2W,  20, 1014, -999, -999, -999, -999, -999, -999, -999, -999, -999, -999, -999, -999, -999,  27.93,  28.05,  28.16,  28.17,  28.17,  28.32,  28.72,  29.24,  29.24,  29.00,  28.68,  28.29,  28.09,  28.02,  27.91,  28.14,  28.41,  28.84,  28.65,  28.68,  28.73,  28.86,  28.92,  28.92,  28.89,  28.64,  29.18,  29.29,  29.43,  28.92,  28.08
19880806, 0600,  , TD, 34.0N,  75.2W,  20, 1013, -999, -999, -999, -999, -999, -999, -999, -999, -999, -999, -999, -999, -999,  27.89,  27.88,  27.46,  27.35,  27.36,  27.71,  28.13,  28.23,  28.08,  28.12,  27.66,  27.42,  27.75,  28.23,  28.41,  28.23,  28.48,  28.94,  28.21,  28.23,  28.48,  28.66,  28.70,  28.63,  28.05,  28.38,  29.13,  29.10,  28.88,  28.59,  28.50
19880806, 1200,  , TD, 35.2N,  74.6W,  25, 1012, -999, -999, -999, -999, -999, -999, -999, -999, -999, -999, -999, -999, -999,  27.89,  28.08,  28.36,  28.45,  28.42,  28.29,  28.59,  28.47,  28.35,  28.36,  27.85,  27.70,  27.79,  28.16,  28.30,  28.34,  28.06,  28.32,  28.22,  28.46,  28.72,  28.76,  28.58,  28.27,  27.89,  28.86,  29.02,  28.81,  28.49,  28.05,  28.07
19880806, 1800,  , TD, 37.0N,  73.5W,  25, 1011, -999, -999, -999, -999, -999, -999, -999, -999, -999, -999, -999, -999, -999,  24.69,  23.83,  24.26,  24.40,  24.54,  24.69,  25.10,  25.53,  25.53,  25.65,  25.81,  26.02,  26.24,  26.43,  26.39,  26.26,  25.63,  25.64,  26.21,  26.30,  26.56,  26.80,  26.96,  27.07,  27.08,  26.97,  26.95,  26.45,  25.78,  25.81,  26.13
19880807, 0000,  , TD, 38.7N,  72.4W,  25, 1009, -999, -999, -999, -999, -999, -999, -999, -999, -999, -999, -999, -999, -999,  24.21,  24.13,  24.13,  24.10,  24.21,  24.20,  25.17,  25.25,  25.31,  25.19,  25.51,  25.95,  26.35,  26.46,  26.19,  25.93,  25.88,  25.74,  25.52,  25.44,  25.72,  25.96,  26.11,  26.16,  25.88,  25.56,  24.85,  24.49,  24.57,  24.79,  24.72
19880807, 0600,  , TD, 40.0N,  70.8W,  30, 1006, -999, -999, -999, -999, -999, -999, -999, -999, -999, -999, -999, -999, -999,  22.91,  22.73,  22.71,  23.01,  23.11,  22.99,  23.42,  24.02,  24.25,  23.98,  24.44,  24.92,  25.35,  25.25,  25.23,  25.15,  24.96,  24.83,  24.51,  24.40,  24.44,  24.45,  24.53,  24.43,  24.21,  23.72,  23.33,  23.27,  23.26,  23.13,  23.25
19880807, 1200,  , TS, 41.5N,  69.0W,  35, 1002, -999, -999, -999, -999, -999, -999, -999, -999, -999, -999, -999, -999, -999,  19.12,  17.32,  17.25,  17.84,  18.32,  18.59,  18.61,  18.64,  18.90,  18.24,  18.46,  19.12,  19.05,  19.01,  18.99,  19.03,  19.13,  19.60,  19.92,  20.02,  20.25,  19.79,  19.54,  19.68,  18.95,  18.74,  17.96,  18.02,  18.30,  18.79,  18.77
19880807, 1800,  , TS, 43.0N,  67.5W,  35, 1002, -999, -999, -999, -999, -999, -999, -999, -999, -999, -999, -999, -999, -999,  13.95,  13.94,  14.00,  14.71,  15.08,  15.12,  15.24,  15.35,  15.09,  14.66,  15.23,  15.66,  15.01,  14.47,  14.84,  15.29,  15.53,  15.50,  15.50,  15.74,  15.64,  15.39,  15.21,  15.65,  15.37,  15.07,  14.97,  15.06,  14.97,  15.05,  15.03
19880808, 0000,  , TS, 45.0N,  65.5W,  35, 1004, -999, -999, -999, -999, -999, -999, -999, -999, -999, -999, -999, -999, -999,  12.40,  12.25,  12.44,  13.48,  13.76,  13.22,  13.28,  14.05,  14.23,  14.17,  13.55,  13.00,  12.90,  12.86,  14.14,  14.70,  14.62,  13.20,  12.39,  12.37,  12.21,  11.87,  11.99,  12.29,  11.81,  11.91,  12.47,  12.38,  12.36,  12.41,  12.74
19880808, 0600,  , TS, 47.0N,  63.0W,  35, 1006, -999, -999, -999, -999, -999, -999, -999, -999, -999, -999, -999, -999, -999,  17.46,  16.88,  16.62,  16.64,  17.07,  17.78,  17.92,  18.30,  18.36,  18.38,  18.42,  17.97,  18.48,  18.47,  18.56,  18.76,  18.52,  18.47,  18.45,  18.54,  18.95,  18.84,  18.64,  17.93,  17.45,  17.28,  17.23,  17.42,  16.96,  16.68,  16.92
19880808, 1200,  , EX, 49.0N,  60.0W,  30, 1008, -999, -999, -999, -999, -999, -999, -999, -999, -999, -999, -999, -999, -999,  13.65,  13.20,  12.74,  12.63,  14.70,  14.67,  14.55,  14.58,  15.74,  15.62,  15.32,  15.35,  15.74,  16.61,  16.33,  16.18,  16.41,  16.21,  16.21,  16.25,  16.04,  16.02,  16.89,  16.94,  17.01,  16.57,  16.21,  16.24,  15.74,  15.61,  15.71
19880808, 1800,  , EX, 51.0N,  56.0W,  25, 1010, -999, -999, -999, -999, -999, -999, -999, -999, -999, -999, -999, -999, -999,  10.11,  10.14,  10.61,  10.76,  10.78,  12.04,  12.22,  12.40,  12.37,  12.16,  12.40,  12.24,  11.83,  11.84,  11.89,  11.65,  11.71,  11.51,  11.18,  11.09,  10.31,  10.53,  11.08,  10.76,  10.65,  10.16,   9.30,  10.08,  10.49,  10.80,  10.33
