AL011984,            UNNAMED,     11,
19840611, 1200,  , TD, 28.0N,  75.5W,  20, -999, -999, -999, -999, -999, -999, -999, -999, -999, -999, -999, -999, -999, -999,  25.69,  25.62,  25.54,  25.66,  25.57,  25.71,  25.67,  25.77,  25.82,  25.80,  25.54,  25.52,  25.62,  25.29,  25.24,  25.27,  25.37,  25.33,  25.39,  25.44,  25.62,  25.63,  26.01,  26.29,  26.17,  26.19,  26.23,  26.12,  26.21,  26.29,  26.38
19840611, 1800,  , TD, 28.2N,  75.8W,  25, -999, -999, -999, -999, -999, -999, -999, -999, -999, -999, -999, -999, -999, -999,  25.63,  25.80,  25.71,  25.60,  25.40,  25.54,  25.59,  25.76,  25.86,  25.77,  25.40,  25.20,  25.26,  25.42,  25.42,  25.36,  25.35,  25.41,  25.53,  25.58,  25.74,  26.36,  26.55,  26.43,  26.41,  26.57,  26.61,  26.70,  26.71,  26.35,  26.23
19840612, 0000,  , TD, 28.4N,  76.5W,  25, -999, -999, -999, -999, -999, -999, -999, -999, -999, -999, -999, -999, -999, -999,  25.79,  25.91,  25.61,  25.25,  25.52,  25.55,  25.71,  25.79,  25.80,  25.54,  25.04,  25.03,  25.52,  25.60,  25.45,  25.37,  25.47,  25.47,  25.49,  25.62,  27.17,  27.31,  26.98,  26.87,  26.85,  26.86,  26.97,  27.01,  26.70,  26.56,  26.48
19840612, 0600,  , TD, 28.7N,  77.2W,  30, -999, -999, -999, -999, -999, -999, -999, -999, -999, -999, -999, -999, -999, -999,  25.86,  25.88,  25.35,  24.83,  25.40,  25.61,  25.87,  25.96,  26.18,  26.26,  25.85,  25.65,  26.06,  26.10,  26.10,  26.05,  26.25,  26.36,  26.33,  26.20,  27.59,  27.44,  27.01,  26.96,  27.00,  27.01,  27.04,  27.08,  26.88,  26.81,  26.85
19840612, 1200,  , TD, 28.9N,  77.8W,  30, -999, -999, -999, -999, -999, -999, -999, -999, -999, -999, -999, -999, -999, -999,  25.56,  25.70,  25.26,  24.73,  24.76,  24.83,  25.08,  25.25,  25.46,  25.43,  25.21,  25.23,  25.89,  26.08,  26.29,  26.23,  26.22,  26.33,  26.41,  25.89,  26.73,  27.18,  27.07,  27.28,  27.45,  27.49,  27.46,  27.47,  27.44,  27.47,  27.41
19840612, 1800,  , TD, 29.0N,  78.3W,  30, -999, -999, -999, -999, -999, -999, -999, -999, -999, -999, -999, -999, -999, -999,  25.83,  25.89,  25.61,  24.99,  24.83,  24.77,  24.89,  24.95,  25.30,  25.33,  25.13,  25.16,  25.74,  25.99,  26.23,  26.23,  26.19,  26.42,  26.49,  25.80,  26.52,  27.12,  26.99,  27.22,  27.42,  27.50,  27.36,  27.69,  27.63,  27.57,  27.44
19840613, 0000,  , TD, 29.2N,  79.1W,  30, -999, -999, -999, -999, -999, -999, -999, -999, -999, -999, -999, -999, -999, -999,  26.63,  26.27,  26.34,  26.50,  26.63,  26.63,  26.51,  26.36,  26.30,  25.90,  25.61,  26.58,  26.93,  27.04,  27.04,  27.00,  26.93,  27.25,  26.55,  27.03,  27.51,  27.66,  27.99,  28.28,  28.38,  28.05,  28.52,  28.30,  27.78,  27.75,  27.93
19840613, 0600,  , TD, 29.6N,  79.9W,  30, -999, -999, -999, -999, -999, -999, -999, -999, -999, -999, -999, -999, -999, -999,  26.72,  26.33,  26.99,  27.41,  27.54,  27.69,  27.71,  27.58,  27.57,  27.27,  27.16,  27.31,  27.28,  27.46,  27.82,  27.74,  27.66,  27.88,  27.39,  27.68,  28.07,  28.24,  28.56,  28.79,  28.88,  28.37,  28.73,  28.39,  27.87,  27.89,  28.40
19840613, 1200,  , TD, 29.8N,  80.3W,  25, -999, -999, -999, -999, -999, -999, -999, -999, -999, -999, -999, -999, -999, -999,  25.82,  25.42,  25.34,  25.28,  25.44,  25.63,  25.76,  25.62,  25.75,  26.02,  25.99,  26.04,  26.34,  26.35,  26.58,  26.55,  26.50,  26.65,  26.56,  26.81,  27.07,  27.40,  27.54,  27.59,  27.64,  27.62,  27.87,  27.58,  27.13,  27.17,  27.79
19840613, 1800,  , TD, 29.9N,  81.0W,  25, -999, -999, -999, -999, -999, -999, -999, -999, -999, -999, -999, -999, -999, -999,  25.11,  24.66,  24.35,  24.32,  24.49,  24.49,  24.43,  24.11,  24.26,  25.01,  25.23,  25.34,  25.66,  25.85,  26.13,  26.14,  26.12,  25.93,  25.88,  26.36,  26.72,  27.18,  27.19,  27.04,  26.73,  27.12,  27.20,  27.13,  27.12,  27.14,  27.48
19840614, 0000,  , TD, 30.2N,  81.8W, -99, -999, -999, -999, -999, -999, -999, -999, -999, -999, -999, -999, -999, -999, -999,    nan,    nan,    nan,    nan,    nan,    nan,    nan,    nan,    nan,    nan,    nan,    nan,    nan,    nan,    nan,    nan,    nan,    nan,    nan,    nan,    nan,    nan,    nan,    nan,    nan,    nan,    nan,    nan,    nan,    nan,    nan
