AL011993,            UNNAMED,     11,
19930531, 1200,  , TD, 21.5N,  84.0W,  25, 1003, -999, -999, -999, -999, -999, -999, -999, -999, -999, -999, -999, -999, -999,  27.44,  27.09,  27.60,  27.71,  28.71,  27.75,  27.59,  27.62,  27.53,  27.21,  27.06,  27.14,  27.26,  27.27,  27.34,  27.54,  27.85,  28.19,  28.09,  28.00,  28.30,  28.32,  28.45,  28.60,  28.65,  28.75,  28.83,  28.62,  28.56,  28.42,  28.36
19930531, 1800,  , TD, 22.3N,  82.0W,  25, 1002, -999, -999, -999, -999, -999, -999, -999, -999, -999, -999, -999, -999, -999,    nan,    nan,    nan,    nan,    nan,    nan,    nan,    nan,    nan,    nan,    nan,    nan,    nan,    nan,    nan,    nan,    nan,    nan,    nan,    nan,    nan,    nan,    nan,    nan,    nan,    nan,    nan,    nan,    nan,    nan,    nan
19930601, 0000,  , TD, 23.2N,  80.3W,  25, 1000, -999, -999, -999, -999, -999, -999, -999, -999, -999, -999, -999, -999, -999,  26.32,  26.49,  26.73,  26.76,  26.74,  26.68,  26.61,  26.29,  25.94,  26.02,  26.13,  25.69,  25.71,  25.42,  25.77,  26.24,  26.81,  27.21,  27.37,  27.40,  27.68,  27.60,  27.45,  27.44,  27.54,  27.42,  27.60,  27.64,  27.76,  28.02,  28.05
19930601, 0600,  , TD, 24.5N,  79.0W,  25, 1000, -999, -999, -999, -999, -999, -999, -999, -999, -999, -999, -999, -999, -999,  26.43,  26.28,  26.13,  26.08,  25.95,  25.91,  26.05,  26.23,  26.15,  26.23,  26.12,  25.84,  25.90,  25.92,  26.02,  26.22,  26.89,  27.23,  27.74,  28.02,  28.04,  28.25,  28.45,  28.73,  28.64,  28.15,  28.25,  28.59,  28.83,  29.00,  28.40
19930601, 1200,  , TD, 25.4N,  77.5W,  30,  999, -999, -999, -999, -999, -999, -999, -999, -999, -999, -999, -999, -999, -999,  25.63,  25.33,  24.94,  24.92,  25.13,  24.95,  24.90,  24.96,  24.93,  25.06,  24.90,  24.77,  24.95,  25.25,  24.96,  25.27,  25.93,  26.12,  26.23,  26.37,  26.44,  26.62,  26.62,  26.65,  26.85,  26.99,  27.12,  27.27,  27.30,  27.10,  25.92
19930601, 1800,  , TD, 26.1N,  75.8W,  30,  999, -999, -999, -999, -999, -999, -999, -999, -999, -999, -999, -999, -999, -999,  24.58,  24.54,  24.61,  24.72,  24.87,  24.54,  24.45,  24.27,  24.02,  24.02,  24.02,  23.98,  24.21,  24.65,  24.07,  24.44,  24.83,  25.51,  25.56,  25.75,  25.95,  26.02,  26.28,  26.39,  26.39,  26.47,  26.56,  26.53,  26.53,  26.88,  26.19
19930602, 0000,  , TD, 26.7N,  74.0W,  30,  999, -999, -999, -999, -999, -999, -999, -999, -999, -999, -999, -999, -999, -999,  24.08,  23.73,  24.27,  24.62,  24.65,  24.41,  23.89,  23.94,  23.97,  24.07,  24.25,  24.24,  24.51,  24.63,  24.48,  24.51,  25.32,  25.33,  25.62,  25.86,  25.91,  26.34,  26.28,  26.38,  26.27,  26.36,  26.66,  26.63,  26.57,  26.63,  26.12
19930602, 0600,  , TD, 27.8N,  71.8W,  30,  999, -999, -999, -999, -999, -999, -999, -999, -999, -999, -999, -999, -999, -999,  23.23,  23.12,  23.03,  23.58,  23.62,  23.64,  23.22,  23.23,  23.27,  23.32,  23.66,  23.96,  24.88,  24.83,  24.44,  24.60,  24.69,  24.76,  25.11,  25.55,  25.72,  25.76,  26.26,  26.52,  26.41,  26.21,  26.41,  26.44,  26.27,  26.05,  25.32
19930602, 1200,  , EX, 28.4N,  69.9W,  35,  999, -999, -999, -999, -999, -999, -999, -999, -999, -999, -999, -999, -999, -999,  23.31,  23.07,  23.67,  23.87,  23.86,  23.74,  23.58,  22.97,  22.63,  23.83,  23.98,  24.04,  24.66,  24.64,  24.63,  24.34,  24.38,  24.45,  24.89,  25.31,  25.24,  25.16,  25.45,  26.40,  26.57,  26.24,  26.06,  25.99,  25.70,  25.58,  25.07
19930602, 1800,  , EX, 28.5N,  67.8W,  35, 1000, -999, -999, -999, -999, -999, -999, -999, -999, -999, -999, -999, -999, -999,  23.95,  23.77,  23.76,  23.51,  23.66,  23.81,  23.79,  23.83,  23.50,  23.70,  24.09,  24.34,  25.03,  24.93,  24.96,  25.38,  24.48,  24.62,  25.02,  25.23,  25.20,  24.96,  24.97,  25.05,  26.42,  26.29,  26.18,  26.08,  25.90,  25.80,  25.81
19930603, 0000,  , EX, 28.8N,  65.3W,  35, 1000, -999, -999, -999, -999, -999, -999, -999, -999, -999, -999, -999, -999, -999,  23.54,  23.19,  22.96,  23.07,  23.20,  23.25,  23.50,  23.24,  23.64,  23.82,  23.65,  24.14,  24.58,  24.68,  24.71,  24.13,  23.93,  24.03,  24.30,  24.46,  24.25,  24.12,  24.09,  24.35,  25.53,  25.71,  25.52,  24.84,  24.75,  24.81,  24.84
