AL012014,             ARTHUR,     47,
20140628, 1800,  , LO, 32.0N,  78.2W,  20, 1017,    0,    0,    0,    0,    0,    0,    0,    0,    0,    0,    0,    0, -999,  28.06,  27.87,  27.90,  28.12,  28.32,  28.66,  28.94,  29.04,  28.89,  28.80,  28.56,  28.68,  28.74,  28.73,  28.81,  28.91,  28.54,  28.46,  28.62,  28.82,  28.76,  28.49,  28.37,  27.70,  27.96,  28.49,  29.12,  29.39,  29.41,  29.74,  29.68
20140629, 0000,  , LO, 31.2N,  77.8W,  20, 1017,    0,    0,    0,    0,    0,    0,    0,    0,    0,    0,    0,    0, -999,  26.72,  26.98,  27.27,  27.38,  27.51,  27.51,  27.63,  27.61,  27.55,  27.68,  27.86,  28.00,  28.10,  28.18,  28.21,  28.00,  28.02,  28.31,  28.44,  28.21,  28.12,  27.97,  27.57,  28.06,  28.14,  28.15,  28.16,  28.06,  28.32,  28.77,  29.20
20140629, 0600,  , LO, 30.5N,  77.4W,  20, 1017,    0,    0,    0,    0,    0,    0,    0,    0,    0,    0,    0,    0, -999,  26.85,  26.94,  27.04,  27.06,  27.13,  27.04,  27.03,  27.33,  27.63,  27.68,  27.74,  27.99,  28.13,  28.41,  28.70,  28.59,  28.33,  28.26,  28.09,  28.00,  27.78,  27.66,  27.55,  28.19,  28.26,  28.33,  28.39,  28.39,  28.55,  28.68,  28.88
20140629, 1200,  , LO, 30.0N,  77.2W,  20, 1016,    0,    0,    0,    0,    0,    0,    0,    0,    0,    0,    0,    0, -999,  26.95,  27.00,  27.03,  27.02,  26.98,  26.85,  26.82,  27.10,  27.46,  27.70,  27.88,  28.08,  28.17,  28.44,  28.83,  28.61,  28.26,  28.14,  28.30,  28.10,  27.83,  27.73,  27.60,  28.29,  28.34,  28.40,  28.37,  28.42,  28.57,  28.75,  28.93
20140629, 1800,  , LO, 29.7N,  77.2W,  25, 1015,    0,    0,    0,    0,    0,    0,    0,    0,    0,    0,    0,    0, -999,  27.04,  27.06,  27.05,  27.14,  27.13,  26.95,  26.71,  26.75,  27.14,  27.57,  28.00,  28.30,  28.40,  28.57,  28.82,  28.63,  28.16,  27.98,  28.48,  28.16,  27.77,  27.69,  27.60,  28.30,  28.38,  28.29,  28.02,  28.22,  28.47,  28.73,  28.89
20140630, 0000,  , LO, 29.5N,  77.5W,  25, 1014,    0,    0,    0,    0,    0,    0,    0,    0,    0,    0,    0,    0, -999,  27.18,  27.29,  27.48,  27.53,  27.39,  27.02,  27.28,  27.65,  27.93,  28.17,  28.40,  28.53,  28.68,  28.80,  28.79,  28.21,  27.87,  28.10,  27.83,  27.53,  27.47,  27.38,  27.90,  27.95,  28.07,  28.11,  28.23,  28.37,  28.61,  28.85,  28.94
20140630, 0600,  , LO, 29.2N,  78.0W,  25, 1013,    0,    0,    0,    0,    0,    0,    0,    0,    0,    0,    0,    0, -999,  27.57,  27.81,  27.97,  27.96,  27.80,  27.52,  27.92,  28.09,  28.39,  28.41,  28.55,  28.66,  28.68,  28.74,  28.51,  28.04,  27.81,  27.56,  27.40,  27.45,  27.46,  27.38,  27.91,  27.99,  28.14,  28.24,  28.48,  28.64,  28.90,  29.14,  29.10
20140630, 1200,  , LO, 28.7N,  78.4W,  25, 1011,    0,    0,    0,    0,    0,    0,    0,    0,    0,    0,    0,    0, -999,  27.25,  27.71,  27.76,  27.73,  27.66,  27.66,  27.66,  27.54,  27.97,  28.27,  28.41,  28.47,  28.41,  28.75,  28.66,  28.23,  27.95,  27.43,  26.82,  26.69,  26.76,  26.71,  28.09,  28.36,  28.69,  28.67,  28.73,  28.75,  28.95,  29.04,  28.94
20140630, 1800,  , LO, 28.1N,  78.7W,  30, 1010,    0,    0,    0,    0,    0,    0,    0,    0,    0,    0,    0,    0, -999,  28.11,  28.24,  28.00,  27.89,  27.86,  27.33,  27.25,  27.46,  28.30,  28.74,  28.84,  28.80,  28.66,  28.97,  29.12,  29.08,  28.86,  28.43,  27.59,  27.06,  27.02,  26.87,  28.90,  29.19,  29.19,  29.02,  28.85,  28.88,  28.99,  29.13,  29.13
20140701, 0000,  , TD, 27.7N,  78.9W,  30, 1008,    0,    0,    0,    0,    0,    0,    0,    0,    0,    0,    0,    0, -999,  28.27,  27.98,  28.00,  27.99,  27.49,  27.70,  27.75,  28.33,  28.69,  28.82,  28.81,  28.79,  29.10,  29.41,  29.47,  29.19,  28.67,  28.24,  27.93,  27.99,  27.81,  29.11,  29.09,  29.08,  28.96,  29.12,  29.32,  29.19,  29.26,  29.29,  28.74
20140701, 0600,  , TD, 27.5N,  79.1W,  30, 1007,    0,    0,    0,    0,    0,    0,    0,    0,    0,    0,    0,    0, -999,  28.56,  28.27,  28.18,  28.15,  27.84,  28.04,  28.12,  28.63,  28.95,  28.95,  28.94,  29.05,  29.24,  29.49,  29.58,  29.11,  28.95,  28.73,  28.43,  28.54,  28.62,  29.67,  29.60,  29.51,  29.33,  29.47,  29.62,  29.54,  29.48,  29.51,  28.94
20140701, 1200,  , TS, 27.5N,  79.2W,  35, 1005,    0,   40,   40,    0,    0,    0,    0,    0,    0,    0,    0,    0, -999,  28.56,  28.27,  28.18,  28.15,  27.84,  28.04,  28.12,  28.63,  28.95,  28.95,  28.94,  29.05,  29.24,  29.49,  29.58,  29.11,  28.95,  28.73,  28.43,  28.54,  28.62,  29.67,  29.60,  29.51,  29.33,  29.47,  29.62,  29.54,  29.48,  29.51,  28.94
20140701, 1800,  , TS, 27.7N,  79.3W,  40, 1003,   40,   60,   50,   40,    0,    0,    0,    0,    0,    0,    0,    0, -999,  28.52,  28.42,  28.28,  28.21,  27.85,  28.19,  28.34,  28.74,  29.05,  28.97,  28.92,  29.17,  29.37,  29.44,  29.34,  28.62,  28.80,  28.91,  28.66,  28.88,  29.09,  29.88,  29.88,  29.67,  29.45,  29.58,  29.68,  29.68,  29.72,  29.60,  28.83
20140702, 0000,  , TS, 27.9N,  79.2W,  45,  999,   60,   70,   50,   40,    0,    0,    0,    0,    0,    0,    0,    0, -999,  28.26,  28.13,  28.11,  27.69,  27.77,  28.02,  28.73,  29.02,  28.99,  28.96,  28.96,  29.19,  29.37,  29.50,  29.10,  28.88,  28.37,  27.96,  27.96,  28.10,  29.56,  29.61,  29.43,  29.25,  29.17,  29.36,  29.34,  29.38,  29.42,  28.94,  29.24
20140702, 0600,  , TS, 28.2N,  79.1W,  50,  995,   60,   70,   50,   40,   30,   30,    0,    0,    0,    0,    0,    0, -999,  28.36,  28.29,  28.23,  27.67,  27.56,  27.60,  28.12,  28.84,  29.01,  28.93,  28.77,  29.07,  29.17,  29.11,  28.74,  28.36,  27.63,  27.30,  27.30,  27.26,  29.30,  29.61,  29.58,  29.31,  28.90,  29.11,  29.17,  29.23,  29.20,  28.90,  29.22
20140702, 1200,  , TS, 28.7N,  79.0W,  55,  995,   60,   70,   50,   40,   30,   30,    0,    0,    0,    0,    0,    0, -999,  28.17,  28.08,  28.08,  27.66,  27.52,  27.39,  27.72,  28.35,  28.54,  28.59,  28.52,  28.92,  28.88,  28.52,  28.35,  28.01,  27.21,  26.96,  26.99,  26.78,  28.62,  28.82,  29.07,  28.89,  28.68,  28.77,  28.98,  29.00,  28.91,  28.69,  28.92
20140702, 1800,  , TS, 29.4N,  79.1W,  60,  994,   70,   70,   60,   50,   30,   30,    0,   30,    0,    0,    0,    0, -999,  28.44,  28.39,  28.07,  28.01,  28.31,  28.51,  28.50,  28.76,  28.80,  28.72,  28.84,  29.11,  28.92,  28.32,  28.09,  27.98,  28.00,  28.10,  28.05,  27.77,  28.96,  28.94,  28.90,  28.75,  28.76,  28.92,  29.19,  29.05,  28.89,  28.85,  29.35
20140703, 0000,  , HU, 30.1N,  79.2W,  65,  987,   70,   80,   60,   50,   30,   30,   20,   30,   15,   15,    0,    0, -999,  28.28,  28.31,  28.46,  28.33,  28.38,  28.32,  28.85,  29.00,  28.95,  28.97,  29.14,  29.06,  28.33,  28.19,  28.09,  28.10,  27.93,  27.88,  27.72,  28.70,  28.83,  28.97,  29.09,  28.99,  29.18,  29.37,  29.40,  29.37,  29.19,  29.36,  29.44
20140703, 0600,  , HU, 30.9N,  79.1W,  70,  984,   70,   80,   60,   50,   30,   30,   20,   30,   15,   15,    0,    0, -999,  28.38,  28.59,  28.74,  28.73,  28.67,  28.62,  29.23,  29.19,  29.10,  29.02,  28.89,  28.83,  28.55,  28.60,  28.66,  28.66,  28.35,  28.15,  28.02,  28.92,  29.10,  29.57,  29.87,  29.75,  29.66,  29.61,  29.50,  29.47,  29.37,  29.44,  29.45
20140703, 1200,  , HU, 31.8N,  78.8W,  80,  981,  100,  100,   60,   50,   40,   50,   20,   30,   20,   20,    0,    0, -999,  28.62,  28.98,  28.87,  28.70,  28.59,  28.42,  28.55,  28.65,  28.68,  28.64,  28.51,  28.62,  28.77,  28.92,  29.04,  28.91,  28.74,  28.37,  27.77,  28.58,  29.11,  29.68,  29.78,  29.72,  29.48,  29.37,  29.30,  29.16,  29.08,  28.87,  28.85
20140703, 1800,  , HU, 32.9N,  78.3W,  80,  978,  110,  130,   80,   60,   50,   60,   20,   30,   30,   30,    0,   20, -999,  27.51,  27.66,  27.73,  27.72,  27.53,  27.50,  27.84,  28.23,  28.43,  28.56,  28.60,  28.03,  28.19,  28.46,  28.40,  28.25,  28.17,  27.98,  27.79,  27.58,  27.62,  27.89,  28.04,  27.98,  28.38,  28.65,  28.63,  28.54,  28.14,  28.06,  28.28
20140704, 0000,  , HU, 34.0N,  77.3W,  85,  975,  110,  130,   80,   60,   50,   80,   50,   30,   30,   35,   30,   20, -999,  26.50,  26.41,  26.39,  26.68,  26.70,  26.88,  27.07,  27.17,  27.34,  27.34,  27.17,  27.30,  27.48,  27.67,  27.72,  27.44,  27.19,  27.00,  27.05,  27.29,  27.48,  27.57,  27.60,  27.96,  28.11,  28.12,  27.86,  27.37,  27.12,  27.21,  27.04
20140704, 0315, L, HU, 34.7N,  76.6W,  85,  974,  110,  130,   80,   60,   50,   80,   50,   30,   30,   35,   30,   20,   20,    nan,    nan,    nan,    nan,    nan,    nan,    nan,    nan,    nan,    nan,    nan,    nan,    nan,    nan,    nan,    nan,    nan,    nan,    nan,    nan,    nan,    nan,    nan,    nan,    nan,    nan,    nan,    nan,    nan,    nan,    nan
20140704, 0600,  , HU, 35.3N,  76.0W,  85,  973,  100,  110,   90,   40,   50,   80,   50,   30,   30,   35,   30,   20, -999,  27.69,  27.34,  26.89,  27.58,  27.98,  27.89,  27.86,  27.86,  27.71,  27.57,  27.42,  27.68,  28.22,  28.48,  28.50,  28.31,  28.19,  27.64,  27.88,  28.19,  28.28,  28.03,  27.49,  28.03,  28.73,  28.93,  28.65,  27.97,  27.74,  27.80,  27.69
20140704, 0800, L, HU, 35.8N,  75.5W,  85,  973,  100,  110,   90,   40,   50,   80,   50,   30,   30,   35,   30,   20,   15,    nan,    nan,    nan,    nan,    nan,    nan,    nan,    nan,    nan,    nan,    nan,    nan,    nan,    nan,    nan,    nan,    nan,    nan,    nan,    nan,    nan,    nan,    nan,    nan,    nan,    nan,    nan,    nan,    nan,    nan,    nan
20140704, 1200,  , HU, 36.8N,  74.4W,  80,  976,  100,  110,   90,   60,   60,   80,   40,   30,   25,   35,   20,   20, -999,  23.26,  23.20,  23.18,  23.26,  23.55,  23.51,  23.56,  24.22,  24.62,  24.07,  24.27,  25.27,  25.93,  25.85,  25.93,  26.06,  25.03,  24.04,  23.79,  23.52,  23.55,  23.71,  23.39,  23.90,  24.54,  24.76,  24.90,  25.08,  24.66,  24.59,  24.49
20140704, 1800,  , HU, 38.4N,  72.4W,  70,  978,  120,  140,  100,   70,   60,   90,   40,   30,   20,   60,   20,   10, -999,  22.86,  22.18,  22.26,  22.70,  23.03,  23.35,  23.79,  23.96,  23.96,  23.51,  23.46,  23.83,  24.15,  24.47,  24.90,  25.05,  24.17,  22.75,  22.83,  22.81,  23.14,  23.22,  23.49,  23.59,  23.88,  24.27,  24.68,  24.63,  24.38,  24.45,  24.34
20140705, 0000,  , HU, 40.2N,  69.7W,  65,  976,  120,  140,  100,   70,   60,  100,   70,   40,   45,   60,   45,    0, -999,  21.38,  21.29,  20.64,  21.02,  21.55,  22.62,  22.63,  21.70,  21.15,  20.30,  20.79,  21.77,  22.39,  22.99,  22.84,  21.11,  20.25,  20.13,  20.77,  20.90,  20.66,  20.59,  21.23,  21.54,  22.11,  22.36,  22.73,  22.49,  22.15,  22.52,  22.45
20140705, 0600,  , TS, 42.3N,  67.6W,  60,  981,  120,  140,  100,   70,   50,  100,   70,   40,    0,    0,    0,    0, -999,  12.67,  12.83,  13.35,  14.71,  14.92,  14.81,  14.50,  13.96,  14.53,  14.66,  14.54,  14.98,  15.34,  16.18,  16.31,  14.41,  14.31,  14.32,  14.57,  14.58,  14.67,  16.47,  16.57,  16.46,  16.19,  16.66,  17.36,  17.15,  16.19,  16.04,  16.22
20140705, 1200,  , EX, 44.1N,  66.5W,  60,  982,  140,  180,  140,   70,    0,   60,   90,    0,    0,    0,    0,    0, -999,   8.41,   8.50,   9.64,  10.35,  10.34,  10.34,   9.78,   9.85,  10.60,  11.51,  11.77,  11.85,  12.16,  13.29,  13.45,  10.96,  10.60,  11.06,  12.86,  12.86,  12.20,  12.12,  12.21,  12.25,  12.28,  12.65,  12.66,  12.58,  12.83,  12.95,  13.07
20140705, 1800,  , EX, 45.9N,  65.3W,  55,  980,  210,  180,  220,  100,    0,    0,   90,    0,    0,    0,    0,    0, -999,    nan,    nan,    nan,    nan,    nan,    nan,    nan,    nan,    nan,    nan,    nan,    nan,    nan,    nan,    nan,    nan,    nan,    nan,    nan,    nan,    nan,    nan,    nan,    nan,    nan,    nan,    nan,    nan,    nan,    nan,    nan
20140706, 0000,  , EX, 47.1N,  64.0W,  50,  981,   90,  110,  180,  180,    0,    0,   90,    0,    0,    0,    0,    0, -999,  11.62,  12.42,  12.42,  12.64,  13.30,  13.59,  14.20,  16.30,  17.64,  17.82,  17.87,  18.18,  18.18,  18.14,  14.16,  13.79,  14.75,  15.86,  15.91,  15.81,  16.33,  16.96,  16.89,  16.33,  16.31,  16.23,  17.03,  18.23,  18.43,  18.53,  19.51
20140706, 0600,  , EX, 47.6N,  62.4W,  45,  982,   90,  200,    0,    0,    0,    0,    0,    0,    0,    0,    0,    0, -999,  10.25,  10.82,  11.35,  11.38,  11.79,  12.26,  12.39,  13.51,  14.90,  15.68,  16.84,  17.00,  17.11,  17.11,  16.05,  12.84,  13.55,  13.93,  14.63,  14.62,  14.71,  15.14,  15.52,  15.53,  15.36,  15.58,  15.78,  16.37,  17.28,  17.49,  18.18
20140706, 1200,  , EX, 48.5N,  60.2W,  40,  986,    0,  150,    0,    0,    0,    0,    0,    0,    0,    0,    0,    0, -999,   9.29,   9.45,  10.09,  10.40,  10.54,  11.72,  12.05,  12.77,  13.53,  13.76,  14.15,  14.23,  14.33,  14.32,  14.12,  11.72,  11.77,  11.84,  13.07,  12.78,  12.72,  13.02,  13.35,  13.44,  13.38,  13.62,  14.08,  14.21,  14.70,  15.20,  15.60
20140706, 1800,  , EX, 50.3N,  58.1W,  35,  989,    0,  180,    0,    0,    0,    0,    0,    0,    0,    0,    0,    0, -999,   6.84,   7.62,   7.77,   7.74,   9.04,   9.27,  10.47,  10.61,  10.72,  11.52,  12.52,  12.58,  12.77,  12.07,  10.64,  10.04,  10.47,  10.59,  12.13,  12.14,  11.07,  10.46,  10.80,  10.73,  10.54,  10.53,  10.78,  10.91,  11.40,  11.80,  12.32
20140707, 0000,  , EX, 52.3N,  56.4W,  35,  988,    0,  240,    0,    0,    0,    0,    0,    0,    0,    0,    0,    0, -999,    nan,    nan,    nan,    nan,    nan,    nan,    nan,    nan,    nan,    nan,    nan,    nan,    nan,    nan,    nan,    nan,    nan,    nan,    nan,    nan,    nan,    nan,    nan,    nan,    nan,    nan,    nan,    nan,    nan,    nan,    nan
20140707, 0600,  , EX, 54.2N,  55.4W,  35,  985,    0,  240,    0,    0,    0,    0,    0,    0,    0,    0,    0,    0, -999,   2.31,   2.58,   2.82,   3.38,   3.63,   4.90,   5.92,   6.47,   6.21,   5.09,   4.81,   4.84,   4.95,   5.04,   5.13,   4.76,   4.77,   4.79,   6.76,   7.12,   6.76,   6.56,   5.39,   4.99,   5.11,   5.31,   4.92,   5.76,   6.10,   6.97,   8.86
20140707, 1200,  , EX, 56.0N,  54.7W,  35,  984,  320,  240,    0,    0,    0,    0,    0,    0,    0,    0,    0,    0, -999,   4.00,   4.46,   4.71,   4.93,   5.93,   6.64,   6.51,   6.21,   6.07,   5.88,   6.10,   6.89,   6.76,   6.74,   6.78,   6.18,   6.53,   7.54,   7.39,   7.11,   6.99,   7.05,   7.08,   6.64,   6.57,   6.56,   6.68,   6.95,   7.88,   8.57,   9.35
20140707, 1800,  , EX, 57.3N,  54.2W,  40,  985,  320,  240,  160,    0,    0,    0,    0,    0,    0,    0,    0,    0, -999,   7.45,   7.52,   6.45,   6.28,   6.92,   7.34,   7.40,   7.39,   7.34,   7.35,   7.31,   8.13,   8.21,   8.14,   7.81,   7.71,   7.63,   7.43,   7.38,   7.94,   7.93,   7.92,   7.95,   8.65,   8.34,   8.03,   8.15,   8.34,   8.70,   9.15,   9.79
20140708, 0000,  , EX, 58.1N,  54.1W,  45,  988,  320,  200,  150,    0,    0,    0,    0,    0,    0,    0,    0,    0, -999,   6.92,   6.68,   6.62,   7.05,   7.50,   7.52,   7.51,   7.51,   7.55,   7.71,   8.82,   8.76,   8.54,   8.12,   8.06,   7.57,   7.12,   6.64,   6.80,   6.91,   6.99,   7.05,   8.14,   7.90,   7.85,   7.78,   7.78,   8.05,   8.19,   8.52,   8.71
20140708, 0600,  , EX, 58.9N,  54.7W,  40,  991,  320,  180,  120,    0,    0,    0,    0,    0,    0,    0,    0,    0, -999,   6.04,   6.64,   6.73,   7.09,   7.49,   7.61,   7.55,   7.28,   7.24,   7.06,   8.80,   9.12,   8.95,   8.46,   8.35,   8.33,   7.61,   6.79,   6.61,   6.65,   6.17,   5.75,   7.12,   7.23,   7.44,   7.59,   7.66,   7.81,   8.60,   8.73,   8.79
20140708, 1200,  , EX, 59.4N,  56.1W,  35,  993,  320,    0,    0,    0,    0,    0,    0,    0,    0,    0,    0,    0, -999,   5.74,   5.79,   5.81,   6.33,   6.56,   6.54,   6.45,   6.27,   6.27,   6.36,   7.57,   7.47,   7.41,   7.25,   7.23,   7.02,   6.98,   6.98,   7.20,   6.93,   6.09,   6.52,   7.63,   7.39,   7.26,   7.37,   7.37,   7.34,   8.71,   8.91,   8.94
20140708, 1800,  , EX, 60.0N,  57.0W,  30,  995,    0,    0,    0,    0,    0,    0,    0,    0,    0,    0,    0,    0, -999,   5.96,   5.12,   5.09,   5.47,   5.63,   5.37,   5.54,   5.96,   6.00,   5.98,   6.41,   6.03,   6.41,   6.33,   6.32,   6.04,   5.89,   5.89,   6.08,   5.49,   4.89,   5.64,   6.46,   6.68,   6.96,   7.32,   7.63,   7.69,   8.89,   8.73,   8.69
20140709, 0000,  , EX, 60.3N,  56.7W,  30,  997,    0,    0,    0,    0,    0,    0,    0,    0,    0,    0,    0,    0, -999,   5.40,   5.27,   5.77,   6.04,   5.83,   5.81,   6.20,   6.29,   6.33,   6.52,   5.97,   6.53,   6.55,   6.55,   6.45,   6.38,   6.33,   6.42,   5.28,   4.84,   6.14,   6.96,   7.12,   7.36,   7.70,   7.97,   7.98,   8.75,   8.73,   8.74,   6.32
20140709, 0600,  , EX, 60.1N,  56.2W,  25, 1001,    0,    0,    0,    0,    0,    0,    0,    0,    0,    0,    0,    0, -999,   5.75,   5.70,   6.16,   6.63,   6.55,   6.47,   6.51,   6.47,   6.51,   7.03,   6.84,   7.13,   7.10,   7.08,   6.74,   6.57,   6.57,   6.72,   5.42,   4.21,   6.00,   7.03,   7.26,   7.33,   7.73,   7.93,   7.92,   8.87,   8.89,   8.90,   6.54
20140709, 1200,  , EX, 59.8N,  55.7W,  25, 1005,    0,    0,    0,    0,    0,    0,    0,    0,    0,    0,    0,    0, -999,   5.81,   5.79,   6.27,   6.58,   6.56,   6.46,   6.39,   6.40,   6.45,   7.47,   7.41,   7.43,   7.32,   7.30,   6.96,   6.77,   6.76,   6.95,   6.14,   5.00,   6.10,   7.16,   7.24,   7.34,   7.61,   7.64,   7.61,   8.73,   8.89,   8.92,   6.75
20140709, 1800,  , EX, 59.5N,  55.0W,  25, 1008,    0,    0,    0,    0,    0,    0,    0,    0,    0,    0,    0,    0, -999,   6.05,   6.10,   6.47,   6.84,   6.93,   6.74,   6.65,   6.65,   6.70,   7.45,   7.46,   7.46,   7.45,   7.50,   6.81,   6.37,   6.25,   6.29,   5.68,   5.11,   6.32,   7.31,   7.33,   7.40,   7.78,   7.87,   7.83,   8.77,   8.94,   8.95,   6.94
