AL011998,               ALEX,     26,
19980727, 1200,  , TD, 11.3N,  25.4W,  25, 1009, -999, -999, -999, -999, -999, -999, -999, -999, -999, -999, -999, -999, -999,  26.79,  26.55,  26.24,  26.70,  26.85,  26.75,  26.71,  26.43,  26.50,  26.42,  26.29,  26.32,  26.85,  27.00,  26.52,  26.06,  25.86,  25.75,  26.99,  26.55,  26.50,  26.55,  26.51,  26.24,  26.17,  26.21,  26.45,  26.10,  26.21,  26.60,  27.74
19980727, 1800,  , TD, 11.7N,  27.2W,  25, 1009, -999, -999, -999, -999, -999, -999, -999, -999, -999, -999, -999, -999, -999,  26.84,  27.01,  25.90,  25.60,  26.36,  26.69,  26.72,  26.54,  26.50,  26.49,  25.63,  25.58,  25.97,  26.23,  25.90,  25.88,  26.54,  26.56,  26.95,  26.01,  25.56,  25.67,  25.86,  26.08,  26.67,  27.26,  26.42,  26.30,  26.43,  26.44,  26.78
19980728, 0000,  , TD, 12.2N,  29.2W,  25, 1009, -999, -999, -999, -999, -999, -999, -999, -999, -999, -999, -999, -999, -999,  27.30,  26.51,  26.82,  26.92,  27.06,  26.47,  26.39,  26.45,  26.18,  25.64,  25.66,  25.84,  26.25,  26.20,  26.26,  26.75,  26.89,  27.52,  27.33,  27.45,  27.24,  26.84,  26.48,  27.04,  26.97,  26.98,  26.96,  26.63,  26.55,  27.38,  27.91
19980728, 0600,  , TD, 12.6N,  31.3W,  25, 1008, -999, -999, -999, -999, -999, -999, -999, -999, -999, -999, -999, -999, -999,  26.96,  26.62,  26.57,  26.57,  26.76,  26.76,  27.03,  27.49,  26.88,  26.36,  26.26,  26.14,  25.95,  25.92,  25.94,  27.38,  27.15,  27.00,  26.99,  27.41,  27.27,  27.26,  26.92,  26.88,  27.27,  27.57,  27.57,  26.88,  26.97,  27.14,  27.15
19980728, 1200,  , TD, 12.9N,  33.3W,  30, 1007, -999, -999, -999, -999, -999, -999, -999, -999, -999, -999, -999, -999, -999,  27.09,  27.21,  27.17,  26.79,  26.54,  26.55,  27.17,  27.37,  27.04,  26.30,  26.10,  25.92,  25.82,  25.96,  25.98,  27.87,  27.92,  27.02,  27.28,  27.29,  27.80,  27.84,  27.12,  27.21,  27.11,  27.39,  27.65,  27.34,  27.20,  27.74,  28.21
19980728, 1800,  , TD, 13.1N,  35.1W,  30, 1006, -999, -999, -999, -999, -999, -999, -999, -999, -999, -999, -999, -999, -999,  27.06,  27.67,  27.69,  26.77,  26.78,  27.14,  27.28,  27.27,  27.28,  27.13,  26.32,  26.18,  27.08,  26.99,  26.92,  27.24,  27.39,  26.76,  27.04,  27.29,  27.82,  27.48,  26.43,  26.82,  27.21,  27.27,  27.48,  27.96,  27.17,  27.72,  28.34
19980729, 0000,  , TS, 13.3N,  36.8W,  35, 1005, -999, -999, -999, -999, -999, -999, -999, -999, -999, -999, -999, -999, -999,  27.35,  27.25,  27.01,  27.15,  27.08,  26.77,  26.66,  26.84,  26.86,  26.79,  26.82,  27.43,  27.44,  27.11,  26.36,  26.94,  27.02,  26.81,  26.84,  27.41,  26.24,  26.23,  27.02,  27.09,  27.52,  27.42,  28.41,  27.22,  27.24,  27.96,  28.25
19980729, 0600,  , TS, 13.5N,  38.5W,  35, 1005, -999, -999, -999, -999, -999, -999, -999, -999, -999, -999, -999, -999, -999,  26.09,  26.15,  26.34,  26.35,  26.33,  25.63,  25.85,  26.26,  26.35,  26.43,  25.51,  26.08,  26.91,  27.25,  26.86,  27.17,  27.61,  27.45,  27.49,  27.38,  26.74,  26.75,  27.22,  27.31,  28.13,  27.64,  27.80,  27.03,  27.40,  27.61,  28.15
19980729, 1200,  , TS, 13.7N,  40.0W,  35, 1005, -999, -999, -999, -999, -999, -999, -999, -999, -999, -999, -999, -999, -999,  26.74,  26.54,  26.46,  25.95,  25.94,  25.63,  25.80,  26.24,  26.89,  26.90,  26.10,  26.43,  27.20,  26.70,  26.22,  26.05,  27.09,  27.11,  27.44,  28.07,  28.13,  27.34,  27.24,  27.33,  27.98,  27.55,  28.25,  27.79,  27.76,  28.23,  28.34
19980729, 1800,  , TS, 13.9N,  41.3W,  35, 1005, -999, -999, -999, -999, -999, -999, -999, -999, -999, -999, -999, -999, -999,  26.91,  27.19,  27.14,  26.69,  26.29,  26.20,  26.19,  26.33,  27.05,  26.83,  26.22,  26.50,  27.11,  26.72,  26.33,  26.33,  26.89,  26.83,  27.32,  27.81,  27.84,  27.55,  27.59,  27.77,  28.06,  27.57,  27.94,  28.08,  28.05,  28.31,  28.28
19980730, 0000,  , TS, 14.2N,  42.6W,  35, 1005, -999, -999, -999, -999, -999, -999, -999, -999, -999, -999, -999, -999, -999,  27.25,  26.79,  26.45,  26.56,  26.75,  26.52,  26.40,  26.44,  26.79,  26.75,  26.76,  27.01,  26.88,  27.14,  26.87,  26.89,  27.16,  27.96,  28.24,  27.08,  26.82,  27.36,  27.86,  27.77,  27.36,  27.16,  27.99,  28.11,  28.28,  28.22,  28.49
19980730, 0600,  , TS, 14.4N,  43.9W,  40, 1003, -999, -999, -999, -999, -999, -999, -999, -999, -999, -999, -999, -999, -999,  27.53,  27.04,  26.30,  26.55,  26.64,  26.33,  26.36,  26.38,  26.86,  26.78,  26.87,  27.03,  26.97,  27.38,  26.99,  26.85,  27.56,  27.67,  28.03,  27.28,  26.95,  27.57,  28.55,  28.19,  27.86,  27.18,  27.36,  28.22,  28.53,  28.48,  28.67
19980730, 1200,  , TS, 14.7N,  45.0W,  40, 1003, -999, -999, -999, -999, -999, -999, -999, -999, -999, -999, -999, -999, -999,  27.46,  27.42,  26.45,  26.54,  26.57,  26.50,  26.81,  26.35,  26.79,  27.00,  26.98,  27.07,  27.08,  27.51,  26.93,  26.74,  27.40,  27.49,  28.02,  28.10,  27.28,  27.43,  28.40,  28.44,  28.38,  27.37,  27.43,  28.19,  28.63,  28.75,  28.75
19980730, 1800,  , TS, 15.1N,  46.1W,  45, 1003, -999, -999, -999, -999, -999, -999, -999, -999, -999, -999, -999, -999, -999,  27.65,  27.76,  26.58,  26.92,  26.87,  26.87,  26.88,  26.82,  26.26,  26.86,  27.09,  26.89,  27.24,  27.58,  26.99,  27.17,  27.51,  27.68,  27.70,  28.06,  27.91,  27.41,  28.19,  28.50,  27.90,  27.53,  27.40,  28.25,  28.53,  28.59,  28.59
19980731, 0000,  , TS, 15.4N,  47.1W,  45, 1002, -999, -999, -999, -999, -999, -999, -999, -999, -999, -999, -999, -999, -999,  27.84,  26.69,  26.79,  26.84,  26.92,  26.58,  26.42,  26.18,  27.05,  27.42,  27.02,  26.96,  27.28,  27.41,  27.70,  27.48,  27.44,  27.59,  28.02,  27.28,  26.92,  27.43,  27.52,  27.90,  27.97,  27.96,  28.02,  28.22,  28.30,  28.41,  28.02
19980731, 0600,  , TS, 15.6N,  48.1W,  45, 1003, -999, -999, -999, -999, -999, -999, -999, -999, -999, -999, -999, -999, -999,  27.75,  27.04,  26.96,  27.00,  26.83,  26.80,  26.82,  26.38,  26.69,  27.45,  27.00,  26.83,  27.07,  27.10,  27.30,  27.38,  27.51,  27.74,  27.66,  27.16,  26.96,  27.25,  27.26,  28.03,  28.18,  28.47,  28.03,  28.14,  28.21,  28.39,  27.95
19980731, 1200,  , TS, 15.7N,  49.2W,  45, 1003, -999, -999, -999, -999, -999, -999, -999, -999, -999, -999, -999, -999, -999,  27.94,  27.57,  26.85,  26.66,  26.25,  26.43,  27.00,  26.82,  26.94,  27.79,  27.49,  27.22,  27.64,  27.70,  27.57,  27.47,  27.54,  27.79,  27.79,  28.04,  27.27,  27.13,  27.08,  27.75,  28.01,  28.25,  27.88,  28.20,  28.47,  28.50,  28.53
19980731, 1800,  , TS, 15.8N,  50.4W,  40, 1005, -999, -999, -999, -999, -999, -999, -999, -999, -999, -999, -999, -999, -999,  27.80,  28.02,  28.04,  28.02,  26.59,  26.61,  27.04,  26.86,  26.87,  27.66,  27.54,  27.09,  27.11,  27.52,  27.53,  27.61,  27.75,  27.74,  27.69,  28.50,  28.35,  27.93,  27.65,  27.55,  27.61,  27.96,  27.76,  28.38,  28.69,  28.73,  28.79
19980801, 0000,  , TS, 15.9N,  51.7W,  35, 1007, -999, -999, -999, -999, -999, -999, -999, -999, -999, -999, -999, -999, -999,  28.17,  28.15,  28.13,  26.70,  26.83,  27.21,  27.08,  26.86,  27.80,  27.69,  27.32,  27.28,  27.67,  27.93,  28.00,  27.96,  28.01,  28.03,  28.50,  28.49,  27.82,  27.69,  27.67,  27.77,  28.04,  28.03,  28.45,  28.73,  28.56,  28.50,  28.35
19980801, 0600,  , TS, 16.3N,  53.1W,  35, 1009, -999, -999, -999, -999, -999, -999, -999, -999, -999, -999, -999, -999, -999,  28.17,  28.14,  28.10,  27.02,  27.03,  27.36,  27.55,  27.09,  28.07,  28.25,  28.08,  27.04,  27.39,  28.33,  28.48,  28.36,  28.27,  28.40,  28.44,  28.45,  28.05,  28.16,  28.25,  28.07,  28.20,  28.65,  28.59,  28.70,  28.68,  28.72,  28.55
19980801, 1200,  , TS, 16.9N,  54.3W,  40, 1009, -999, -999, -999, -999, -999, -999, -999, -999, -999, -999, -999, -999, -999,  28.00,  27.87,  27.54,  27.10,  27.25,  27.58,  27.60,  27.25,  27.84,  28.18,  28.32,  27.71,  27.13,  28.34,  28.60,  28.20,  28.55,  28.63,  28.53,  28.73,  28.88,  28.76,  28.87,  27.91,  28.38,  28.87,  28.57,  28.69,  28.72,  28.31,  28.26
19980801, 1800,  , TS, 17.7N,  55.4W,  40, 1012, -999, -999, -999, -999, -999, -999, -999, -999, -999, -999, -999, -999, -999,  27.66,  26.97,  26.76,  26.99,  27.47,  27.82,  28.08,  27.23,  27.54,  27.68,  28.22,  28.18,  27.25,  28.16,  28.54,  28.43,  28.54,  28.59,  28.54,  28.93,  28.93,  28.64,  28.81,  27.88,  28.22,  28.65,  28.38,  28.55,  28.89,  28.74,  28.55
19980802, 0000,  , TS, 18.4N,  56.5W,  35, 1012, -999, -999, -999, -999, -999, -999, -999, -999, -999, -999, -999, -999, -999,  27.10,  26.96,  27.42,  27.55,  27.90,  28.11,  27.13,  26.98,  26.99,  27.90,  27.84,  27.57,  27.87,  28.46,  28.71,  28.44,  28.27,  28.23,  28.92,  28.83,  28.62,  28.67,  27.82,  28.08,  28.81,  28.31,  28.25,  29.02,  29.01,  28.76,  28.59
19980802, 0600,  , TS, 19.0N,  57.7W,  35, 1012, -999, -999, -999, -999, -999, -999, -999, -999, -999, -999, -999, -999, -999,  27.13,  26.85,  27.29,  27.46,  27.73,  27.75,  27.36,  27.23,  26.96,  27.71,  27.97,  27.86,  27.65,  27.94,  28.49,  28.31,  28.22,  28.16,  28.81,  28.83,  28.58,  28.58,  28.56,  27.92,  28.72,  28.06,  27.88,  28.52,  28.68,  28.75,  28.65
19980802, 1200,  , TS, 19.9N,  58.6W,  35, 1012, -999, -999, -999, -999, -999, -999, -999, -999, -999, -999, -999, -999, -999,  27.50,  27.45,  27.51,  27.53,  28.23,  28.41,  27.82,  27.78,  27.34,  27.51,  28.17,  28.20,  27.75,  27.95,  28.82,  28.72,  28.66,  28.54,  28.55,  28.55,  28.41,  28.56,  28.59,  27.53,  28.17,  28.28,  28.70,  28.70,  28.65,  28.68,  28.62
19980802, 1800,  , TD, 21.0N,  59.3W,  30, 1014, -999, -999, -999, -999, -999, -999, -999, -999, -999, -999, -999, -999, -999,  27.59,  27.59,  27.43,  27.27,  28.35,  28.57,  27.89,  27.84,  27.43,  27.78,  28.48,  28.46,  27.73,  27.73,  28.77,  28.72,  28.71,  29.01,  28.98,  28.62,  28.61,  28.84,  28.82,  27.43,  28.06,  28.20,  28.82,  28.69,  28.53,  28.53,  28.69
