AL012017,             ARLENE,     27,
20170416, 0600,  , EX, 35.8N,  50.3W,  55,  992,  180,  180,  360,  360,   90,   90,  180,  180,    0,    0,    0,    0, -999,  17.64,  17.59,  17.73,  17.64,  17.53,  17.52,  17.57,  17.83,  17.89,  17.91,  17.98,  17.98,  17.81,  17.76,  17.88,  18.05,  18.05,  18.12,  18.29,  18.43,  18.75,  18.82,  18.83,  18.97,  19.01,  18.99,  18.86,  19.07,  19.11,  18.97,  18.86
20170416, 1200,  , EX, 35.1N,  49.5W,  55,  989,  180,  180,  360,  360,   90,   90,  180,  180,    0,    0,    0,    0, -999,  17.98,  17.90,  17.90,  18.02,  17.83,  17.97,  18.26,  18.56,  18.72,  18.71,  18.62,  18.45,  18.44,  18.57,  18.69,  18.54,  18.74,  19.05,  19.20,  19.28,  19.47,  19.40,  19.39,  19.28,  19.15,  19.09,  18.97,  19.18,  19.24,  19.15,  18.86
20170416, 1800,  , EX, 34.4N,  48.7W,  55,  986,  180,  180,  360,  300,    0,    0,  180,  150,    0,    0,    0,    0, -999,  19.09,  19.02,  18.99,  19.18,  19.10,  19.19,  19.32,  19.46,  19.60,  19.69,  19.68,  19.61,  19.46,  19.35,  19.30,  19.46,  19.12,  19.08,  19.21,  19.33,  19.54,  19.50,  19.48,  19.46,  19.46,  19.47,  19.58,  19.72,  19.89,  20.24,  20.17
20170417, 0000,  , EX, 33.7N,  47.8W,  50,  987,  180,  180,  360,  300,    0,    0,  180,  150,    0,    0,    0,    0, -999,  19.54,  19.44,  19.41,  19.31,  19.11,  19.19,  19.16,  19.14,  19.41,  19.47,  19.43,  19.34,  19.32,  19.33,  19.34,  19.17,  19.22,  19.30,  19.44,  19.54,  19.61,  19.74,  19.87,  19.55,  19.47,  19.79,  19.88,  20.01,  20.26,  20.22,  19.80
20170417, 0600,  , EX, 33.2N,  47.0W,  45,  988,  150,  150,  300,  270,    0,    0,    0,    0,    0,    0,    0,    0, -999,  18.88,  18.93,  18.94,  18.69,  18.66,  18.85,  19.15,  19.17,  19.29,  19.35,  19.35,  19.15,  19.09,  19.12,  19.11,  18.87,  18.99,  19.14,  19.16,  19.24,  19.39,  19.54,  19.62,  19.48,  19.50,  19.54,  19.52,  19.58,  19.75,  19.61,  19.32
20170417, 1200,  , EX, 32.7N,  46.1W,  45,  989,  150,  150,  270,  240,    0,    0,    0,    0,    0,    0,    0,    0, -999,  18.46,  18.49,  18.47,  18.31,  18.36,  18.47,  18.83,  18.78,  18.83,  18.96,  19.04,  18.81,  18.76,  18.72,  18.70,  18.43,  18.51,  18.63,  18.72,  18.77,  18.92,  18.97,  18.99,  18.99,  19.04,  19.17,  19.18,  19.27,  19.40,  19.31,  19.31
20170417, 1800,  , EX, 32.3N,  45.3W,  40,  991,  150,  150,  240,  210,    0,    0,    0,    0,    0,    0,    0,    0, -999,  19.66,  19.74,  19.55,  19.39,  19.47,  19.68,  19.89,  20.13,  20.24,  20.47,  20.42,  20.24,  20.06,  19.86,  19.77,  19.68,  19.89,  19.86,  20.06,  20.09,  20.30,  20.32,  20.28,  20.10,  20.04,  20.01,  20.25,  20.27,  20.47,  20.40,  20.35
20170418, 0000,  , EX, 32.1N,  44.7W,  40,  993,  150,  150,  240,  210,    0,    0,    0,    0,    0,    0,    0,    0, -999,  20.03,  19.84,  19.64,  19.95,  20.00,  20.01,  20.19,  20.32,  20.56,  20.38,  20.28,  20.03,  19.94,  19.89,  19.97,  20.14,  20.19,  20.21,  20.16,  20.26,  20.23,  20.16,  19.97,  19.96,  20.01,  20.25,  20.39,  20.49,  20.50,  20.41,  20.43
20170418, 0600,  , EX, 31.9N,  44.4W,  35,  994,  150,  150,  240,  210,    0,    0,    0,    0,    0,    0,    0,    0, -999,  20.05,  19.91,  19.85,  20.13,  20.12,  20.08,  20.17,  20.21,  20.32,  20.10,  19.97,  19.85,  19.85,  19.79,  19.77,  19.97,  20.04,  20.11,  20.13,  20.33,  20.23,  20.17,  20.07,  20.05,  20.19,  20.47,  20.60,  20.64,  20.59,  20.47,  20.57
20170418, 1200,  , EX, 31.6N,  44.1W,  35,  995,  150,  150,  240,  210,    0,    0,    0,    0,    0,    0,    0,    0, -999,  20.07,  19.96,  19.90,  20.07,  20.11,  20.12,  20.18,  20.21,  20.24,  20.17,  20.10,  20.03,  20.10,  20.01,  19.90,  20.02,  20.16,  20.28,  20.26,  20.52,  20.43,  20.47,  20.45,  20.46,  20.58,  20.79,  20.89,  20.92,  20.83,  20.65,  20.78
20170418, 1800,  , EX, 31.1N,  43.5W,  30,  996,    0,    0,    0,    0,    0,    0,    0,    0,    0,    0,    0,    0, -999,  20.62,  20.55,  20.52,  20.54,  20.69,  20.77,  20.78,  20.72,  20.67,  20.97,  21.00,  20.98,  21.01,  20.91,  20.75,  20.84,  20.97,  20.90,  20.92,  20.96,  20.81,  20.86,  21.02,  20.92,  20.97,  21.04,  21.17,  21.27,  21.25,  20.87,  20.92
20170419, 0000,  , SD, 31.1N,  42.6W,  30,  996,    0,    0,    0,    0,    0,    0,    0,    0,    0,    0,    0,    0, -999,  20.94,  20.83,  20.87,  20.97,  21.02,  20.96,  20.86,  20.83,  21.05,  21.04,  21.06,  21.04,  20.94,  20.97,  20.94,  21.03,  21.08,  21.19,  21.13,  20.98,  21.02,  21.14,  20.96,  21.05,  21.09,  21.30,  21.47,  21.47,  21.15,  21.04,  20.98
20170419, 0600,  , SD, 31.3N,  41.8W,  30,  996,    0,    0,    0,    0,    0,    0,    0,    0,    0,    0,    0,    0, -999,  20.98,  20.74,  20.76,  20.65,  20.77,  20.65,  20.51,  20.47,  20.51,  20.45,  20.34,  20.17,  19.94,  20.02,  20.08,  20.30,  20.44,  20.46,  20.47,  20.48,  20.42,  20.35,  20.09,  20.24,  20.25,  20.48,  20.53,  20.37,  20.15,  20.02,  20.00
20170419, 1200,  , SD, 31.7N,  41.1W,  30,  996,    0,    0,    0,    0,    0,    0,    0,    0,    0,    0,    0,    0, -999,  20.16,  19.88,  19.99,  19.95,  19.98,  19.89,  19.66,  19.61,  19.74,  19.87,  19.92,  19.82,  19.75,  19.73,  19.92,  20.13,  20.19,  20.13,  20.10,  20.13,  20.14,  20.12,  19.94,  20.07,  20.20,  20.30,  20.40,  20.21,  20.01,  19.88,  19.98
20170419, 1800,  , SD, 32.1N,  40.4W,  30,  996,    0,    0,    0,    0,    0,    0,    0,    0,    0,    0,    0,    0, -999,  19.31,  19.06,  19.08,  19.27,  19.31,  19.31,  19.02,  19.02,  19.14,  19.28,  19.31,  19.05,  19.04,  19.08,  19.50,  19.85,  19.97,  20.03,  19.93,  19.97,  19.98,  19.96,  19.84,  19.87,  20.13,  20.16,  20.29,  20.24,  19.79,  19.53,  19.59
20170420, 0000,  , TD, 32.8N,  39.6W,  30,  996,    0,    0,    0,    0,    0,    0,    0,    0,    0,    0,    0,    0, -999,  19.13,  19.30,  19.54,  19.51,  19.46,  19.27,  19.20,  19.11,  19.13,  19.09,  19.05,  19.08,  19.27,  19.25,  19.35,  19.29,  19.25,  19.20,  19.30,  19.39,  19.38,  19.37,  19.45,  19.61,  19.73,  19.77,  19.60,  19.28,  19.19,  19.20,  19.21
20170420, 0600,  , TS, 33.8N,  39.2W,  35,  994,   60,   60,    0,    0,    0,    0,    0,    0,    0,    0,    0,    0, -999,  19.20,  19.11,  19.51,  19.40,  19.34,  19.13,  19.30,  19.36,  19.37,  19.48,  19.43,  19.48,  19.33,  19.34,  19.36,  19.71,  19.84,  19.67,  19.46,  19.62,  19.78,  19.77,  19.92,  19.96,  20.12,  20.02,  19.80,  19.63,  19.42,  19.42,  19.56
20170420, 1200,  , TS, 35.4N,  39.6W,  35,  994,   60,   60,    0,    0,    0,    0,    0,    0,    0,    0,    0,    0, -999,  17.96,  18.07,  18.32,  18.13,  18.21,  18.20,  18.18,  18.03,  18.00,  18.00,  18.00,  18.21,  18.20,  18.43,  18.47,  18.54,  18.51,  18.52,  18.44,  18.70,  18.86,  18.82,  18.70,  18.78,  19.13,  19.03,  18.93,  18.31,  18.25,  18.41,  18.30
20170420, 1800,  , TS, 37.3N,  40.7W,  40,  992,   90,   90,    0,    0,    0,    0,    0,    0,    0,    0,    0,    0, -999,  17.96,  18.01,  18.02,  18.05,  18.21,  18.20,  17.87,  17.80,  17.96,  17.85,  17.96,  17.96,  17.80,  17.73,  17.70,  18.20,  18.14,  18.24,  18.31,  18.59,  18.64,  18.60,  18.39,  18.65,  18.50,  18.34,  18.06,  17.64,  17.55,  17.51,  17.83
20170421, 0000,  , TS, 39.0N,  43.0W,  45,  990,  120,   90,    0,    0,    0,    0,    0,    0,    0,    0,    0,    0, -999,  17.67,  17.51,  17.67,  17.71,  17.59,  17.39,  17.35,  17.43,  17.60,  17.47,  17.31,  16.95,  17.23,  17.49,  17.69,  17.70,  18.00,  18.10,  18.28,  18.29,  18.24,  18.16,  18.24,  18.36,  18.31,  18.09,  18.09,  17.82,  17.58,  17.61,  17.50
20170421, 0600,  , TS, 40.0N,  46.3W,  45,  990,  120,   90,    0,  120,    0,    0,    0,    0,    0,    0,    0,    0, -999,  16.10,  16.15,  16.28,  16.05,  15.96,  16.27,  16.52,  16.87,  17.41,  17.44,  16.59,  16.77,  16.79,  16.89,  16.90,  16.62,  16.74,  17.28,  17.38,  17.06,  16.86,  17.27,  17.73,  17.71,  17.61,  17.15,  16.47,  16.35,  16.58,  16.66,  16.79
20170421, 1200,  , EX, 39.9N,  49.3W,  45,  990,   90,   90,   90,  120,    0,    0,    0,    0,    0,    0,    0,    0, -999,  16.43,  16.63,  16.88,  17.11,  17.34,  17.34,  17.21,  16.99,  16.85,  16.83,  17.05,  17.85,  17.71,  17.72,  18.16,  18.55,  18.67,  18.61,  18.09,  18.29,  18.46,  18.48,  18.84,  18.68,  18.59,  19.06,  19.18,  19.03,  18.92,  18.26,  17.14
20170421, 1800,  , EX, 38.5N,  50.8W,  40,  992,   90,   90,  120,  120,    0,    0,    0,    0,    0,    0,    0,    0, -999,  17.80,  17.64,  17.54,  17.55,  17.56,  17.27,  17.34,  17.27,  17.19,  17.15,  17.28,  18.03,  18.14,  18.10,  18.00,  18.03,  17.97,  17.98,  18.09,  18.19,  18.39,  19.08,  19.10,  18.82,  18.76,  18.63,  18.37,  18.49,  18.54,  18.56,  18.39
20170422, 0000,  , EX, 36.3N,  51.2W,  40,  994,    0,   90,  120,  120,    0,    0,    0,    0,    0,    0,    0,    0, -999,  17.90,  18.05,  17.97,  18.11,  18.27,  18.60,  18.29,  18.02,  17.94,  17.97,  17.98,  17.88,  17.82,  17.69,  17.64,  18.17,  18.25,  18.23,  18.19,  18.26,  18.43,  18.94,  19.04,  18.75,  18.60,  18.62,  18.54,  18.54,  18.69,  18.59,  18.76
20170422, 0600,  , EX, 34.7N,  50.0W,  40,  996,    0,   90,  120,   90,    0,    0,    0,    0,    0,    0,    0,    0, -999,  18.02,  18.57,  18.81,  18.82,  18.70,  18.50,  18.55,  18.60,  18.66,  18.71,  18.64,  18.67,  18.91,  18.94,  18.99,  19.10,  19.19,  19.05,  18.80,  18.90,  18.87,  18.91,  18.61,  18.72,  18.42,  18.21,  18.50,  18.91,  18.98,  18.70,  18.73
20170422, 1200,  , EX, 32.8N,  48.7W,  35,  999,    0,   90,  120,    0,    0,    0,    0,    0,    0,    0,    0,    0, -999,  19.43,  19.57,  19.76,  19.92,  19.99,  19.79,  19.68,  19.45,  19.59,  19.73,  19.32,  19.30,  19.31,  19.49,  19.55,  19.63,  19.69,  19.73,  19.73,  19.74,  19.73,  19.76,  19.68,  20.08,  20.06,  19.93,  20.01,  20.02,  20.10,  19.80,  19.53
20170422, 1800,  , EX, 31.9N,  46.4W,  30, 1001,    0,    0,    0,    0,    0,    0,    0,    0,    0,    0,    0,    0, -999,  19.44,  19.79,  19.87,  19.84,  19.93,  20.12,  19.89,  19.73,  19.69,  19.64,  19.21,  19.14,  19.11,  19.25,  19.36,  19.44,  19.22,  19.20,  19.15,  19.23,  19.71,  20.05,  20.02,  20.09,  19.91,  19.76,  19.90,  20.08,  20.04,  19.78,  19.72
