AL011997,            UNNAMED,      9,
19970531, 1800,  , LO, 28.5N,  77.4W,  25, 1011, -999, -999, -999, -999, -999, -999, -999, -999, -999, -999, -999, -999, -999,  25.36,  25.25,  25.54,  26.27,  25.96,  25.91,  25.89,  25.60,  25.68,  25.65,  25.67,  25.75,  25.62,  25.28,  25.23,  25.08,  25.29,  25.31,  25.55,  25.94,  26.21,  26.28,  26.07,  26.17,  26.16,  25.88,  26.11,  26.11,  25.83,  25.84,  26.25
19970601, 0000,  , LO, 29.5N,  77.1W,  25, 1009, -999, -999, -999, -999, -999, -999, -999, -999, -999, -999, -999, -999, -999,  25.55,  25.59,  25.77,  25.77,  25.81,  25.49,  25.36,  25.77,  25.81,  25.59,  25.59,  25.65,  25.15,  25.15,  25.29,  25.48,  25.46,  25.75,  25.77,  25.77,  25.79,  25.24,  25.37,  25.50,  24.97,  24.50,  25.18,  25.43,  25.45,  25.60,  26.54
19970601, 0600,  , SD, 31.2N,  76.3W,  30, 1006, -999, -999, -999, -999, -999, -999, -999, -999, -999, -999, -999, -999, -999,  23.86,  23.93,  24.13,  24.83,  24.56,  24.21,  24.29,  24.44,  24.46,  24.20,  24.17,  24.28,  24.10,  24.18,  24.29,  24.42,  24.45,  25.68,  25.69,  25.71,  25.75,  24.58,  24.52,  24.87,  24.88,  24.84,  24.88,  24.95,  24.92,  24.95,  24.99
19970601, 1200,  , SS, 33.2N,  75.3W,  35, 1003, -999, -999, -999, -999, -999, -999, -999, -999, -999, -999, -999, -999, -999,  24.92,  25.14,  25.17,  25.07,  24.74,  24.53,  24.29,  23.63,  23.17,  23.02,  23.46,  23.65,  23.75,  24.03,  24.14,  24.15,  23.93,  23.82,  24.10,  24.31,  24.11,  24.05,  23.97,  24.21,  24.78,  24.99,  25.75,  25.93,  25.89,  25.80,  25.70
19970601, 1800,  , SS, 35.5N,  74.1W,  45, 1004, -999, -999, -999, -999, -999, -999, -999, -999, -999, -999, -999, -999, -999,  25.29,  25.69,  25.79,  25.35,  25.29,  25.48,  25.83,  25.34,  24.93,  24.75,  24.92,  25.06,  25.03,  25.06,  25.18,  25.22,  24.70,  24.37,  24.07,  23.94,  23.98,  24.00,  23.93,  24.41,  24.55,  24.83,  24.91,  24.44,  24.03,  23.82,  25.74
19970602, 0000,  , SS, 37.6N,  72.2W,  45, 1006, -999, -999, -999, -999, -999, -999, -999, -999, -999, -999, -999, -999, -999,  16.99,  17.27,  17.29,  17.41,  16.91,  16.74,  16.87,  16.88,  16.76,  17.08,  17.40,  17.41,  17.05,  17.66,  17.64,  17.27,  17.14,  17.09,  16.60,  16.49,  16.56,  18.27,  19.47,  19.14,  18.59,  18.73,  18.61,  18.49,  18.75,  19.00,  18.81
19970602, 0600,  , SS, 39.5N,  70.4W,  40, 1008, -999, -999, -999, -999, -999, -999, -999, -999, -999, -999, -999, -999, -999,  11.88,  12.28,  12.31,  11.77,  11.72,  11.65,  11.77,  11.78,  11.78,  12.06,  12.44,  12.62,  12.53,  12.47,  12.74,  12.82,  12.95,  13.23,  13.64,  13.76,  13.83,  14.12,  14.94,  14.99,  13.99,  13.68,  13.84,  15.98,  17.50,  17.11,  16.57
19970602, 1200,  , SS, 40.0N,  68.4W,  35, 1009, -999, -999, -999, -999, -999, -999, -999, -999, -999, -999, -999, -999, -999,  12.74,  13.36,  13.03,  13.11,  13.40,  13.20,  12.11,  12.02,  12.30,  14.48,  15.14,  15.34,  15.42,  15.47,  15.67,  15.68,  14.95,  14.74,  15.23,  15.91,  15.93,  15.15,  15.70,  15.70,  15.39,  15.75,  15.76,  15.98,  16.39,  17.42,  17.88
19970602, 1800,  , EX, 40.0N,  66.3W,  30, 1012, -999, -999, -999, -999, -999, -999, -999, -999, -999, -999, -999, -999, -999,  15.40,  16.11,  15.86,  16.05,  15.27,  14.55,  14.91,  14.84,  14.62,  14.68,  14.58,  14.49,  14.79,  15.22,  15.42,  15.59,  15.83,  15.87,  15.83,  15.94,  16.60,  16.76,  15.60,  15.98,  16.99,  17.52,  17.74,  18.21,  18.41,  18.35,  18.25
