AL012005,             ARLENE,     26,
20050608, 1800,  , TD, 16.9N,  84.0W,  25, 1004,    0,    0,    0,    0,    0,    0,    0,    0,    0,    0,    0,    0, -999,  29.61,  29.53,  29.38,  28.68,  29.18,  29.25,  29.18,  29.35,  29.38,  28.46,  28.45,  28.48,  28.50,  28.47,  28.01,  27.76,  27.77,  28.05,  28.60,  28.64,  28.97,  29.13,  28.59,  28.58,  28.75,  28.65,  28.68,  29.25,  29.16,  28.92,  28.87
20050609, 0000,  , TD, 17.4N,  83.9W,  30, 1003,    0,    0,    0,    0,    0,    0,    0,    0,    0,    0,    0,    0, -999,  29.52,  29.29,  28.57,  29.36,  29.41,  29.21,  29.37,  29.38,  28.56,  28.48,  28.46,  28.37,  28.35,  27.96,  27.39,  27.31,  27.69,  28.04,  28.16,  28.49,  28.52,  27.97,  28.12,  28.65,  28.69,  28.65,  29.34,  29.27,  28.95,  28.90,  28.66
20050609, 0600,  , TS, 18.2N,  83.9W,  35, 1003,  130,    0,    0,    0,    0,    0,    0,    0,    0,    0,    0,    0, -999,  29.47,  29.10,  28.47,  29.30,  29.40,  29.16,  29.32,  29.33,  28.36,  28.21,  28.04,  27.97,  28.02,  27.83,  26.96,  26.84,  28.23,  28.22,  28.16,  28.66,  28.71,  27.71,  27.68,  28.55,  28.55,  28.23,  29.02,  29.20,  29.14,  29.12,  28.48
20050609, 1200,  , TS, 19.0N,  84.0W,  35, 1002,  130,    0,    0,    0,    0,    0,    0,    0,    0,    0,    0,    0, -999,  29.09,  29.00,  28.92,  29.05,  28.96,  29.03,  29.19,  29.18,  28.50,  28.18,  28.13,  28.13,  28.19,  27.86,  26.78,  26.58,  28.20,  27.94,  27.75,  28.37,  28.54,  28.35,  28.60,  28.72,  28.77,  28.70,  29.17,  29.18,  28.90,  28.83,  28.29
20050609, 1800,  , TS, 19.7N,  84.1W,  35, 1002,  120,    0,    0,    0,    0,    0,    0,    0,    0,    0,    0,    0, -999,  29.30,  29.18,  29.05,  29.09,  29.14,  29.20,  29.20,  29.13,  28.65,  28.25,  28.23,  28.24,  28.32,  28.05,  27.62,  27.64,  28.79,  28.41,  28.20,  28.63,  28.72,  28.63,  28.59,  28.62,  28.72,  28.70,  28.91,  28.97,  29.18,  29.23,  29.18
20050610, 0000,  , TS, 20.4N,  84.2W,  40, 1001,  100,    0,    0,    0,    0,    0,    0,    0,    0,    0,    0,    0, -999,  29.41,  29.22,  29.30,  29.39,  29.41,  29.65,  29.64,  29.40,  28.35,  28.18,  28.20,  28.00,  27.64,  27.70,  27.88,  28.62,  28.12,  27.92,  28.39,  28.55,  28.96,  28.86,  28.82,  28.82,  28.73,  28.82,  28.86,  29.26,  29.34,  29.46,  29.45
20050610, 0600,  , TS, 21.2N,  84.4W,  45, 1000,  120,    0,    0,    0,    0,    0,    0,    0,    0,    0,    0,    0, -999,  29.21,  29.04,  29.32,  29.44,  29.49,  29.50,  29.51,  28.93,  28.00,  28.04,  28.10,  27.88,  27.59,  27.69,  27.84,  27.81,  27.83,  28.06,  28.19,  28.13,  29.29,  29.26,  29.25,  29.23,  29.14,  28.89,  28.75,  28.65,  29.05,  29.29,  29.27
20050610, 0800, L, TS, 21.8N,  84.5W,  45, 1000, -999, -999, -999, -999, -999, -999, -999, -999, -999, -999, -999, -999, -999,  29.15,  29.01,  29.38,  29.49,  29.73,  29.76,  29.77,  28.85,  28.16,  28.16,  28.17,  28.22,  28.05,  28.14,  28.29,  28.21,  28.05,  28.08,  28.24,  28.30,  29.35,  29.31,  29.33,  29.35,  29.24,  28.99,  28.94,  28.77,  29.12,  29.24,  29.25
20050610, 1200,  , TS, 23.0N,  84.7W,  50, 1000,  130,    0,   60,   30,  100,    0,    0,    0,    0,    0,    0,    0, -999,  28.70,  28.75,  28.76,  28.80,  28.90,  28.95,  29.01,  28.07,  27.39,  27.40,  27.45,  27.68,  27.62,  27.67,  27.72,  27.64,  27.66,  27.69,  27.99,  28.09,  28.55,  28.62,  28.91,  29.01,  28.96,  28.69,  28.59,  28.55,  28.44,  28.66,  28.87
20050610, 1800,  , TS, 24.9N,  85.1W,  55,  995,  130,  100,    0,   40,  100,    0,    0,    0,    0,    0,    0,    0, -999,  28.05,  28.10,  28.68,  28.83,  28.64,  28.04,  27.54,  27.56,  27.24,  27.20,  27.17,  28.59,  28.41,  28.14,  28.23,  27.65,  27.67,  28.00,  27.98,  27.88,  28.78,  29.00,  29.20,  29.21,  29.01,  29.00,  29.04,  28.82,  27.72,  27.92,  28.43
20050611, 0000,  , TS, 26.5N,  85.6W,  60,  990,  140,  120,    0,   75,   75,    0,    0,   45,    0,    0,    0,    0, -999,  26.82,  27.62,  27.52,  27.52,  27.49,  26.97,  26.61,  26.53,  26.45,  26.55,  28.04,  27.91,  27.79,  28.16,  27.31,  26.28,  26.78,  27.01,  27.43,  28.27,  28.68,  28.74,  28.77,  28.24,  28.15,  28.06,  28.18,  27.72,  27.57,  27.59,  27.48
20050611, 0100, I, TS, 26.5N,  85.6W,  60,  989, -999, -999, -999, -999, -999, -999, -999, -999, -999, -999, -999, -999, -999,  26.82,  27.62,  27.52,  27.52,  27.49,  26.97,  26.61,  26.53,  26.45,  26.55,  28.04,  27.91,  27.79,  28.16,  27.31,  26.28,  26.78,  27.01,  27.43,  28.27,  28.68,  28.74,  28.77,  28.24,  28.15,  28.06,  28.18,  27.72,  27.57,  27.59,  27.48
20050611, 0600,  , TS, 27.7N,  86.8W,  60,  993,  140,  120,    0,   75,   75,    0,    0,   45,    0,    0,    0,    0, -999,  27.44,  27.50,  27.32,  26.98,  26.86,  27.02,  26.40,  26.51,  26.80,  27.36,  28.16,  28.49,  28.62,  28.76,  27.84,  27.35,  27.62,  27.96,  28.49,  29.11,  29.48,  29.43,  29.33,  28.77,  28.54,  28.24,  28.34,  28.50,  28.56,  28.52,  28.09
20050611, 1200,  , TS, 28.9N,  87.2W,  55,  990,  130,  120,    0,   75,   75,    0,    0,   45,    0,    0,    0,    0, -999,  26.89,  27.47,  27.40,  27.37,  26.99,  27.00,  27.04,  27.11,  27.26,  27.21,  27.49,  28.09,  28.23,  28.27,  28.33,  27.20,  27.37,  27.51,  28.10,  28.56,  28.68,  28.90,  28.53,  27.79,  27.87,  27.83,  27.94,  28.08,  28.17,  28.28,  28.22
20050611, 1800,  , TS, 30.1N,  87.5W,  50,  991,   30,  100,    0,    0,    0,   75,    0,    0,    0,    0,    0,    0, -999,  26.85,  27.30,  27.11,  27.05,  26.80,  26.17,  26.32,  27.00,  27.08,  27.08,  27.13,  28.02,  28.04,  28.10,  28.07,  26.67,  26.81,  27.23,  28.12,  29.20,  29.21,  29.18,  28.09,  27.69,  27.47,  27.47,  27.64,  28.39,  28.34,  28.28,  28.50
20050611, 1900, L, TS, 30.3N,  87.5W,  50,  991, -999, -999, -999, -999, -999, -999, -999, -999, -999, -999, -999, -999, -999,    nan,    nan,    nan,    nan,    nan,    nan,    nan,    nan,    nan,    nan,    nan,    nan,    nan,    nan,    nan,    nan,    nan,    nan,    nan,    nan,    nan,    nan,    nan,    nan,    nan,    nan,    nan,    nan,    nan,    nan,    nan
20050612, 0000,  , TD, 31.4N,  87.6W,  30,  994,    0,    0,    0,    0,    0,    0,    0,    0,    0,    0,    0,    0, -999,    nan,    nan,    nan,    nan,    nan,    nan,    nan,    nan,    nan,    nan,    nan,    nan,    nan,    nan,    nan,    nan,    nan,    nan,    nan,    nan,    nan,    nan,    nan,    nan,    nan,    nan,    nan,    nan,    nan,    nan,    nan
20050612, 0600,  , TD, 32.7N,  87.7W,  25,  998,    0,    0,    0,    0,    0,    0,    0,    0,    0,    0,    0,    0, -999,    nan,    nan,    nan,    nan,    nan,    nan,    nan,    nan,    nan,    nan,    nan,    nan,    nan,    nan,    nan,    nan,    nan,    nan,    nan,    nan,    nan,    nan,    nan,    nan,    nan,    nan,    nan,    nan,    nan,    nan,    nan
20050612, 1200,  , TD, 35.0N,  88.0W,  20, 1003,    0,    0,    0,    0,    0,    0,    0,    0,    0,    0,    0,    0, -999,    nan,    nan,    nan,    nan,    nan,    nan,    nan,    nan,    nan,    nan,    nan,    nan,    nan,    nan,    nan,    nan,    nan,    nan,    nan,    nan,    nan,    nan,    nan,    nan,    nan,    nan,    nan,    nan,    nan,    nan,    nan
20050612, 1800,  , TD, 37.0N,  87.8W,  20, 1005,    0,    0,    0,    0,    0,    0,    0,    0,    0,    0,    0,    0, -999,    nan,    nan,    nan,    nan,    nan,    nan,    nan,    nan,    nan,    nan,    nan,    nan,    nan,    nan,    nan,    nan,    nan,    nan,    nan,    nan,    nan,    nan,    nan,    nan,    nan,    nan,    nan,    nan,    nan,    nan,    nan
20050613, 0000,  , TD, 38.5N,  87.5W,  20, 1006,    0,    0,    0,    0,    0,    0,    0,    0,    0,    0,    0,    0, -999,    nan,    nan,    nan,    nan,    nan,    nan,    nan,    nan,    nan,    nan,    nan,    nan,    nan,    nan,    nan,    nan,    nan,    nan,    nan,    nan,    nan,    nan,    nan,    nan,    nan,    nan,    nan,    nan,    nan,    nan,    nan
20050613, 0600,  , TD, 40.5N,  86.0W,  20, 1006,    0,    0,    0,    0,    0,    0,    0,    0,    0,    0,    0,    0, -999,    nan,    nan,    nan,    nan,    nan,    nan,    nan,    nan,    nan,    nan,    nan,    nan,    nan,    nan,    nan,    nan,    nan,    nan,    nan,    nan,    nan,    nan,    nan,    nan,    nan,    nan,    nan,    nan,    nan,    nan,    nan
20050613, 1200,  , LO, 42.0N,  85.0W,  20, 1005,    0,    0,    0,    0,    0,    0,    0,    0,    0,    0,    0,    0, -999,    nan,    nan,    nan,    nan,    nan,    nan,    nan,    nan,    nan,    nan,    nan,    nan,    nan,    nan,    nan,    nan,    nan,    nan,    nan,    nan,    nan,    nan,    nan,    nan,    nan,    nan,    nan,    nan,    nan,    nan,    nan
20050613, 1800,  , EX, 43.0N,  84.0W,  20, 1005,    0,    0,    0,    0,    0,    0,    0,    0,    0,    0,    0,    0, -999,    nan,    nan,    nan,    nan,    nan,    nan,    nan,    nan,    nan,    nan,    nan,    nan,    nan,    nan,    nan,    nan,    nan,    nan,    nan,    nan,    nan,    nan,    nan,    nan,    nan,    nan,    nan,    nan,    nan,    nan,    nan
20050614, 0000,  , EX, 43.7N,  81.1W,  20, 1003,    0,    0,    0,    0,    0,    0,    0,    0,    0,    0,    0,    0, -999,    nan,    nan,    nan,    nan,    nan,    nan,    nan,    nan,    nan,    nan,    nan,    nan,    nan,    nan,    nan,    nan,    nan,    nan,    nan,    nan,    nan,    nan,    nan,    nan,    nan,    nan,    nan,    nan,    nan,    nan,    nan
20050614, 0600,  , EX, 44.8N,  77.6W,  20, 1001,    0,    0,    0,    0,    0,    0,    0,    0,    0,    0,    0,    0, -999,    nan,    nan,    nan,    nan,    nan,    nan,    nan,    nan,    nan,    nan,    nan,    nan,    nan,    nan,    nan,    nan,    nan,    nan,    nan,    nan,    nan,    nan,    nan,    nan,    nan,    nan,    nan,    nan,    nan,    nan,    nan
