AL021983,            UNNAMED,     25,
19830727, 1200,  , TD, 12.0N,  27.0W,  25, -999, -999, -999, -999, -999, -999, -999, -999, -999, -999, -999, -999, -999, -999,  27.26,  26.64,  26.11,  26.18,  26.27,  25.70,  25.88,  25.99,  26.16,  26.90,  26.98,  26.87,  26.83,  27.09,  26.46,  26.90,  27.46,  27.28,  26.54,  27.08,  27.13,  28.18,  28.19,  26.57,  25.37,  25.46,  26.23,  25.98,  26.15,  26.40,  26.57
19830727, 1800,  , TD, 12.0N,  28.5W,  25, -999, -999, -999, -999, -999, -999, -999, -999, -999, -999, -999, -999, -999, -999,  26.92,  26.49,  26.03,  26.20,  26.37,  25.78,  25.83,  26.01,  26.24,  27.41,  27.59,  27.60,  27.60,  27.64,  26.32,  26.58,  27.09,  27.03,  26.41,  26.74,  26.72,  28.44,  28.38,  27.38,  26.02,  25.93,  26.22,  26.36,  26.35,  26.91,  27.04
19830728, 0000,  , TD, 12.0N,  29.7W,  25, -999, -999, -999, -999, -999, -999, -999, -999, -999, -999, -999, -999, -999, -999,  26.52,  25.81,  25.97,  25.98,  26.46,  26.47,  26.01,  25.87,  27.43,  27.90,  27.96,  28.01,  28.13,  26.69,  26.35,  26.62,  26.83,  26.58,  26.18,  26.15,  27.82,  27.71,  27.50,  27.23,  27.25,  26.33,  26.12,  26.11,  26.15,  26.20,  29.85
19830728, 0600,  , TD, 12.0N,  31.0W,  25, -999, -999, -999, -999, -999, -999, -999, -999, -999, -999, -999, -999, -999, -999,  26.50,  25.94,  25.82,  25.83,  26.55,  26.43,  25.87,  25.53,  25.52,  25.67,  25.71,  25.86,  26.10,  26.15,  27.01,  27.06,  26.82,  26.93,  26.01,  25.70,  26.90,  27.58,  27.39,  26.98,  26.97,  25.83,  25.83,  25.87,  25.93,  25.97,  29.72
19830728, 1200,  , TD, 12.1N,  32.1W,  30, -999, -999, -999, -999, -999, -999, -999, -999, -999, -999, -999, -999, -999, -999,  25.59,  25.43,  25.53,  25.45,  26.36,  26.41,  26.37,  25.73,  25.71,  25.57,  25.55,  25.30,  25.21,  25.50,  26.29,  26.60,  26.56,  26.18,  25.78,  25.68,  27.44,  27.66,  27.37,  27.22,  27.15,  26.06,  26.23,  26.22,  26.07,  26.03,  28.74
19830728, 1800,  , TD, 12.5N,  33.8W,  30, -999, -999, -999, -999, -999, -999, -999, -999, -999, -999, -999, -999, -999, -999,  26.28,  26.32,  25.46,  25.01,  25.98,  26.17,  26.19,  26.09,  26.78,  26.98,  26.99,  26.79,  26.78,  26.65,  26.28,  26.17,  26.67,  26.76,  26.91,  25.56,  25.39,  26.52,  26.92,  27.54,  27.63,  25.84,  25.66,  25.50,  25.58,  25.59,  27.33
19830729, 0000,  , TD, 12.9N,  35.2W,  30, -999, -999, -999, -999, -999, -999, -999, -999, -999, -999, -999, -999, -999, -999,  24.78,  25.04,  25.00,  25.72,  25.80,  25.75,  25.28,  26.36,  26.49,  26.51,  26.47,  26.41,  26.42,  26.31,  26.35,  26.48,  26.61,  25.68,  25.02,  25.07,  26.25,  27.12,  27.30,  27.30,  27.33,  25.54,  25.17,  25.09,  25.07,  27.46,  27.60
19830729, 0600,  , TD, 13.1N,  36.9W,  30, -999, -999, -999, -999, -999, -999, -999, -999, -999, -999, -999, -999, -999, -999,  25.41,  25.41,  25.17,  26.00,  26.20,  26.16,  25.79,  25.90,  25.90,  26.13,  26.57,  26.52,  26.74,  27.00,  26.98,  26.99,  25.88,  25.76,  25.18,  25.24,  26.03,  27.23,  27.16,  27.07,  25.95,  25.96,  26.01,  25.51,  25.49,  27.12,  26.98
19830729, 1200,  , TD, 13.6N,  38.4W,  30, -999, -999, -999, -999, -999, -999, -999, -999, -999, -999, -999, -999, -999, -999,  25.56,  25.72,  25.49,  25.51,  25.69,  25.71,  25.77,  25.79,  25.43,  25.19,  25.50,  25.94,  26.21,  27.10,  27.30,  27.34,  26.44,  26.28,  25.18,  25.47,  25.54,  26.75,  27.14,  27.19,  25.47,  25.50,  26.32,  25.88,  25.79,  26.99,  27.16
19830729, 1800,  , TD, 13.9N,  39.9W,  30, -999, -999, -999, -999, -999, -999, -999, -999, -999, -999, -999, -999, -999, -999,  25.21,  25.50,  26.02,  25.68,  25.48,  25.57,  25.74,  26.54,  26.25,  25.46,  25.54,  25.92,  26.20,  26.58,  27.38,  27.47,  26.76,  26.80,  26.37,  25.26,  25.30,  26.03,  27.09,  27.18,  25.89,  25.84,  26.26,  25.60,  25.51,  26.12,  27.06
19830730, 0000,  , TD, 14.1N,  41.2W,  30, -999, -999, -999, -999, -999, -999, -999, -999, -999, -999, -999, -999, -999, -999,  25.72,  26.13,  25.82,  25.54,  25.80,  25.85,  26.86,  26.82,  26.52,  25.92,  26.26,  26.21,  27.02,  27.37,  27.33,  26.17,  26.06,  25.74,  24.91,  24.89,  25.69,  26.50,  26.50,  26.15,  26.01,  25.78,  26.07,  26.18,  26.50,  26.62,  26.59
19830730, 0600,  , TD, 14.4N,  42.6W,  30, -999, -999, -999, -999, -999, -999, -999, -999, -999, -999, -999, -999, -999, -999,  25.72,  25.92,  25.48,  25.70,  25.57,  25.57,  25.96,  25.97,  25.81,  25.74,  25.90,  25.92,  26.74,  27.41,  27.46,  26.30,  26.09,  25.94,  25.21,  25.11,  25.63,  26.23,  26.24,  26.74,  26.44,  26.13,  26.30,  25.80,  26.14,  26.24,  24.74
19830730, 1200,  , TD, 14.7N,  44.0W,  30, -999, -999, -999, -999, -999, -999, -999, -999, -999, -999, -999, -999, -999, -999,  26.37,  26.48,  25.85,  25.86,  25.83,  25.54,  25.46,  25.48,  25.75,  25.23,  25.18,  25.69,  25.79,  26.37,  26.33,  26.59,  26.50,  26.25,  25.41,  25.22,  25.47,  25.47,  25.51,  25.56,  26.20,  26.46,  26.52,  26.56,  26.88,  26.76,  25.25
19830730, 1800,  , TD, 15.0N,  45.5W,  30, -999, -999, -999, -999, -999, -999, -999, -999, -999, -999, -999, -999, -999, -999,  26.59,  26.87,  26.70,  26.12,  26.00,  25.27,  25.54,  25.98,  26.56,  25.81,  25.67,  25.93,  25.91,  26.45,  26.29,  26.86,  26.97,  26.89,  26.48,  25.33,  24.96,  24.98,  25.07,  26.58,  26.46,  26.13,  26.37,  26.57,  26.64,  26.71,  27.25
19830731, 0000,  , TD, 15.3N,  47.1W,  30, -999, -999, -999, -999, -999, -999, -999, -999, -999, -999, -999, -999, -999, -999,  27.02,  27.72,  27.71,  27.45,  25.55,  25.56,  26.04,  26.23,  25.68,  25.35,  25.49,  26.10,  27.15,  26.81,  26.79,  26.99,  26.88,  26.70,  26.01,  25.70,  25.64,  25.73,  27.07,  27.14,  27.13,  26.81,  26.69,  26.66,  26.82,  27.73,  27.45
19830731, 0600,  , TD, 15.7N,  48.8W,  30, -999, -999, -999, -999, -999, -999, -999, -999, -999, -999, -999, -999, -999, -999,  27.11,  27.89,  27.99,  27.98,  26.78,  26.15,  25.88,  25.71,  25.82,  25.86,  25.87,  27.74,  28.33,  27.58,  27.49,  27.81,  27.44,  27.10,  27.02,  27.03,  27.05,  27.06,  27.32,  27.34,  27.51,  26.70,  26.83,  27.07,  27.05,  26.97,  26.20
19830731, 1200,  , TD, 16.0N,  50.2W,  30, -999, -999, -999, -999, -999, -999, -999, -999, -999, -999, -999, -999, -999, -999,  27.59,  28.09,  28.08,  28.02,  26.43,  26.09,  25.92,  25.99,  26.69,  27.04,  26.06,  25.88,  26.95,  27.42,  27.05,  27.63,  27.46,  27.20,  27.12,  27.13,  27.14,  27.15,  27.22,  27.40,  27.91,  27.86,  27.43,  27.35,  27.33,  27.25,  26.93
19830731, 1800,  , TD, 16.2N,  52.0W,  30, -999, -999, -999, -999, -999, -999, -999, -999, -999, -999, -999, -999, -999, -999,  28.23,  28.23,  26.91,  26.46,  26.41,  26.18,  26.01,  25.94,  25.92,  25.96,  26.26,  26.33,  27.34,  27.87,  27.47,  27.73,  27.95,  27.65,  27.61,  27.80,  28.38,  28.41,  27.83,  27.70,  28.07,  28.17,  28.25,  28.18,  27.93,  27.58,  27.59
19830801, 0000,  , TD, 16.7N,  53.8W,  25, -999, -999, -999, -999, -999, -999, -999, -999, -999, -999, -999, -999, -999, -999,  28.31,  26.43,  26.36,  26.27,  26.36,  26.31,  26.29,  26.41,  26.70,  26.69,  26.59,  26.87,  28.19,  27.58,  27.88,  28.36,  28.35,  25.97,  26.00,  25.97,  26.13,  27.49,  27.62,  28.15,  28.25,  28.08,  28.14,  27.83,  27.73,  27.87,  26.96
19830801, 0600,  , TD, 17.0N,  55.4W,  25, -999, -999, -999, -999, -999, -999, -999, -999, -999, -999, -999, -999, -999, -999,  26.97,  26.66,  26.68,  26.51,  26.41,  26.61,  26.98,  27.11,  27.47,  27.95,  27.67,  27.43,  28.19,  28.18,  28.05,  27.81,  27.75,  25.89,  25.93,  25.64,  25.59,  27.48,  27.51,  28.40,  27.85,  27.60,  28.15,  28.11,  27.92,  27.85,  27.35
19830801, 1200,  , TD, 17.1N,  57.0W,  25, -999, -999, -999, -999, -999, -999, -999, -999, -999, -999, -999, -999, -999, -999,  26.34,  26.39,  26.20,  26.02,  25.95,  25.94,  26.24,  26.26,  26.36,  26.41,  27.40,  27.61,  28.24,  28.19,  28.15,  27.48,  27.69,  26.18,  26.12,  25.97,  25.95,  27.63,  27.57,  27.56,  27.84,  27.95,  28.23,  28.48,  28.32,  27.84,  27.71
19830801, 1800,  , TD, 17.7N,  58.7W,  25, -999, -999, -999, -999, -999, -999, -999, -999, -999, -999, -999, -999, -999, -999,  26.55,  26.65,  26.75,  26.43,  26.16,  26.08,  26.61,  26.60,  26.65,  26.84,  27.28,  27.68,  28.14,  28.44,  28.52,  27.66,  27.80,  26.38,  25.99,  26.13,  26.23,  27.95,  28.03,  28.00,  27.76,  27.88,  28.27,  28.57,  28.44,  28.15,  28.20
19830802, 0000,  , TD, 18.0N,  60.2W,  25, -999, -999, -999, -999, -999, -999, -999, -999, -999, -999, -999, -999, -999, -999,  27.68,  26.93,  26.88,  27.19,  27.53,  26.53,  26.65,  26.84,  26.98,  27.42,  27.66,  28.12,  28.19,  28.10,  27.75,  27.93,  28.06,  27.18,  26.47,  26.18,  26.47,  27.48,  27.90,  27.88,  27.82,  28.14,  28.54,  28.29,  28.21,  28.19,  26.47
19830802, 0600,  , TD, 18.3N,  61.8W,  20, -999, -999, -999, -999, -999, -999, -999, -999, -999, -999, -999, -999, -999, -999,  28.08,  26.77,  26.60,  26.51,  26.77,  25.88,  26.37,  26.94,  27.03,  27.58,  27.80,  28.31,  28.43,  28.34,  27.62,  27.63,  27.86,  27.13,  26.60,  26.42,  26.69,  28.07,  28.05,  28.22,  28.00,  27.92,  28.44,  28.56,  28.55,  28.51,  26.98
19830802, 1200,  , TD, 18.8N,  63.1W,  20, -999, -999, -999, -999, -999, -999, -999, -999, -999, -999, -999, -999, -999, -999,  27.93,  26.93,  26.30,  26.18,  26.66,  26.81,  26.79,  26.80,  27.29,  28.46,  28.77,  28.80,  28.74,  28.55,  28.43,  28.43,  28.47,  28.04,  26.75,  26.33,  26.69,  28.29,  28.42,  28.48,  28.35,  28.14,  28.70,  28.60,  28.55,  28.53,  26.79
