AL021982,            UNNAMED,     12,
19820618, 0000,  , SD, 25.8N,  86.4W,  25, 1004, -999, -999, -999, -999, -999, -999, -999, -999, -999, -999, -999, -999, -999,  27.69,  26.59,  26.79,  27.78,  28.54,  27.69,  27.73,  27.71,  27.84,  28.61,  28.54,  28.53,  28.36,  28.42,  28.15,  27.52,  27.73,  28.23,  28.32,  28.21,  28.60,  29.48,  28.99,  28.44,  28.51,  28.88,  29.09,  28.88,  28.72,  29.25,  29.95
19820618, 0600,  , SD, 27.1N,  84.6W,  30, 1003, -999, -999, -999, -999, -999, -999, -999, -999, -999, -999, -999, -999, -999,  25.05,  25.46,  26.56,  26.56,  26.55,  27.04,  27.12,  27.23,  27.27,  27.47,  28.35,  28.24,  27.80,  27.82,  27.95,  26.17,  25.92,  25.93,  26.79,  27.61,  28.15,  28.31,  28.13,  27.85,  26.88,  26.72,  26.81,  27.20,  27.52,  28.22,  29.59
19820618, 1200,  , SS, 28.7N,  82.8W,  40,  999, -999, -999, -999, -999, -999, -999, -999, -999, -999, -999, -999, -999, -999,  27.02,  27.02,  28.29,  28.62,  29.06,  29.16,  29.19,  29.62,  29.72,  29.70,  29.74,  30.85,  30.38,  30.18,  30.18,  27.91,  27.14,  27.02,  27.08,  27.15,  28.12,  28.02,  27.87,  28.03,  27.89,  27.91,  28.01,  28.04,  28.44,  28.92,  29.73
19820618, 1800,  , SS, 31.4N,  80.3W,  60,  992, -999, -999, -999, -999, -999, -999, -999, -999, -999, -999, -999, -999, -999,  26.09,  25.67,  25.24,  24.86,  27.11,  27.27,  27.59,  27.89,  27.69,  26.51,  25.93,  26.19,  27.90,  27.96,  27.98,  27.29,  27.42,  27.27,  27.23,  27.01,  27.66,  27.72,  27.67,  27.64,  27.60,  27.39,  27.37,  27.43,  28.47,  28.57,  28.70
19820619, 0000,  , SS, 32.5N,  79.2W,  60,  992, -999, -999, -999, -999, -999, -999, -999, -999, -999, -999, -999, -999, -999,  26.68,  26.68,  26.66,  26.99,  27.05,  27.23,  27.01,  26.42,  26.27,  26.32,  26.55,  27.30,  27.26,  27.22,  25.23,  25.38,  26.35,  26.61,  26.21,  26.37,  26.54,  26.87,  26.92,  26.81,  26.74,  26.82,  26.96,  27.75,  27.84,  27.82,  28.05
19820619, 0600,  , SS, 33.9N,  77.8W,  60,  992, -999, -999, -999, -999, -999, -999, -999, -999, -999, -999, -999, -999, -999,  25.15,  25.03,  25.13,  25.09,  24.98,  24.93,  24.75,  24.71,  23.78,  23.20,  23.55,  25.64,  25.92,  25.97,  25.52,  25.83,  26.35,  26.66,  26.89,  26.35,  25.97,  26.09,  26.14,  26.13,  26.37,  26.31,  25.98,  25.93,  26.37,  27.38,  27.57
19820619, 1200,  , SS, 35.3N,  76.0W,  60,  992, -999, -999, -999, -999, -999, -999, -999, -999, -999, -999, -999, -999, -999,  26.39,  26.57,  26.54,  26.47,  26.22,  25.87,  25.40,  25.32,  24.30,  23.94,  24.79,  24.60,  24.13,  24.00,  24.93,  25.76,  26.37,  26.01,  25.61,  25.29,  24.60,  24.69,  25.11,  25.35,  25.81,  26.18,  26.14,  25.44,  25.40,  25.64,  25.81
19820619, 1800,  , SS, 37.1N,  73.0W,  60,  992, -999, -999, -999, -999, -999, -999, -999, -999, -999, -999, -999, -999, -999,  20.37,  20.10,  19.95,  19.68,  17.98,  17.74,  18.23,  17.89,  17.97,  18.17,  18.28,  18.43,  18.79,  18.93,  18.53,  18.44,  18.70,  18.68,  19.08,  19.37,  19.03,  19.05,  19.26,  19.76,  19.90,  21.25,  21.52,  21.43,  21.08,  21.06,  20.66
19820620, 0000,  , SS, 39.5N,  70.0W,  60,  992, -999, -999, -999, -999, -999, -999, -999, -999, -999, -999, -999, -999, -999,  19.45,  17.05,  15.31,  14.57,  17.42,  18.28,  18.04,  18.49,  18.90,  18.68,  18.91,  18.75,  18.82,  19.34,  18.88,  20.35,  20.83,  19.88,  19.67,  20.83,  21.33,  20.53,  20.06,  19.53,  20.62,  21.39,  21.43,  21.35,  20.89,  21.54,  21.99
19820620, 0600,  , SS, 42.5N,  65.5W,  60,  988, -999, -999, -999, -999, -999, -999, -999, -999, -999, -999, -999, -999, -999,  10.53,  10.40,   9.81,   9.29,   7.43,   7.08,   7.06,   7.97,   8.24,   8.24,   8.26,   8.28,   8.40,   8.65,  11.61,  11.82,  10.90,  10.71,   9.17,   9.62,  10.17,  10.32,  10.61,  10.52,  10.55,  10.85,  10.93,  11.12,  10.82,  11.09,  11.05
19820620, 1200,  , SS, 44.5N,  60.0W,  60,  984, -999, -999, -999, -999, -999, -999, -999, -999, -999, -999, -999, -999, -999,   6.58,   6.45,   6.30,   6.37,   5.48,   5.88,   6.00,   5.99,   5.90,   5.96,   6.19,   6.54,   6.69,   6.75,   9.41,  10.05,   9.85,   9.22,   8.71,   8.41,   8.19,   8.12,   8.27,   8.34,   8.47,   8.87,   8.89,   8.99,  10.38,  10.55,  10.45
19820620, 1800,  , EX, 45.4N,  56.0W,  60,  990, -999, -999, -999, -999, -999, -999, -999, -999, -999, -999, -999, -999, -999,   4.85,   4.07,   4.65,   5.65,   5.99,   5.93,   6.21,   5.60,   5.13,   4.93,   5.35,   5.97,   6.25,   8.41,   8.79,   8.60,   7.76,   7.28,   7.24,   7.47,   7.38,   7.54,   7.58,   7.34,   7.06,   6.88,   6.81,   7.16,   8.22,   8.32,   8.41
