AL022014,                TWO,     17,
20140719, 1200,  , LO,  9.0N,  29.0W,  20, 1012,    0,    0,    0,    0,    0,    0,    0,    0,    0,    0,    0,    0, -999,  27.61,  27.60,  27.51,  27.58,  27.56,  27.23,  28.31,  28.45,  28.40,  28.33,  28.11,  27.71,  27.67,  27.76,  27.77,  28.12,  28.10,  27.94,  27.87,  28.14,  28.37,  28.14,  28.07,  28.19,  27.62,  27.82,  28.03,  28.38,  28.36,  27.81,  27.48
20140719, 1800,  , LO,  9.4N,  30.7W,  20, 1012,    0,    0,    0,    0,    0,    0,    0,    0,    0,    0,    0,    0, -999,  27.66,  28.07,  28.24,  27.76,  27.59,  27.34,  27.54,  28.10,  28.10,  28.03,  27.84,  27.81,  27.92,  27.99,  27.98,  27.84,  27.99,  28.03,  27.97,  27.84,  27.54,  27.48,  27.70,  27.80,  27.58,  27.64,  28.12,  28.40,  27.96,  27.84,  27.85
20140720, 0000,  , LO,  9.7N,  31.8W,  20, 1012,    0,    0,    0,    0,    0,    0,    0,    0,    0,    0,    0,    0, -999,  27.70,  27.70,  26.90,  26.97,  27.04,  27.16,  27.56,  27.84,  27.90,  27.89,  27.89,  27.93,  27.92,  27.42,  27.17,  27.34,  27.98,  28.16,  28.13,  28.31,  28.38,  28.41,  28.27,  27.78,  27.71,  28.03,  28.12,  28.24,  28.26,  28.03,  27.63
20140720, 0600,  , LO, 10.0N,  33.0W,  20, 1012,    0,    0,    0,    0,    0,    0,    0,    0,    0,    0,    0,    0, -999,  27.77,  27.66,  27.19,  27.16,  27.18,  27.28,  27.68,  27.79,  27.81,  27.72,  27.18,  27.38,  27.65,  27.82,  27.86,  27.94,  27.08,  26.79,  26.97,  27.74,  28.00,  28.05,  27.90,  27.65,  27.75,  27.80,  27.75,  28.13,  28.27,  28.26,  27.72
20140720, 1200,  , LO, 10.4N,  34.4W,  20, 1012,    0,    0,    0,    0,    0,    0,    0,    0,    0,    0,    0,    0, -999,  26.88,  27.37,  27.26,  27.22,  27.01,  27.05,  27.47,  27.38,  27.48,  27.48,  26.90,  26.81,  26.77,  27.45,  27.53,  27.58,  27.08,  27.17,  27.32,  27.46,  27.56,  27.55,  27.37,  27.46,  27.61,  27.65,  27.59,  27.70,  27.87,  27.65,  26.76
20140720, 1800,  , LO, 10.7N,  36.1W,  20, 1012,    0,    0,    0,    0,    0,    0,    0,    0,    0,    0,    0,    0, -999,  26.05,  26.33,  26.42,  26.21,  26.21,  26.24,  26.67,  26.57,  26.80,  27.25,  27.40,  27.03,  26.16,  27.12,  27.19,  27.28,  27.64,  27.63,  27.62,  27.41,  27.63,  27.74,  28.02,  27.99,  27.65,  27.41,  27.61,  27.61,  27.83,  27.93,  27.74
20140721, 0000,  , LO, 11.0N,  38.0W,  25, 1012,    0,    0,    0,    0,    0,    0,    0,    0,    0,    0,    0,    0, -999,  25.98,  25.93,  25.83,  25.74,  25.86,  26.28,  26.42,  26.37,  26.45,  26.33,  26.42,  26.82,  26.99,  26.77,  26.67,  27.79,  27.89,  27.83,  27.00,  26.67,  26.68,  27.10,  27.18,  27.00,  26.96,  27.01,  27.08,  27.74,  28.00,  27.56,  26.87
20140721, 0600,  , LO, 11.2N,  39.9W,  25, 1012,    0,    0,    0,    0,    0,    0,    0,    0,    0,    0,    0,    0, -999,  26.51,  26.88,  27.17,  26.91,  26.35,  26.48,  26.65,  26.74,  27.01,  27.02,  26.86,  26.62,  26.56,  26.45,  26.49,  27.40,  27.94,  27.17,  26.72,  26.20,  26.70,  27.10,  27.32,  27.29,  26.85,  26.81,  27.30,  27.33,  27.70,  27.71,  27.63
20140721, 1200,  , TD, 11.4N,  41.6W,  30, 1012,    0,    0,    0,    0,    0,    0,    0,    0,    0,    0,    0,    0, -999,  25.84,  26.22,  26.47,  26.14,  25.91,  26.30,  27.02,  26.97,  27.00,  27.04,  26.64,  26.60,  26.93,  26.86,  26.47,  27.63,  28.33,  28.27,  28.33,  27.58,  27.35,  27.42,  27.55,  27.46,  27.41,  27.69,  27.81,  27.59,  27.71,  27.64,  27.45
20140721, 1800,  , TD, 11.6N,  43.1W,  30, 1012,    0,    0,    0,    0,    0,    0,    0,    0,    0,    0,    0,    0, -999,  26.22,  26.26,  26.04,  25.67,  25.58,  26.13,  26.50,  26.26,  26.06,  26.41,  25.90,  25.76,  26.47,  26.58,  26.58,  29.26,  29.21,  28.53,  28.22,  27.11,  27.06,  27.19,  27.18,  26.98,  27.25,  27.17,  27.45,  27.66,  27.73,  27.59,  27.40
20140722, 0000,  , TD, 11.9N,  44.4W,  30, 1012,    0,    0,    0,    0,    0,    0,    0,    0,    0,    0,    0,    0, -999,  26.84,  26.92,  26.58,  26.77,  26.85,  27.07,  27.03,  27.03,  26.69,  26.38,  26.28,  26.45,  26.55,  26.50,  27.98,  27.85,  27.64,  27.38,  26.55,  26.59,  26.31,  26.64,  26.70,  26.51,  26.44,  26.83,  27.49,  27.58,  27.53,  27.46,  27.30
20140722, 0600,  , TD, 12.1N,  45.7W,  30, 1012,    0,    0,    0,    0,    0,    0,    0,    0,    0,    0,    0,    0, -999,  26.71,  26.81,  26.72,  26.70,  26.58,  27.08,  27.31,  27.25,  27.37,  27.34,  26.72,  26.74,  27.14,  27.09,  27.04,  27.55,  27.85,  27.17,  27.06,  27.07,  26.85,  27.29,  27.44,  27.27,  27.18,  27.33,  27.49,  27.54,  27.42,  27.40,  27.29
20140722, 1200,  , TD, 12.4N,  47.2W,  30, 1012,    0,    0,    0,    0,    0,    0,    0,    0,    0,    0,    0,    0, -999,  26.57,  26.50,  26.27,  26.28,  26.54,  26.73,  26.65,  26.78,  26.82,  27.09,  26.79,  26.61,  27.08,  26.94,  26.61,  27.53,  27.73,  27.19,  26.85,  26.88,  27.02,  27.37,  27.63,  27.18,  27.31,  27.63,  27.83,  27.86,  27.88,  27.89,  27.86
20140722, 1800,  , TD, 12.8N,  48.8W,  30, 1012,    0,    0,    0,    0,    0,    0,    0,    0,    0,    0,    0,    0, -999,  27.18,  27.20,  27.14,  27.12,  26.69,  26.82,  26.93,  27.07,  27.00,  26.95,  26.29,  26.14,  26.38,  26.67,  26.32,  27.04,  27.32,  26.69,  26.06,  26.30,  26.61,  26.90,  27.06,  26.66,  26.75,  27.16,  27.34,  27.36,  27.42,  26.94,  27.37
20140723, 0000,  , TD, 13.2N,  50.4W,  30, 1012,    0,    0,    0,    0,    0,    0,    0,    0,    0,    0,    0,    0, -999,  27.14,  27.22,  27.22,  26.46,  26.61,  27.00,  26.96,  27.10,  27.44,  27.24,  26.80,  26.61,  26.59,  26.72,  27.27,  27.50,  26.95,  26.49,  26.56,  26.88,  27.24,  27.48,  27.37,  27.31,  27.34,  27.44,  27.47,  27.37,  27.32,  27.65,  27.18
20140723, 0600,  , TD, 13.7N,  52.2W,  30, 1012,    0,    0,    0,    0,    0,    0,    0,    0,    0,    0,    0,    0, -999,  27.18,  27.27,  27.30,  26.65,  26.75,  27.19,  27.08,  27.19,  27.29,  27.37,  26.79,  26.64,  26.52,  27.05,  27.08,  27.17,  26.75,  26.36,  26.75,  27.15,  27.11,  27.08,  27.52,  27.10,  27.63,  27.43,  27.29,  27.39,  27.70,  27.76,  27.71
20140723, 1200,  , TD, 14.0N,  55.0W,  30, 1012,    0,    0,    0,    0,    0,    0,    0,    0,    0,    0,    0,    0, -999,  27.20,  27.30,  27.28,  26.78,  26.94,  27.52,  27.63,  27.47,  27.40,  27.65,  27.23,  26.84,  27.25,  27.54,  27.51,  27.64,  27.78,  27.57,  27.29,  27.50,  27.87,  27.87,  27.61,  27.42,  27.85,  27.71,  27.41,  28.23,  28.30,  27.71,  27.78
