AL021996,             BERTHA,     51,
19960705, 0000,  , TD,  9.8N,  34.0W,  30, 1009, -999, -999, -999, -999, -999, -999, -999, -999, -999, -999, -999, -999, -999,  26.36,  26.39,  26.83,  27.25,  27.26,  27.41,  26.71,  27.07,  26.59,  26.40,  27.52,  27.98,  27.69,  27.62,  27.62,  27.38,  27.29,  27.29,  26.97,  27.34,  27.51,  27.81,  27.78,  27.41,  27.23,  27.35,  27.26,  26.66,  26.17,  26.45,  26.28
19960705, 0600,  , TD, 10.2N,  36.3W,  30, 1008, -999, -999, -999, -999, -999, -999, -999, -999, -999, -999, -999, -999, -999,  26.46,  26.34,  26.97,  27.37,  27.10,  26.76,  26.89,  26.99,  26.44,  26.33,  26.35,  26.92,  27.46,  27.39,  27.10,  27.05,  27.43,  26.74,  26.43,  26.90,  26.92,  27.05,  27.09,  26.39,  26.37,  26.65,  26.71,  25.94,  25.93,  27.02,  27.17
19960705, 1200,  , TS, 11.0N,  39.0W,  35, 1007, -999, -999, -999, -999, -999, -999, -999, -999, -999, -999, -999, -999, -999,  26.23,  26.25,  26.12,  27.31,  27.75,  27.63,  27.18,  27.33,  27.33,  26.52,  26.20,  26.38,  26.26,  26.28,  26.50,  26.49,  25.87,  26.46,  26.65,  26.63,  26.63,  26.57,  26.63,  25.90,  25.83,  25.94,  26.43,  26.15,  25.81,  26.33,  26.57
19960705, 1800,  , TS, 12.0N,  41.2W,  35, 1006, -999, -999, -999, -999, -999, -999, -999, -999, -999, -999, -999, -999, -999,  25.90,  25.88,  26.51,  27.04,  27.53,  27.37,  27.06,  26.93,  26.99,  26.32,  25.77,  25.78,  25.85,  26.28,  27.00,  26.71,  26.66,  26.74,  26.77,  26.75,  26.66,  26.72,  26.95,  25.87,  26.11,  26.94,  27.10,  26.49,  26.18,  27.16,  26.99
19960706, 0000,  , TS, 12.7N,  43.9W,  35, 1005, -999, -999, -999, -999, -999, -999, -999, -999, -999, -999, -999, -999, -999,  26.12,  26.53,  26.88,  27.44,  26.92,  26.47,  27.09,  27.43,  27.10,  26.39,  26.02,  25.92,  26.54,  26.56,  27.38,  27.53,  27.46,  26.97,  26.34,  26.41,  26.37,  26.22,  26.06,  26.50,  26.84,  27.12,  26.72,  25.87,  26.58,  26.79,  26.83
19960706, 0600,  , TS, 13.1N,  46.6W,  35, 1004, -999, -999, -999, -999, -999, -999, -999, -999, -999, -999, -999, -999, -999,  26.40,  26.75,  26.71,  27.33,  27.32,  27.05,  27.15,  27.67,  27.75,  27.76,  26.02,  25.81,  26.25,  26.82,  26.82,  27.03,  27.05,  27.10,  26.46,  26.45,  26.68,  26.10,  26.21,  26.48,  26.86,  27.05,  26.96,  26.46,  26.49,  26.76,  26.61
19960706, 1200,  , TS, 13.7N,  48.7W,  40, 1002, -999, -999, -999, -999, -999, -999, -999, -999, -999, -999, -999, -999, -999,  26.40,  26.29,  27.46,  27.62,  27.47,  27.26,  26.97,  27.51,  28.13,  27.95,  27.37,  26.78,  27.45,  27.40,  26.89,  27.00,  27.35,  27.64,  27.36,  26.90,  27.02,  26.92,  26.49,  26.65,  27.08,  27.06,  27.30,  27.03,  25.92,  26.53,  26.64
19960706, 1800,  , TS, 14.2N,  51.0W,  45, 1000, -999, -999, -999, -999, -999, -999, -999, -999, -999, -999, -999, -999, -999,  26.27,  26.36,  27.74,  27.78,  27.41,  27.08,  27.00,  27.02,  27.66,  27.50,  27.47,  26.74,  26.94,  27.17,  26.55,  26.62,  27.14,  27.28,  27.24,  27.20,  26.76,  26.83,  26.55,  26.47,  26.66,  26.94,  27.12,  26.69,  25.97,  26.10,  26.41
19960707, 0000,  , TS, 14.9N,  52.9W,  50,  999, -999, -999, -999, -999, -999, -999, -999, -999, -999, -999, -999, -999, -999,  27.27,  27.39,  27.14,  27.07,  27.34,  27.29,  27.42,  28.02,  28.18,  28.16,  26.70,  26.86,  27.32,  26.73,  26.70,  26.99,  27.28,  27.39,  27.25,  26.51,  26.53,  26.76,  26.84,  26.76,  27.15,  27.24,  27.30,  27.05,  26.65,  26.72,  27.33
19960707, 0600,  , TS, 15.6N,  54.8W,  55,  997, -999, -999, -999, -999, -999, -999, -999, -999, -999, -999, -999, -999, -999,  27.28,  27.39,  27.69,  27.72,  27.68,  27.31,  27.23,  27.21,  27.36,  26.24,  26.43,  26.81,  26.93,  27.25,  26.97,  26.88,  27.41,  27.54,  27.29,  27.14,  26.38,  26.44,  26.43,  26.50,  27.23,  27.31,  27.22,  26.61,  26.65,  26.62,  27.53
19960707, 1200,  , TS, 16.4N,  56.9W,  60,  995, -999, -999, -999, -999, -999, -999, -999, -999, -999, -999, -999, -999, -999,  26.97,  27.49,  27.99,  28.10,  27.98,  27.37,  27.24,  27.22,  26.51,  26.67,  26.81,  26.91,  27.40,  28.22,  27.51,  26.91,  26.69,  27.07,  27.18,  27.05,  26.80,  26.95,  26.95,  26.74,  27.56,  28.19,  28.21,  27.85,  27.38,  27.32,  27.44
19960707, 1800,  , HU, 16.5N,  58.4W,  70,  992, -999, -999, -999, -999, -999, -999, -999, -999, -999, -999, -999, -999, -999,  26.38,  27.08,  27.80,  28.04,  27.98,  27.10,  26.84,  27.41,  27.73,  27.36,  26.98,  26.75,  27.18,  27.48,  26.82,  27.50,  27.72,  27.39,  27.29,  27.08,  26.96,  26.99,  26.38,  26.38,  26.57,  26.57,  27.99,  27.94,  27.22,  26.74,  27.28
19960708, 0000,  , HU, 17.0N,  60.1W,  75,  988, -999, -999, -999, -999, -999, -999, -999, -999, -999, -999, -999, -999, -999,  26.92,  27.40,  27.84,  27.85,  27.82,  27.59,  28.29,  28.26,  27.89,  26.68,  26.79,  27.30,  27.67,  26.91,  26.83,  27.67,  27.64,  27.64,  27.50,  26.94,  26.70,  26.41,  26.48,  26.57,  26.60,  27.80,  27.95,  27.46,  26.85,  27.64,  27.95
19960708, 0600,  , HU, 17.5N,  61.8W,  75,  985, -999, -999, -999, -999, -999, -999, -999, -999, -999, -999, -999, -999, -999,  26.68,  26.76,  27.25,  27.64,  27.66,  26.83,  27.07,  27.85,  28.22,  27.00,  26.61,  26.97,  27.61,  27.67,  27.57,  27.63,  27.55,  27.60,  27.49,  27.36,  27.03,  27.09,  27.16,  27.20,  27.18,  27.89,  27.90,  27.99,  28.00,  27.79,  27.82
19960708, 1200,  , HU, 18.0N,  63.5W,  70,  983, -999, -999, -999, -999, -999, -999, -999, -999, -999, -999, -999, -999, -999,  26.98,  26.67,  27.22,  27.98,  28.12,  27.50,  27.60,  28.05,  28.31,  27.29,  26.28,  27.01,  27.71,  27.80,  27.41,  27.11,  27.36,  27.51,  27.59,  27.43,  27.09,  27.02,  27.03,  27.13,  27.24,  27.78,  27.91,  27.87,  27.86,  27.21,  27.22
19960708, 1800,  , HU, 18.6N,  64.9W,  75,  978, -999, -999, -999, -999, -999, -999, -999, -999, -999, -999, -999, -999, -999,  26.84,  26.82,  27.23,  27.29,  27.03,  27.08,  27.45,  27.45,  27.66,  27.83,  26.56,  26.71,  26.89,  27.33,  27.21,  26.92,  26.54,  27.34,  27.48,  27.62,  27.39,  27.43,  27.47,  27.49,  27.74,  27.85,  28.03,  28.03,  27.04,  26.38,  26.82
19960709, 0000,  , HU, 19.4N,  66.1W,  80,  970, -999, -999, -999, -999, -999, -999, -999, -999, -999, -999, -999, -999, -999,  26.58,  26.37,  26.38,  27.15,  27.24,  27.48,  27.48,  27.53,  27.42,  27.15,  26.57,  26.47,  27.39,  27.34,  27.33,  26.78,  27.42,  27.50,  27.58,  27.65,  27.81,  27.75,  27.54,  28.25,  28.33,  28.28,  28.15,  27.54,  27.33,  26.98,  26.96
19960709, 0600,  , HU, 20.3N,  67.7W, 100,  960, -999, -999, -999, -999, -999, -999, -999, -999, -999, -999, -999, -999, -999,  26.69,  26.27,  27.46,  27.47,  27.36,  27.12,  26.84,  26.87,  26.91,  28.08,  28.14,  27.46,  27.69,  27.54,  26.98,  26.89,  26.93,  26.92,  27.30,  27.40,  27.20,  26.81,  26.86,  27.77,  28.05,  28.10,  27.90,  27.77,  27.38,  27.09,  27.59
19960709, 1200,  , HU, 21.4N,  69.4W, 100,  965, -999, -999, -999, -999, -999, -999, -999, -999, -999, -999, -999, -999, -999,  26.87,  26.83,  27.93,  27.90,  27.70,  27.55,  27.36,  27.26,  28.35,  29.35,  29.24,  28.12,  27.96,  27.99,  27.62,  27.41,  27.12,  27.42,  27.72,  27.70,  27.05,  27.01,  27.36,  27.66,  28.12,  28.18,  28.06,  27.78,  27.70,  27.48,  27.61
19960709, 1800,  , HU, 22.5N,  71.1W,  90,  967, -999, -999, -999, -999, -999, -999, -999, -999, -999, -999, -999, -999, -999,  26.84,  27.47,  27.59,  27.90,  27.95,  27.95,  28.08,  27.68,  28.17,  28.22,  26.81,  27.47,  28.18,  28.12,  27.84,  27.80,  27.16,  27.09,  27.16,  26.95,  27.33,  27.25,  27.20,  27.50,  27.63,  28.01,  27.98,  27.95,  27.69,  27.42,  27.38
19960710, 0000,  , HU, 23.6N,  72.6W,  85,  969, -999, -999, -999, -999, -999, -999, -999, -999, -999, -999, -999, -999, -999,  27.72,  27.80,  27.82,  27.91,  27.97,  28.49,  28.52,  28.31,  27.84,  26.74,  27.13,  28.00,  28.23,  28.30,  28.11,  27.34,  26.96,  27.12,  27.13,  27.20,  27.19,  27.14,  27.36,  27.61,  27.97,  27.96,  27.82,  27.05,  26.98,  27.13,  27.37
19960710, 0600,  , HU, 24.5N,  74.0W,  80,  971, -999, -999, -999, -999, -999, -999, -999, -999, -999, -999, -999, -999, -999,  28.39,  28.08,  28.20,  28.04,  27.30,  27.40,  28.56,  28.58,  28.22,  27.75,  27.88,  28.30,  28.57,  28.66,  28.67,  28.64,  27.75,  27.68,  27.80,  27.89,  27.93,  28.00,  28.12,  27.87,  28.25,  28.29,  28.24,  27.58,  27.73,  28.00,  28.07
19960710, 1200,  , HU, 25.4N,  75.3W,  80,  968, -999, -999, -999, -999, -999, -999, -999, -999, -999, -999, -999, -999, -999,  27.82,  27.65,  27.82,  27.53,  27.65,  27.73,  27.90,  27.86,  27.64,  26.75,  26.81,  27.31,  27.86,  28.05,  28.00,  27.98,  27.27,  27.63,  27.77,  27.74,  27.77,  28.04,  28.30,  28.39,  28.49,  28.31,  28.25,  28.03,  28.04,  28.08,  28.09
19960710, 1800,  , HU, 26.4N,  75.8W,  80,  966, -999, -999, -999, -999, -999, -999, -999, -999, -999, -999, -999, -999, -999,  27.41,  27.59,  27.98,  28.05,  28.30,  27.82,  27.66,  27.79,  27.57,  26.76,  26.78,  27.01,  27.35,  28.00,  28.31,  28.23,  27.60,  26.92,  27.14,  27.03,  26.97,  27.19,  27.28,  27.08,  27.04,  26.81,  28.40,  28.14,  27.71,  27.57,  27.90
19960711, 0000,  , HU, 27.5N,  76.4W,  75,  968, -999, -999, -999, -999, -999, -999, -999, -999, -999, -999, -999, -999, -999,  27.27,  28.06,  28.30,  28.25,  28.16,  28.07,  28.11,  27.80,  26.85,  26.82,  26.91,  27.03,  28.12,  28.28,  28.27,  27.99,  25.97,  26.08,  26.42,  26.54,  26.83,  26.97,  26.82,  26.75,  27.17,  27.96,  28.12,  28.13,  27.69,  27.80,  27.82
19960711, 0600,  , HU, 28.3N,  76.8W,  75,  972, -999, -999, -999, -999, -999, -999, -999, -999, -999, -999, -999, -999, -999,  27.36,  28.04,  28.07,  27.86,  27.76,  27.67,  27.61,  27.70,  27.24,  26.59,  26.52,  26.72,  27.54,  27.77,  27.87,  27.90,  26.66,  26.82,  26.91,  27.05,  27.18,  27.21,  27.35,  27.40,  27.72,  28.68,  28.68,  28.32,  27.79,  27.85,  27.92
19960711, 1200,  , HU, 29.2N,  77.5W,  75,  977, -999, -999, -999, -999, -999, -999, -999, -999, -999, -999, -999, -999, -999,  28.20,  27.78,  27.40,  27.23,  27.19,  27.06,  27.55,  28.00,  27.86,  27.28,  26.92,  26.91,  26.90,  27.03,  27.19,  27.11,  26.82,  27.03,  27.07,  27.04,  27.26,  27.55,  27.59,  27.62,  27.71,  28.29,  28.28,  28.15,  28.16,  28.16,  28.17
19960711, 1800,  , HU, 30.0N,  78.0W,  70,  980, -999, -999, -999, -999, -999, -999, -999, -999, -999, -999, -999, -999, -999,  28.14,  28.07,  27.30,  27.22,  27.22,  27.23,  28.02,  27.93,  27.75,  27.70,  27.74,  27.42,  27.47,  27.45,  27.49,  27.40,  26.66,  26.59,  26.64,  26.80,  26.67,  27.07,  27.04,  26.94,  27.12,  27.16,  26.92,  27.58,  27.70,  27.93,  27.95
19960712, 0000,  , HU, 30.7N,  78.3W,  70,  982, -999, -999, -999, -999, -999, -999, -999, -999, -999, -999, -999, -999, -999,  28.03,  27.65,  27.70,  27.71,  27.70,  28.46,  28.22,  27.84,  27.71,  27.73,  27.34,  27.43,  27.44,  27.47,  27.56,  26.48,  26.41,  26.42,  26.97,  27.20,  27.61,  27.53,  27.29,  27.54,  27.76,  27.79,  27.93,  27.84,  27.97,  27.82,  27.85
19960712, 0600,  , HU, 31.2N,  78.6W,  70,  984, -999, -999, -999, -999, -999, -999, -999, -999, -999, -999, -999, -999, -999,  28.40,  27.99,  27.85,  27.83,  27.88,  29.00,  29.15,  28.75,  28.47,  28.24,  27.34,  27.21,  27.18,  27.26,  27.64,  27.37,  27.30,  27.43,  28.19,  28.51,  28.74,  28.74,  28.49,  28.49,  28.68,  29.14,  28.86,  28.81,  28.92,  28.74,  28.75
19960712, 1200,  , HU, 32.2N,  78.4W,  85,  975, -999, -999, -999, -999, -999, -999, -999, -999, -999, -999, -999, -999, -999,  27.83,  28.45,  28.51,  28.48,  28.27,  28.50,  27.65,  27.32,  27.36,  26.96,  26.86,  27.00,  27.07,  27.18,  27.26,  27.58,  27.85,  28.30,  28.53,  28.40,  27.99,  27.06,  26.97,  27.50,  27.67,  28.02,  27.93,  27.94,  28.68,  29.17,  29.22
19960712, 1800,  , HU, 33.6N,  78.1W,  90,  974, -999, -999, -999, -999, -999, -999, -999, -999, -999, -999, -999, -999, -999,  26.79,  26.67,  26.70,  26.75,  26.38,  27.85,  27.74,  27.37,  27.25,  26.66,  26.67,  26.75,  26.78,  26.92,  26.99,  26.71,  26.74,  26.94,  26.90,  26.91,  27.49,  27.70,  27.72,  27.75,  27.76,  27.67,  27.52,  27.71,  27.74,  27.81,  28.25
19960712, 2000, L, HU, 34.3N,  77.8W,  90,  974, -999, -999, -999, -999, -999, -999, -999, -999, -999, -999, -999, -999,   40,  25.86,  26.11,  26.12,  26.11,  25.90,  27.18,  27.19,  26.88,  26.82,  26.55,  26.55,  26.45,  26.39,  26.62,  26.77,  26.29,  26.23,  26.36,  26.16,  26.09,  26.83,  27.01,  27.02,  26.81,  26.82,  27.10,  27.62,  27.60,  27.38,  27.37,  27.24
19960713, 0000,  , HU, 35.0N,  77.6W,  65,  993, -999, -999, -999, -999, -999, -999, -999, -999, -999, -999, -999, -999, -999,    nan,    nan,    nan,    nan,    nan,    nan,    nan,    nan,    nan,    nan,    nan,    nan,    nan,    nan,    nan,    nan,    nan,    nan,    nan,    nan,    nan,    nan,    nan,    nan,    nan,    nan,    nan,    nan,    nan,    nan,    nan
19960713, 0600,  , TS, 36.7N,  77.0W,  60,  993, -999, -999, -999, -999, -999, -999, -999, -999, -999, -999, -999, -999, -999,    nan,    nan,    nan,    nan,    nan,    nan,    nan,    nan,    nan,    nan,    nan,    nan,    nan,    nan,    nan,    nan,    nan,    nan,    nan,    nan,    nan,    nan,    nan,    nan,    nan,    nan,    nan,    nan,    nan,    nan,    nan
19960713, 1200,  , TS, 38.3N,  76.1W,  60,  994, -999, -999, -999, -999, -999, -999, -999, -999, -999, -999, -999, -999, -999,    nan,    nan,    nan,    nan,    nan,    nan,    nan,    nan,    nan,    nan,    nan,    nan,    nan,    nan,    nan,    nan,    nan,    nan,    nan,    nan,    nan,    nan,    nan,    nan,    nan,    nan,    nan,    nan,    nan,    nan,    nan
19960713, 1800,  , TS, 40.2N,  74.5W,  60,  994, -999, -999, -999, -999, -999, -999, -999, -999, -999, -999, -999, -999, -999,    nan,    nan,    nan,    nan,    nan,    nan,    nan,    nan,    nan,    nan,    nan,    nan,    nan,    nan,    nan,    nan,    nan,    nan,    nan,    nan,    nan,    nan,    nan,    nan,    nan,    nan,    nan,    nan,    nan,    nan,    nan
19960714, 0000,  , TS, 42.1N,  71.9W,  60,  994, -999, -999, -999, -999, -999, -999, -999, -999, -999, -999, -999, -999, -999,    nan,    nan,    nan,    nan,    nan,    nan,    nan,    nan,    nan,    nan,    nan,    nan,    nan,    nan,    nan,    nan,    nan,    nan,    nan,    nan,    nan,    nan,    nan,    nan,    nan,    nan,    nan,    nan,    nan,    nan,    nan
19960714, 0600,  , TS, 44.1N,  69.0W,  55,  995, -999, -999, -999, -999, -999, -999, -999, -999, -999, -999, -999, -999, -999,    nan,    nan,    nan,    nan,    nan,    nan,    nan,    nan,    nan,    nan,    nan,    nan,    nan,    nan,    nan,    nan,    nan,    nan,    nan,    nan,    nan,    nan,    nan,    nan,    nan,    nan,    nan,    nan,    nan,    nan,    nan
19960714, 1200,  , EX, 46.0N,  66.0W,  50,  995, -999, -999, -999, -999, -999, -999, -999, -999, -999, -999, -999, -999, -999,    nan,    nan,    nan,    nan,    nan,    nan,    nan,    nan,    nan,    nan,    nan,    nan,    nan,    nan,    nan,    nan,    nan,    nan,    nan,    nan,    nan,    nan,    nan,    nan,    nan,    nan,    nan,    nan,    nan,    nan,    nan
19960714, 1800,  , EX, 47.0N,  62.0W,  50,  995, -999, -999, -999, -999, -999, -999, -999, -999, -999, -999, -999, -999, -999,  12.33,  12.62,  12.79,  12.54,  12.48,  14.12,  14.28,  14.09,  13.85,  13.91,  13.87,  14.48,  14.67,  14.77,  14.79,  14.88,  15.26,  15.62,  15.63,  15.64,  15.64,  15.49,  15.28,  15.22,  15.30,  15.53,  15.43,  15.54,  15.47,  15.82,  16.24
19960715, 0000,  , EX, 48.0N,  57.0W,  50,  995, -999, -999, -999, -999, -999, -999, -999, -999, -999, -999, -999, -999, -999,    nan,    nan,    nan,    nan,    nan,    nan,    nan,    nan,    nan,    nan,    nan,    nan,    nan,    nan,    nan,    nan,    nan,    nan,    nan,    nan,    nan,    nan,    nan,    nan,    nan,    nan,    nan,    nan,    nan,    nan,    nan
19960715, 0600,  , EX, 49.0N,  52.0W,  45,  996, -999, -999, -999, -999, -999, -999, -999, -999, -999, -999, -999, -999, -999,   6.21,   6.60,   6.61,   6.59,   6.86,   7.55,   7.73,   8.42,   8.61,   8.47,   8.42,   8.64,   8.53,   8.66,   7.95,   7.15,   7.24,   7.38,   7.56,   7.25,   7.00,   6.95,   7.80,   7.91,   7.80,   8.15,   8.62,   8.85,   8.23,   8.34,   8.65
19960715, 1200,  , EX, 51.0N,  47.0W,  40,  996, -999, -999, -999, -999, -999, -999, -999, -999, -999, -999, -999, -999, -999,   7.39,   7.38,   7.97,   8.30,   9.07,   9.95,  10.14,   8.85,   8.38,   8.45,   8.55,   8.88,   9.98,   9.97,   9.76,   9.48,   9.54,   9.73,  10.41,  10.06,   9.74,   9.75,   9.80,   9.79,   9.82,   9.79,   9.34,   9.22,   9.73,   9.75,   9.92
19960715, 1800,  , EX, 54.0N,  44.0W,  40,  996, -999, -999, -999, -999, -999, -999, -999, -999, -999, -999, -999, -999, -999,   9.47,   9.60,   9.56,   9.55,   9.54,   9.73,   9.82,   9.77,   9.72,   9.98,  10.23,  10.28,  10.39,  10.42,  10.71,   9.62,   9.50,   9.49,   9.53,   9.55,   9.51,   9.52,   9.56,   9.26,   9.13,   9.14,   9.57,   9.87,   9.80,   9.85,   9.99
19960716, 0000,  , EX, 57.5N,  42.5W,  40,  991, -999, -999, -999, -999, -999, -999, -999, -999, -999, -999, -999, -999, -999,   6.70,   6.74,   6.99,   7.26,   7.28,   7.26,   7.17,   7.01,   6.99,   7.07,   7.24,   7.25,   6.91,   6.35,   6.32,   7.24,   7.45,   7.70,   8.14,   8.15,   8.03,   8.16,   8.23,   7.73,   7.49,   7.57,   7.71,   7.84,   7.75,   7.67,   7.66
19960716, 0600,  , EX, 58.5N,  42.5W,  40,  988, -999, -999, -999, -999, -999, -999, -999, -999, -999, -999, -999, -999, -999,   6.81,   7.10,   7.33,   7.53,   7.57,   7.49,   7.35,   7.17,   7.14,   7.28,   7.68,   7.65,   7.70,   7.66,   7.57,   7.78,   7.79,   8.05,   8.26,   8.10,   7.82,   8.03,   8.14,   7.86,   7.40,   7.38,   7.48,   7.57,   7.51,   7.59,   7.53
19960716, 1200,  , EX, 59.5N,  42.0W,  45,  988, -999, -999, -999, -999, -999, -999, -999, -999, -999, -999, -999, -999, -999,   6.80,   6.86,   7.37,   7.32,   7.27,   7.12,   7.13,   7.27,   7.30,   7.12,   7.49,   7.68,   7.85,   7.98,   7.92,   7.58,   7.86,   8.17,   8.18,   8.10,   8.04,   8.44,   8.50,   8.04,   8.05,   8.32,   8.27,   8.16,   7.75,   7.51,   7.39
19960716, 1800,  , EX, 59.8N,  41.0W,  45,  985, -999, -999, -999, -999, -999, -999, -999, -999, -999, -999, -999, -999, -999,   6.84,   7.03,   7.47,   7.59,   7.61,   7.42,   7.31,   7.36,   7.42,   7.42,   7.55,   7.76,   7.88,   7.95,   7.80,   7.35,   7.66,   7.94,   7.93,   7.91,   7.84,   8.61,   8.80,   8.23,   8.15,   8.26,   8.43,   8.44,   8.09,   7.93,   8.21
19960717, 0000,  , EX, 60.0N,  40.0W,  40,  993, -999, -999, -999, -999, -999, -999, -999, -999, -999, -999, -999, -999, -999,   7.86,   8.01,   8.15,   8.19,   7.88,   7.85,   7.86,   7.92,   7.89,   8.31,   8.42,   8.19,   8.16,   7.59,   7.36,   7.57,   7.43,   7.43,   6.80,   6.66,   7.50,   8.00,   8.55,   8.65,   8.74,   8.80,   8.79,   8.48,   8.37,   8.60,   8.31
19960717, 0600,  , EX, 60.5N,  39.0W,  35, 1001, -999, -999, -999, -999, -999, -999, -999, -999, -999, -999, -999, -999, -999,   7.95,   8.29,   8.58,   8.67,   8.27,   8.29,   8.28,   8.25,   8.45,   8.65,   8.55,   8.55,   8.54,   7.88,   7.84,   7.97,   8.03,   8.16,   7.28,   7.19,   7.39,   7.78,   8.76,   8.89,   8.91,   8.89,   8.84,   8.50,   8.43,   8.60,   8.29
