AL021997,                ANA,     19,
19970630, 1200,  , TD, 32.0N,  77.2W,  30, 1013, -999, -999, -999, -999, -999, -999, -999, -999, -999, -999, -999, -999, -999,  25.79,  26.87,  26.98,  26.23,  26.87,  27.50,  27.65,  27.63,  27.71,  27.99,  28.52,  28.53,  28.40,  28.21,  28.13,  27.71,  27.63,  27.65,  27.96,  29.17,  29.32,  29.09,  28.39,  28.76,  28.97,  28.95,  28.83,  27.84,  29.08,  29.47,  29.48
19970630, 1800,  , TD, 32.0N,  76.6W,  30, 1011, -999, -999, -999, -999, -999, -999, -999, -999, -999, -999, -999, -999, -999,  26.03,  27.03,  26.64,  25.80,  26.32,  26.80,  27.02,  27.61,  27.83,  27.83,  28.25,  28.16,  27.93,  27.71,  27.60,  27.34,  27.35,  27.39,  27.70,  28.70,  28.69,  28.46,  27.81,  28.09,  28.19,  28.09,  28.03,  27.28,  28.36,  29.17,  29.35
19970701, 0000,  , TD, 31.9N,  76.0W,  30, 1009, -999, -999, -999, -999, -999, -999, -999, -999, -999, -999, -999, -999, -999,  26.27,  25.37,  25.65,  26.48,  26.85,  27.02,  27.40,  27.12,  26.95,  27.68,  27.77,  27.86,  27.88,  27.66,  27.20,  27.25,  27.26,  27.42,  27.76,  27.65,  27.53,  27.22,  27.42,  27.41,  26.98,  26.91,  26.70,  27.27,  28.62,  28.63,  28.37
19970701, 0600,  , TS, 31.8N,  75.4W,  35, 1006, -999, -999, -999, -999, -999, -999, -999, -999, -999, -999, -999, -999, -999,  25.50,  24.92,  25.96,  26.60,  26.66,  26.80,  27.22,  27.02,  26.93,  27.33,  27.66,  27.71,  27.63,  27.31,  26.45,  26.35,  26.47,  26.60,  26.73,  27.04,  27.08,  26.86,  26.89,  26.84,  26.40,  26.40,  26.45,  26.46,  27.97,  27.88,  27.49
19970701, 1200,  , TS, 31.7N,  74.6W,  40, 1004, -999, -999, -999, -999, -999, -999, -999, -999, -999, -999, -999, -999, -999,  25.32,  24.26,  24.55,  25.44,  26.04,  26.28,  26.64,  26.69,  26.66,  26.76,  27.67,  27.79,  27.81,  27.48,  25.78,  25.59,  25.59,  25.80,  25.89,  26.86,  26.99,  26.91,  26.79,  26.84,  26.90,  26.67,  26.62,  26.61,  27.86,  27.69,  27.01
19970701, 1800,  , TS, 31.4N,  73.8W,  40, 1002, -999, -999, -999, -999, -999, -999, -999, -999, -999, -999, -999, -999, -999,  24.47,  24.40,  25.06,  25.16,  25.37,  25.66,  26.02,  26.24,  26.34,  26.68,  27.33,  27.23,  26.91,  26.69,  25.27,  25.27,  25.31,  25.40,  25.50,  26.66,  26.74,  26.52,  26.25,  26.11,  26.20,  25.55,  25.51,  25.75,  26.69,  26.99,  26.51
19970702, 0000,  , TS, 31.4N,  72.9W,  40, 1000, -999, -999, -999, -999, -999, -999, -999, -999, -999, -999, -999, -999, -999,  23.70,  24.61,  24.63,  24.80,  25.28,  25.80,  26.16,  26.37,  26.46,  27.00,  26.96,  26.74,  26.56,  25.13,  25.02,  25.21,  25.05,  25.05,  26.12,  26.78,  26.77,  26.43,  25.63,  25.75,  25.89,  26.04,  26.20,  26.72,  26.38,  26.04,  26.43
19970702, 0600,  , TS, 31.7N,  72.0W,  35, 1000, -999, -999, -999, -999, -999, -999, -999, -999, -999, -999, -999, -999, -999,  23.62,  24.20,  24.20,  24.53,  25.05,  25.62,  25.87,  25.82,  25.80,  26.31,  26.16,  25.85,  24.95,  24.55,  24.49,  24.50,  23.91,  23.91,  24.35,  25.78,  26.00,  26.13,  25.77,  26.03,  26.20,  26.29,  26.31,  26.45,  26.18,  26.04,  26.00
19970702, 1200,  , TS, 32.1N,  71.2W,  35, 1000, -999, -999, -999, -999, -999, -999, -999, -999, -999, -999, -999, -999, -999,  22.44,  23.40,  23.59,  24.07,  24.57,  25.18,  25.30,  25.41,  25.48,  25.86,  25.56,  25.04,  24.45,  24.67,  24.70,  24.77,  24.14,  24.15,  24.18,  25.68,  25.57,  25.25,  25.41,  25.76,  25.88,  25.92,  25.99,  26.07,  26.44,  26.36,  26.18
19970702, 1800,  , TS, 32.7N,  70.5W,  35, 1000, -999, -999, -999, -999, -999, -999, -999, -999, -999, -999, -999, -999, -999,  22.80,  23.39,  23.41,  23.87,  24.40,  24.78,  24.73,  24.96,  25.31,  25.53,  24.98,  24.79,  24.82,  24.77,  24.67,  24.64,  24.21,  24.09,  24.05,  25.47,  25.56,  25.31,  25.19,  25.42,  25.53,  25.38,  25.32,  25.47,  26.00,  26.07,  25.98
19970703, 0000,  , TS, 33.5N,  69.8W,  35, 1001, -999, -999, -999, -999, -999, -999, -999, -999, -999, -999, -999, -999, -999,  22.96,  22.93,  23.49,  24.20,  24.48,  24.55,  24.68,  25.15,  25.23,  24.81,  24.56,  24.51,  24.32,  23.96,  23.66,  23.70,  23.87,  23.92,  25.02,  25.17,  25.00,  24.98,  25.20,  25.32,  25.12,  25.03,  25.37,  25.60,  25.98,  26.01,  26.00
19970703, 0600,  , TS, 34.4N,  69.2W,  35, 1001, -999, -999, -999, -999, -999, -999, -999, -999, -999, -999, -999, -999, -999,  22.45,  22.60,  23.63,  23.96,  24.15,  23.99,  23.60,  23.79,  24.32,  24.45,  24.62,  24.50,  24.36,  24.25,  23.90,  23.48,  23.79,  24.17,  24.30,  24.26,  24.15,  24.39,  24.93,  25.18,  25.43,  25.53,  25.48,  25.46,  26.00,  26.00,  25.83
19970703, 1200,  , TS, 35.2N,  68.4W,  35, 1002, -999, -999, -999, -999, -999, -999, -999, -999, -999, -999, -999, -999, -999,  21.86,  22.33,  23.21,  23.85,  24.17,  24.01,  24.36,  24.43,  24.29,  24.29,  24.62,  24.67,  24.81,  24.64,  24.56,  23.83,  24.07,  24.27,  24.33,  24.44,  24.60,  24.71,  25.10,  25.19,  25.12,  25.08,  25.03,  25.06,  25.72,  25.39,  25.21
19970703, 1800,  , TD, 36.1N,  67.5W,  30, 1002, -999, -999, -999, -999, -999, -999, -999, -999, -999, -999, -999, -999, -999,  22.82,  22.70,  23.73,  23.95,  24.19,  24.32,  24.29,  24.14,  23.87,  23.88,  24.48,  24.73,  24.98,  24.89,  24.54,  24.19,  23.98,  23.99,  23.97,  24.46,  24.70,  24.90,  24.86,  25.08,  25.23,  25.41,  25.30,  25.30,  25.54,  25.48,  25.55
19970704, 0000,  , TD, 36.9N,  66.2W,  25, 1003, -999, -999, -999, -999, -999, -999, -999, -999, -999, -999, -999, -999, -999,  22.22,  22.16,  23.18,  23.79,  24.12,  24.17,  23.90,  24.23,  24.30,  24.79,  24.88,  25.25,  25.67,  26.09,  25.78,  25.56,  25.57,  25.49,  25.60,  25.49,  25.19,  25.19,  25.63,  26.10,  26.29,  25.84,  25.19,  25.38,  25.58,  25.86,  26.17
19970704, 0600,  , EX, 37.7N,  64.5W,  25, 1003, -999, -999, -999, -999, -999, -999, -999, -999, -999, -999, -999, -999, -999,  23.58,  24.07,  23.91,  24.34,  25.03,  25.26,  24.19,  23.47,  23.18,  22.87,  24.41,  25.67,  25.73,  25.72,  25.80,  25.64,  25.42,  25.35,  25.40,  25.68,  25.99,  26.17,  26.47,  26.77,  27.38,  27.51,  25.61,  25.79,  26.12,  26.44,  26.50
19970704, 1200,  , EX, 38.4N,  62.4W,  25, 1004, -999, -999, -999, -999, -999, -999, -999, -999, -999, -999, -999, -999, -999,  21.94,  22.07,  22.64,  22.79,  23.32,  23.45,  23.35,  23.29,  23.18,  22.88,  23.05,  23.53,  23.43,  23.25,  23.31,  23.27,  23.31,  23.50,  23.80,  24.30,  24.74,  24.92,  24.46,  24.27,  24.24,  24.35,  23.69,  23.71,  23.76,  23.87,  23.81
19970704, 1800,  , EX, 39.5N,  59.5W,  25, 1004, -999, -999, -999, -999, -999, -999, -999, -999, -999, -999, -999, -999, -999,  21.98,  21.99,  23.76,  24.40,  24.45,  23.66,  23.43,  22.79,  22.50,  22.36,  22.22,  22.28,  22.21,  22.49,  23.04,  23.76,  23.94,  23.85,  23.62,  24.36,  24.49,  24.54,  23.44,  23.81,  24.14,  24.10,  23.77,  24.34,  24.70,  24.30,  23.85
19970705, 0000,  , EX, 41.0N,  58.0W,  25, 1005, -999, -999, -999, -999, -999, -999, -999, -999, -999, -999, -999, -999, -999,  20.02,  20.79,  21.51,  21.98,  22.07,  21.71,  21.39,  21.46,  21.07,  21.17,  21.11,  20.70,  20.50,  20.80,  22.04,  22.08,  22.25,  22.53,  22.82,  22.53,  21.89,  21.21,  21.44,  21.69,  21.52,  21.23,  20.84,  20.57,  20.94,  21.08,  21.08
