AL022021,               BILL,     10,
20210613, 1800,  , LO, 31.9N,  78.1W,  20, 1008,    0,    0,    0,    0,    0,    0,    0,    0,    0,    0,    0,    0,   60,  27.05,  27.12,  27.04,  26.96,  27.17,  27.11,  27.35,  27.36,  27.37,  27.48,  27.64,  27.74,  27.25,  27.14,  27.23,  27.22,  27.52,  27.82,  27.98,  27.97,  27.80,  27.86,  28.08,  27.99,  27.82,  27.75,  28.30,  28.73,  28.78,  28.69,  28.69
20210614, 0000,  , LO, 32.5N,  77.1W,  20, 1007,    0,    0,    0,    0,    0,    0,    0,    0,    0,    0,    0,    0,   40,  27.14,  26.94,  26.93,  26.99,  26.98,  27.32,  27.70,  27.62,  27.63,  27.55,  27.19,  26.99,  27.25,  27.41,  27.48,  27.58,  27.40,  27.88,  28.05,  28.05,  28.19,  28.22,  27.99,  27.92,  27.88,  27.76,  28.08,  28.40,  28.42,  28.38,  28.42
20210614, 0600,  , TD, 33.2N,  75.9W,  25, 1006,    0,    0,    0,    0,    0,    0,    0,    0,    0,    0,    0,    0,   40,  27.12,  26.50,  26.67,  26.67,  26.66,  26.67,  27.13,  27.14,  26.78,  26.24,  26.01,  26.01,  26.21,  26.28,  26.31,  26.52,  27.06,  27.36,  27.15,  27.18,  27.12,  27.07,  27.43,  27.62,  27.62,  27.54,  27.67,  27.56,  27.49,  27.64,  27.77
20210614, 1200,  , TD, 34.0N,  74.5W,  30, 1005,    0,    0,    0,    0,    0,    0,    0,    0,    0,    0,    0,    0,   35,  25.92,  25.87,  26.09,  26.27,  26.27,  26.33,  26.30,  25.93,  25.80,  25.82,  25.84,  26.02,  25.96,  25.87,  25.96,  25.99,  26.06,  26.16,  26.48,  26.33,  26.52,  26.60,  26.79,  26.82,  26.85,  26.59,  26.98,  26.96,  26.90,  27.03,  26.99
20210614, 1800,  , TS, 34.9N,  72.8W,  35, 1003,    0,   60,    0,    0,    0,    0,    0,    0,    0,    0,    0,    0,   35,  25.29,  25.11,  25.00,  24.90,  24.48,  24.14,  24.03,  25.14,  25.43,  25.69,  25.58,  25.54,  25.47,  25.50,  25.59,  25.61,  25.80,  25.91,  25.44,  24.86,  24.80,  24.86,  25.38,  25.25,  25.25,  25.38,  26.41,  26.75,  27.02,  27.32,  27.50
20210615, 0000,  , TS, 36.0N,  70.8W,  40, 1000,    0,   80,    0,    0,    0,    0,    0,    0,    0,    0,    0,    0,   35,  24.49,  24.99,  25.11,  25.25,  25.11,  25.00,  25.63,  25.83,  25.92,  26.04,  26.04,  25.90,  25.98,  25.95,  26.05,  25.78,  25.71,  25.41,  25.26,  25.15,  25.08,  25.53,  25.60,  25.60,  25.46,  25.74,  25.88,  25.98,  26.00,  26.09,  26.43
20210615, 0600,  , TS, 37.6N,  67.8W,  50,  996,   40,   80,    0,    0,    0,   40,    0,    0,    0,    0,    0,    0,   30,  25.90,  25.62,  25.26,  25.20,  24.99,  25.62,  26.47,  26.72,  26.71,  26.64,  26.58,  26.55,  26.84,  27.23,  27.14,  27.44,  27.55,  27.14,  26.71,  26.46,  26.51,  26.05,  25.56,  25.54,  26.37,  26.49,  26.69,  26.86,  26.88,  27.07,  27.24
20210615, 1200,  , TS, 39.4N,  64.0W,  55,  992,   40,   80,   40,    0,    0,   40,    0,    0,    0,    0,    0,    0,   30,  23.46,  23.66,  24.17,  24.40,  24.47,  24.44,  24.02,  23.88,  24.09,  23.48,  22.92,  22.86,  23.57,  24.12,  24.17,  24.19,  24.63,  24.84,  24.83,  24.86,  24.80,  24.72,  24.85,  24.83,  24.70,  24.52,  24.59,  24.59,  24.59,  24.69,  24.70
20210615, 1800,  , TS, 40.9N,  60.8W,  45,  997,   60,   60,   40,    0,    0,    0,    0,    0,    0,    0,    0,    0,   40,  19.76,  19.76,  19.89,  19.95,  20.02,  20.11,  20.50,  21.17,  21.22,  21.65,  22.10,  22.49,  22.99,  22.88,  23.07,  23.07,  22.79,  22.69,  22.55,  22.07,  22.24,  22.54,  22.61,  22.44,  22.39,  22.45,  22.38,  21.92,  23.09,  23.48,  23.69
20210616, 0000,  , EX, 42.5N,  57.9W,  35, 1002,   60,   60,   40,    0,    0,    0,    0,    0,    0,    0,    0,    0,   60,  15.48,  15.69,  15.63,  15.68,  16.05,  16.62,  17.41,  17.83,  17.57,  17.00,  16.85,  16.37,  16.18,  16.15,  15.97,  16.73,  17.47,  16.60,  15.87,  15.58,  15.22,  16.54,  18.09,  17.40,  17.09,  17.30,  17.71,  17.95,  18.02,  18.58,  19.48
