AL022024,              BERYL,     57,
20240628, 1200,  , TD,  8.9N,  39.6W,  30, 1007,    0,    0,    0,    0,    0,    0,    0,    0,    0,    0,    0,    0,   50,  28.55,  28.63,  28.61,  28.48,  28.16,  28.42,  28.76,  28.78,  28.80,  28.80,  28.54,  28.40,  28.33,  28.41,  28.38,  28.62,  28.65,  28.49,  28.28,  28.08,  28.14,  28.09,  28.28,  28.31,  28.23,  28.33,  28.50,  29.29,  29.00,  28.81,  28.95
20240628, 1800,  , TD,  9.0N,  41.3W,  30, 1007,    0,    0,    0,    0,    0,    0,    0,    0,    0,    0,    0,    0,   50,  28.44,  28.71,  28.77,  28.68,  28.70,  28.76,  28.92,  28.98,  28.96,  29.09,  28.70,  28.56,  28.55,  28.60,  28.64,  28.72,  28.90,  28.80,  28.82,  28.91,  28.70,  28.49,  28.48,  28.52,  28.27,  28.51,  28.68,  28.85,  28.88,  28.83,  28.83
20240629, 0000,  , TS,  9.2N,  43.1W,  35, 1006,   40,    0,    0,   40,    0,    0,    0,    0,    0,    0,    0,    0,   40,  28.40,  28.51,  28.43,  28.53,  28.60,  28.64,  28.70,  28.72,  28.86,  28.71,  28.72,  28.63,  28.77,  28.93,  28.86,  28.92,  28.88,  28.97,  29.17,  28.90,  28.70,  28.74,  28.83,  28.56,  28.66,  28.83,  29.29,  29.06,  29.00,  28.93,  29.19
20240629, 0600,  , TS,  9.5N,  45.2W,  45, 1003,   50,   30,    0,   40,    0,    0,    0,    0,    0,    0,    0,    0,   30,  28.53,  28.61,  28.51,  28.45,  28.48,  28.55,  28.67,  28.81,  28.92,  28.72,  28.72,  28.65,  28.62,  28.77,  28.73,  28.80,  28.80,  28.89,  29.05,  28.77,  28.72,  28.78,  28.97,  29.01,  28.83,  28.80,  29.02,  29.13,  29.16,  29.09,  29.19
20240629, 1200,  , TS,  9.7N,  47.0W,  55, 1000,   50,   30,   20,   40,   20,    0,    0,    0,    0,    0,    0,    0,   20,  28.48,  28.60,  28.61,  28.50,  28.47,  28.51,  28.68,  28.83,  29.01,  28.70,  28.69,  28.63,  28.67,  28.87,  28.99,  28.95,  28.88,  28.94,  28.97,  28.86,  28.76,  28.69,  28.93,  29.00,  28.69,  28.67,  28.87,  28.92,  28.87,  28.85,  28.99
20240629, 1800,  , TS,  9.9N,  48.7W,  60,  995,   50,   30,   20,   50,   25,    0,    0,   20,    0,    0,    0,    0,   15,  28.51,  28.63,  28.57,  28.42,  28.69,  28.77,  28.79,  28.96,  29.48,  29.26,  29.14,  29.01,  28.94,  29.18,  29.26,  29.18,  29.19,  29.11,  29.05,  29.04,  28.99,  28.80,  28.87,  28.93,  28.81,  28.73,  28.96,  29.23,  29.30,  29.26,  29.14
20240630, 0000,  , HU, 10.1N,  50.5W,  70,  989,   60,   40,   30,   50,   30,   20,   15,   25,   15,    0,    0,   15,   10,  28.50,  28.56,  28.51,  28.69,  28.71,  28.67,  28.80,  29.48,  29.37,  29.20,  29.12,  29.09,  29.27,  29.37,  29.37,  29.40,  29.23,  29.18,  29.24,  29.30,  29.16,  29.35,  29.42,  29.18,  29.20,  29.50,  29.56,  29.71,  29.50,  29.52,  29.68
20240630, 0600,  , HU, 10.4N,  52.3W,  85,  980,   80,   60,   50,   60,   40,   30,   25,   30,   20,   10,   10,   20,   10,  28.97,  29.02,  29.07,  29.19,  29.22,  29.19,  29.16,  29.29,  29.38,  29.19,  29.08,  29.09,  29.24,  29.34,  29.41,  29.30,  29.33,  29.22,  29.23,  29.32,  29.21,  29.29,  29.34,  29.36,  29.40,  29.69,  29.61,  29.71,  29.63,  29.57,  29.61
20240630, 1200,  , HU, 10.5N,  54.0W, 100,  968,  100,   80,   70,   80,   50,   40,   40,   40,   25,   20,   15,   25,   10,  28.90,  28.93,  28.84,  29.04,  28.99,  29.05,  29.14,  29.17,  29.22,  29.12,  29.03,  29.02,  29.17,  29.22,  29.31,  29.22,  29.22,  29.07,  29.06,  28.98,  28.87,  28.89,  28.84,  28.96,  28.96,  29.33,  29.30,  29.29,  29.28,  29.27,  29.33
20240630, 1800,  , HU, 10.9N,  55.7W, 115,  958,  100,   80,   70,   80,   50,   40,   40,   40,   25,   20,   15,   25,   10,  28.63,  28.71,  28.80,  28.79,  28.75,  28.84,  28.88,  28.95,  29.21,  29.17,  29.14,  29.16,  29.26,  29.26,  29.25,  29.17,  29.08,  29.02,  29.07,  29.04,  28.90,  28.78,  28.83,  29.00,  28.86,  29.14,  29.11,  29.08,  29.06,  28.99,  29.06
20240701, 0000,  , HU, 11.2N,  57.3W, 110,  958,  100,   80,   70,   80,   50,   40,   30,   40,   25,   20,   15,   25,    5,  28.74,  28.67,  28.70,  28.76,  28.89,  28.99,  28.90,  29.26,  29.16,  28.98,  29.02,  29.16,  29.22,  29.20,  29.07,  29.08,  29.11,  29.05,  28.86,  28.92,  28.91,  28.98,  29.03,  28.97,  29.26,  29.29,  29.32,  29.36,  29.24,  29.19,  29.32
20240701, 0600,  , HU, 11.5N,  59.0W, 100,  965,  110,   80,   70,  100,   50,   40,   30,   50,   30,   25,   20,   25,   15,  28.88,  28.83,  28.91,  28.93,  29.03,  29.13,  29.02,  29.34,  29.32,  29.12,  29.11,  29.11,  29.15,  29.19,  29.19,  29.07,  29.01,  29.01,  28.83,  28.80,  28.71,  28.85,  28.97,  28.80,  28.74,  29.08,  29.22,  29.28,  29.26,  29.33,  29.40
20240701, 1200,  , HU, 12.0N,  60.6W, 115,  957,  110,   90,   70,  100,   60,   40,   30,   50,   35,   25,   20,   25,   15,  28.81,  28.81,  28.87,  28.86,  28.88,  28.89,  28.71,  29.14,  29.09,  28.86,  28.97,  29.02,  29.16,  29.28,  29.24,  29.28,  29.16,  29.08,  28.96,  28.89,  28.83,  28.92,  28.97,  29.02,  28.96,  29.22,  29.26,  29.16,  29.19,  29.34,  29.37
20240701, 1520, L, HU, 12.5N,  61.5W, 120,  950,  110,   90,   70,  100,   60,   40,   30,   50,   35,   25,   20,   25,   15,  28.87,  28.95,  28.98,  28.97,  29.02,  28.91,  28.72,  29.11,  29.21,  29.12,  29.11,  29.17,  29.24,  29.30,  29.30,  29.34,  29.24,  29.20,  29.20,  29.08,  28.93,  28.89,  28.86,  28.86,  28.60,  29.09,  29.26,  29.17,  29.02,  29.21,  29.31
20240701, 1800,  , HU, 12.8N,  62.3W, 130,  944,  110,  100,   70,  100,   60,   50,   35,   50,   35,   30,   25,   30,   10,  29.09,  29.25,  29.28,  29.29,  29.40,  29.33,  29.13,  29.40,  29.46,  29.37,  29.31,  29.38,  29.42,  29.45,  29.43,  29.52,  29.37,  29.27,  29.29,  29.14,  28.82,  28.84,  28.85,  28.95,  28.88,  29.25,  29.39,  29.29,  29.08,  29.31,  29.42
20240702, 0000,  , HU, 13.5N,  64.1W, 140,  938,  110,  100,   70,  100,   60,   50,   30,   50,   35,   25,   20,   30,    5,  29.43,  29.49,  29.54,  29.67,  29.63,  29.35,  29.65,  29.64,  29.53,  29.40,  29.40,  29.41,  29.45,  29.34,  29.40,  29.40,  29.17,  29.08,  29.03,  28.95,  28.91,  28.97,  29.15,  29.31,  29.33,  29.39,  29.28,  29.21,  29.41,  29.47,  29.52
20240702, 0600,  , HU, 14.3N,  65.9W, 145,  935,  130,  100,   60,  100,   60,   50,   30,   50,   35,   25,   15,   30,   10,  28.88,  29.13,  29.37,  29.57,  29.62,  29.34,  29.69,  29.66,  29.66,  29.64,  29.64,  29.73,  29.74,  29.74,  29.76,  29.62,  29.29,  29.40,  29.13,  29.07,  29.00,  29.13,  29.13,  29.16,  29.17,  29.20,  29.21,  29.23,  29.43,  29.47,  29.55
20240702, 0945, I, HU, 14.8N,  67.2W, 145,  932,  150,  100,   60,  100,   60,   50,   40,   50,   35,   30,   20,   30,   10,  29.38,  29.47,  29.54,  29.58,  29.60,  29.49,  29.62,  29.65,  29.58,  29.43,  29.47,  29.55,  29.54,  29.52,  29.51,  29.50,  29.07,  29.29,  29.16,  29.18,  29.23,  29.32,  29.26,  28.95,  29.20,  29.33,  29.29,  29.36,  29.44,  29.42,  29.41
20240702, 1200,  , HU, 15.0N,  67.9W, 140,  934,  150,  100,   60,  100,   60,   50,   40,   50,   35,   30,   20,   30,   10,  29.50,  29.57,  29.63,  29.68,  29.70,  29.58,  29.72,  29.75,  29.69,  29.56,  29.56,  29.60,  29.56,  29.50,  29.46,  29.56,  29.23,  29.33,  29.23,  29.26,  29.28,  29.38,  29.39,  29.31,  29.41,  29.49,  29.44,  29.44,  29.49,  29.50,  29.52
20240702, 1800,  , HU, 15.6N,  69.9W, 135,  944,  160,  100,   60,  120,   70,   50,   40,   50,   35,   30,   20,   30,   10,  29.34,  29.41,  29.50,  29.62,  29.70,  29.47,  29.58,  29.58,  29.58,  29.43,  29.41,  29.53,  29.59,  29.54,  29.50,  29.60,  29.54,  29.39,  29.36,  29.06,  29.00,  28.96,  29.14,  29.23,  29.11,  29.19,  29.16,  29.16,  29.25,  29.38,  29.50
20240703, 0000,  , HU, 16.0N,  71.8W, 130,  945,  160,  100,   60,  120,   70,   50,   40,   50,   35,   30,   20,   30,   10,  29.38,  29.36,  29.36,  29.37,  29.19,  29.25,  29.27,  29.22,  29.28,  29.26,  29.30,  29.35,  29.36,  29.37,  29.37,  29.33,  29.17,  29.13,  29.02,  29.13,  29.23,  29.36,  29.55,  29.26,  29.35,  29.37,  29.34,  29.36,  29.51,  29.52,  29.50
20240703, 0600,  , HU, 16.3N,  73.5W, 125,  946,  160,   90,   50,  120,   70,   50,   30,   50,   40,   30,   20,   30,   10,  29.18,  29.31,  29.33,  29.46,  29.36,  29.49,  29.44,  29.34,  29.36,  29.44,  29.43,  29.43,  29.44,  29.42,  29.39,  29.31,  29.01,  28.97,  28.75,  28.76,  28.83,  28.94,  29.17,  28.94,  29.09,  29.16,  29.15,  29.13,  29.31,  29.40,  29.40
20240703, 1200,  , HU, 16.8N,  75.3W, 125,  952,  160,   80,   50,  120,   70,   50,   30,   50,   40,   30,   20,   30,   10,  29.07,  29.12,  29.18,  29.32,  29.29,  29.37,  29.42,  29.38,  29.30,  29.26,  29.22,  29.26,  29.34,  29.33,  29.43,  29.50,  29.31,  29.29,  29.18,  28.94,  28.93,  28.99,  29.22,  28.95,  29.13,  29.17,  29.19,  29.22,  29.34,  29.43,  29.44
20240703, 1800,  , HU, 17.3N,  76.8W, 120,  959,  160,   80,   50,  120,   70,   50,   30,   50,   40,   30,   20,   30,   10,  29.23,  29.33,  29.38,  29.46,  29.38,  29.51,  29.54,  29.55,  29.51,  29.39,  29.27,  29.33,  29.48,  29.48,  29.40,  29.48,  29.41,  29.38,  29.41,  28.96,  29.08,  29.26,  29.57,  29.18,  29.39,  29.34,  29.29,  29.33,  29.45,  29.55,  29.49
20240704, 0000,  , HU, 17.8N,  78.3W, 115,  960,  150,   80,   50,  110,   70,   40,   30,   60,   40,   25,   20,   30,   10,  29.45,  29.42,  29.46,  29.45,  29.53,  29.57,  29.67,  29.70,  29.66,  29.58,  29.63,  29.67,  29.68,  29.59,  29.67,  29.61,  29.50,  29.59,  29.24,  29.28,  29.43,  29.54,  29.45,  29.66,  29.67,  29.57,  29.50,  29.71,  29.84,  29.85,  29.66
20240704, 0600,  , HU, 18.3N,  80.0W, 105,  965,  150,   80,   50,  110,   70,   40,   30,   60,   35,   20,   15,   30,   10,  29.02,  29.09,  29.22,  29.19,  29.42,  29.36,  29.40,  29.49,  29.59,  29.40,  29.34,  29.41,  29.50,  29.50,  29.54,  29.52,  29.34,  29.38,  29.33,  29.24,  29.34,  29.49,  29.48,  29.63,  29.71,  29.72,  29.64,  29.81,  29.95,  30.02,  29.98
20240704, 1200,  , HU, 18.8N,  81.8W,  95,  969,  140,   80,   50,  100,   50,   40,   30,   50,   25,   15,   15,   25,   10,  29.23,  29.28,  29.29,  29.31,  29.36,  29.34,  29.40,  29.46,  29.52,  29.45,  29.27,  29.29,  29.37,  29.40,  29.39,  29.40,  29.23,  29.21,  29.30,  29.21,  29.21,  29.22,  29.43,  29.50,  29.61,  29.65,  29.68,  29.81,  29.97,  30.02,  30.05
20240704, 1800,  , HU, 19.3N,  83.4W,  90,  974,  120,   70,   50,   90,   50,   40,   30,   50,   25,   15,   15,   25,   10,  29.09,  29.09,  29.05,  29.00,  29.18,  29.13,  29.23,  29.33,  29.32,  29.25,  29.04,  29.08,  29.19,  29.18,  29.11,  29.24,  29.05,  29.13,  29.36,  29.24,  29.20,  29.01,  29.40,  29.49,  29.56,  29.65,  29.66,  29.76,  29.90,  30.04,  30.11
20240705, 0000,  , HU, 19.4N,  84.8W, 100,  962,   90,   60,   50,   80,   50,   30,   30,   40,   25,   15,   15,   25,   10,  29.27,  29.08,  28.84,  29.05,  29.04,  29.14,  29.31,  29.43,  29.50,  29.44,  29.33,  29.39,  29.38,  29.26,  29.47,  29.42,  29.35,  29.38,  29.31,  29.28,  29.14,  29.37,  29.47,  29.49,  29.59,  29.70,  29.76,  29.94,  30.13,  30.19,  30.10
20240705, 0600,  , HU, 19.8N,  86.2W,  95,  971,   90,   60,   50,   80,   50,   30,   30,   40,   25,   15,   15,   20,   10,  29.36,  29.19,  28.88,  29.23,  29.25,  29.31,  29.43,  29.54,  29.61,  29.54,  29.44,  29.42,  29.35,  29.30,  29.44,  29.36,  29.27,  29.45,  29.51,  29.35,  29.31,  29.44,  29.54,  29.57,  29.70,  29.78,  29.78,  29.92,  30.08,  30.08,  29.90
20240705, 1100, L, HU, 20.3N,  87.4W,  80,  977,   90,   60,   50,   80,   50,   30,   30,   40,   25,   15,   10,   20,   10,    nan,    nan,    nan,    nan,    nan,    nan,    nan,    nan,    nan,    nan,    nan,    nan,    nan,    nan,    nan,    nan,    nan,    nan,    nan,    nan,    nan,    nan,    nan,    nan,    nan,    nan,    nan,    nan,    nan,    nan,    nan
20240705, 1200,  , HU, 20.4N,  87.6W,  75,  980,   90,   60,   40,   80,   40,   30,   10,   30,   20,   15,    0,   20,   10,    nan,    nan,    nan,    nan,    nan,    nan,    nan,    nan,    nan,    nan,    nan,    nan,    nan,    nan,    nan,    nan,    nan,    nan,    nan,    nan,    nan,    nan,    nan,    nan,    nan,    nan,    nan,    nan,    nan,    nan,    nan
20240705, 1800,  , TS, 20.9N,  88.8W,  60,  987,   90,   50,   30,   80,   30,   20,    0,   20,    0,    0,    0,    0,   20,    nan,    nan,    nan,    nan,    nan,    nan,    nan,    nan,    nan,    nan,    nan,    nan,    nan,    nan,    nan,    nan,    nan,    nan,    nan,    nan,    nan,    nan,    nan,    nan,    nan,    nan,    nan,    nan,    nan,    nan,    nan
20240706, 0000,  , TS, 21.4N,  89.8W,  50,  996,  100,   40,   40,   80,   40,    0,    0,    0,    0,    0,    0,    0,   40,  27.28,  27.20,  27.05,  27.39,  27.59,  27.64,  27.59,  27.82,  28.03,  27.92,  27.64,  27.66,  27.72,  27.84,  27.92,  27.71,  27.72,  27.82,  27.91,  27.86,  28.22,  28.17,  28.13,  28.33,  28.80,  28.89,  28.84,  28.95,  29.12,  29.33,  29.41
20240706, 0600,  , TS, 21.9N,  90.9W,  45, 1001,  110,   40,   40,   80,    0,    0,    0,    0,    0,    0,    0,    0,   40,  28.80,  28.29,  28.49,  28.58,  28.72,  28.84,  29.04,  29.25,  29.39,  29.04,  28.90,  28.84,  28.71,  28.68,  28.75,  28.34,  28.19,  28.28,  28.35,  28.22,  28.46,  28.35,  28.33,  28.43,  28.69,  28.93,  29.06,  29.30,  29.45,  29.56,  29.61
20240706, 1200,  , TS, 22.6N,  91.8W,  50,  999,  110,   40,   40,   80,   40,    0,    0,   40,    0,    0,    0,    0,   40,  29.41,  28.79,  28.93,  29.04,  29.12,  29.14,  29.31,  29.54,  29.58,  29.48,  29.32,  29.36,  29.35,  29.35,  29.43,  29.33,  28.99,  29.00,  29.04,  28.87,  29.12,  29.09,  29.08,  29.14,  29.31,  29.53,  29.60,  29.73,  29.83,  29.92,  29.96
20240706, 1800,  , TS, 23.6N,  92.7W,  50,  997,  110,   40,   40,   80,   40,    0,    0,   40,    0,    0,    0,    0,   40,  29.36,  28.78,  28.96,  28.95,  28.99,  29.02,  29.13,  29.32,  29.40,  29.40,  29.27,  29.36,  29.36,  29.38,  29.48,  29.33,  28.97,  28.98,  29.00,  28.89,  29.14,  29.24,  29.35,  29.49,  29.71,  29.92,  30.02,  30.17,  30.40,  30.46,  30.38
20240707, 0000,  , TS, 24.4N,  93.6W,  50,  993,  110,   40,   40,   80,   40,    0,    0,   40,    0,    0,    0,    0,   35,  28.68,  28.81,  28.84,  28.84,  28.88,  29.05,  29.25,  29.34,  29.35,  29.21,  29.38,  29.44,  29.47,  29.58,  29.60,  29.40,  29.00,  29.12,  29.25,  29.14,  29.23,  29.44,  29.60,  29.72,  29.84,  30.15,  30.37,  30.63,  30.65,  30.57,  30.58
20240707, 0600,  , TS, 24.9N,  94.3W,  50,  995,  110,   40,   40,   90,   40,    0,    0,   40,    0,    0,    0,    0,   30,  28.82,  28.69,  28.77,  28.81,  28.85,  29.06,  29.28,  29.41,  29.44,  29.35,  29.64,  29.67,  29.67,  29.71,  29.75,  29.37,  29.00,  29.16,  29.29,  29.14,  29.21,  29.47,  29.68,  29.84,  29.96,  30.29,  30.50,  30.71,  30.76,  30.72,  30.69
20240707, 1200,  , TS, 25.5N,  94.9W,  55,  992,  110,   60,   50,   90,   40,   30,    0,   30,    0,    0,    0,    0,   30,  28.46,  28.43,  28.58,  28.67,  28.69,  28.85,  29.10,  29.26,  29.29,  29.24,  29.45,  29.43,  29.44,  29.55,  29.65,  29.41,  29.12,  29.09,  29.18,  29.02,  29.10,  29.31,  29.47,  29.72,  29.86,  30.13,  30.39,  30.61,  30.62,  30.56,  30.49
20240707, 1800,  , TS, 26.3N,  95.4W,  55,  990,  100,   80,   60,   80,   50,   40,   30,   30,    0,    0,    0,    0,   30,  28.81,  29.12,  29.18,  29.26,  29.27,  29.33,  29.54,  29.67,  29.68,  29.74,  29.96,  29.93,  29.93,  30.06,  30.06,  29.80,  29.27,  29.53,  29.97,  29.66,  29.64,  29.68,  29.81,  30.01,  30.11,  30.20,  30.26,  30.40,  30.51,  30.55,  30.44
20240708, 0000,  , TS, 27.1N,  95.7W,  60,  986,  100,   90,   60,   80,   50,   50,   30,   30,    0,    0,    0,    0,   25,  29.24,  29.36,  29.46,  29.46,  29.50,  29.62,  29.80,  29.87,  29.97,  30.33,  30.43,  30.47,  30.54,  30.52,  30.46,  29.74,  29.80,  30.15,  29.98,  29.98,  30.02,  30.13,  30.21,  30.21,  30.27,  30.35,  30.42,  30.56,  30.61,  30.53,  30.47
20240708, 0600,  , HU, 28.2N,  95.9W,  70,  982,  100,  100,   60,   80,   60,   60,   30,   30,   40,   40,    0,    0,   25,  29.23,  29.39,  29.61,  29.82,  30.06,  30.12,  30.23,  30.25,  30.40,  30.75,  30.68,  30.57,  30.50,  30.47,  30.28,  30.13,  30.26,  30.32,  30.08,  30.05,  30.14,  30.22,  30.21,  30.23,  30.18,  30.12,  30.09,  30.13,  30.10,  30.04,  29.97
20240708, 0840, L, HU, 28.6N,  96.0W,  80,  978,  100,  100,   60,   80,   70,   70,   30,   30,   50,   50,    0,    0,   25,    nan,    nan,    nan,    nan,    nan,    nan,    nan,    nan,    nan,    nan,    nan,    nan,    nan,    nan,    nan,    nan,    nan,    nan,    nan,    nan,    nan,    nan,    nan,    nan,    nan,    nan,    nan,    nan,    nan,    nan,    nan
20240708, 1200,  , HU, 29.3N,  96.0W,  70,  978,  100,  110,   60,   60,   70,   70,   30,   30,   40,   30,    0,    0,   30,    nan,    nan,    nan,    nan,    nan,    nan,    nan,    nan,    nan,    nan,    nan,    nan,    nan,    nan,    nan,    nan,    nan,    nan,    nan,    nan,    nan,    nan,    nan,    nan,    nan,    nan,    nan,    nan,    nan,    nan,    nan
20240708, 1800,  , TS, 30.7N,  95.6W,  50,  988,   40,  120,   30,   30,    0,   30,    0,    0,    0,    0,    0,    0,   30,    nan,    nan,    nan,    nan,    nan,    nan,    nan,    nan,    nan,    nan,    nan,    nan,    nan,    nan,    nan,    nan,    nan,    nan,    nan,    nan,    nan,    nan,    nan,    nan,    nan,    nan,    nan,    nan,    nan,    nan,    nan
20240709, 0000,  , TD, 32.1N,  94.9W,  30,  997,    0,    0,    0,    0,    0,    0,    0,    0,    0,    0,    0,    0,   90,    nan,    nan,    nan,    nan,    nan,    nan,    nan,    nan,    nan,    nan,    nan,    nan,    nan,    nan,    nan,    nan,    nan,    nan,    nan,    nan,    nan,    nan,    nan,    nan,    nan,    nan,    nan,    nan,    nan,    nan,    nan
20240709, 0600,  , TD, 33.4N,  94.1W,  25, 1004,    0,    0,    0,    0,    0,    0,    0,    0,    0,    0,    0,    0,   90,    nan,    nan,    nan,    nan,    nan,    nan,    nan,    nan,    nan,    nan,    nan,    nan,    nan,    nan,    nan,    nan,    nan,    nan,    nan,    nan,    nan,    nan,    nan,    nan,    nan,    nan,    nan,    nan,    nan,    nan,    nan
20240709, 1200,  , EX, 35.0N,  92.4W,  25, 1004,    0,    0,    0,    0,    0,    0,    0,    0,    0,    0,    0,    0,   90,    nan,    nan,    nan,    nan,    nan,    nan,    nan,    nan,    nan,    nan,    nan,    nan,    nan,    nan,    nan,    nan,    nan,    nan,    nan,    nan,    nan,    nan,    nan,    nan,    nan,    nan,    nan,    nan,    nan,    nan,    nan
20240709, 1800,  , EX, 36.9N,  90.3W,  25, 1005,    0,    0,    0,    0,    0,    0,    0,    0,    0,    0,    0,    0,   85,    nan,    nan,    nan,    nan,    nan,    nan,    nan,    nan,    nan,    nan,    nan,    nan,    nan,    nan,    nan,    nan,    nan,    nan,    nan,    nan,    nan,    nan,    nan,    nan,    nan,    nan,    nan,    nan,    nan,    nan,    nan
20240710, 0000,  , EX, 38.9N,  87.3W,  25, 1004,    0,    0,    0,    0,    0,    0,    0,    0,    0,    0,    0,    0,   85,    nan,    nan,    nan,    nan,    nan,    nan,    nan,    nan,    nan,    nan,    nan,    nan,    nan,    nan,    nan,    nan,    nan,    nan,    nan,    nan,    nan,    nan,    nan,    nan,    nan,    nan,    nan,    nan,    nan,    nan,    nan
20240710, 0600,  , EX, 40.4N,  86.1W,  25, 1002,    0,    0,    0,    0,    0,    0,    0,    0,    0,    0,    0,    0,   85,    nan,    nan,    nan,    nan,    nan,    nan,    nan,    nan,    nan,    nan,    nan,    nan,    nan,    nan,    nan,    nan,    nan,    nan,    nan,    nan,    nan,    nan,    nan,    nan,    nan,    nan,    nan,    nan,    nan,    nan,    nan
20240710, 1200,  , EX, 41.5N,  84.8W,  25, 1001,    0,    0,    0,    0,    0,    0,    0,    0,    0,    0,    0,    0,  100,    nan,    nan,    nan,    nan,    nan,    nan,    nan,    nan,    nan,    nan,    nan,    nan,    nan,    nan,    nan,    nan,    nan,    nan,    nan,    nan,    nan,    nan,    nan,    nan,    nan,    nan,    nan,    nan,    nan,    nan,    nan
20240710, 1800,  , EX, 42.2N,  82.9W,  30, 1001,    0,    0,    0,    0,    0,    0,    0,    0,    0,    0,    0,    0,  100,    nan,    nan,    nan,    nan,    nan,    nan,    nan,    nan,    nan,    nan,    nan,    nan,    nan,    nan,    nan,    nan,    nan,    nan,    nan,    nan,    nan,    nan,    nan,    nan,    nan,    nan,    nan,    nan,    nan,    nan,    nan
20240711, 0000,  , EX, 42.7N,  81.3W,  30, 1003,    0,    0,    0,    0,    0,    0,    0,    0,    0,    0,    0,    0,   85,  19.63,  19.20,  19.11,  19.12,  18.74,  18.69,  18.90,  19.26,  19.64,  20.39,  20.74,  20.90,  21.19,  21.82,  22.61,  20.78,  21.31,  22.29,  22.54,  22.27,  22.11,  21.93,  21.51,  21.34,  21.35,  21.38,  21.68,  22.10,  22.24,  22.36,  22.53
20240711, 0600,  , EX, 42.9N,  80.0W,  25, 1005,    0,    0,    0,    0,    0,    0,    0,    0,    0,    0,    0,    0,   85,    nan,    nan,    nan,    nan,    nan,    nan,    nan,    nan,    nan,    nan,    nan,    nan,    nan,    nan,    nan,    nan,    nan,    nan,    nan,    nan,    nan,    nan,    nan,    nan,    nan,    nan,    nan,    nan,    nan,    nan,    nan
20240711, 1200,  , EX, 43.1N,  78.6W,  25, 1009,    0,    0,    0,    0,    0,    0,    0,    0,    0,    0,    0,    0,   60,    nan,    nan,    nan,    nan,    nan,    nan,    nan,    nan,    nan,    nan,    nan,    nan,    nan,    nan,    nan,    nan,    nan,    nan,    nan,    nan,    nan,    nan,    nan,    nan,    nan,    nan,    nan,    nan,    nan,    nan,    nan
