AL022007,              BARRY,     24,
20070531, 0000,  , LO, 18.1N,  87.0W,  25, 1008,    0,    0,    0,    0,    0,    0,    0,    0,    0,    0,    0,    0, -999,  28.49,  28.34,  28.63,  28.76,  28.73,  28.59,  28.88,  29.11,  29.17,  29.20,  29.05,  29.18,  29.22,  29.28,  29.51,  29.52,  29.65,  29.48,  29.43,  29.56,  29.54,  29.39,  29.10,  29.12,  29.46,  29.73,  29.77,  29.74,  29.80,  29.74,  29.91
20070531, 0600,  , LO, 18.7N,  86.9W,  25, 1007,    0,    0,    0,    0,    0,    0,    0,    0,    0,    0,    0,    0, -999,  28.34,  28.27,  28.46,  28.53,  28.48,  28.49,  28.84,  28.98,  29.06,  29.19,  29.04,  29.05,  29.09,  29.11,  29.08,  29.13,  29.41,  29.35,  29.33,  29.35,  29.27,  29.35,  29.05,  29.10,  29.45,  29.67,  29.81,  29.78,  29.77,  29.74,  29.87
20070531, 1200,  , LO, 19.1N,  86.8W,  25, 1006,    0,    0,    0,    0,    0,    0,    0,    0,    0,    0,    0,    0, -999,  28.28,  28.24,  28.40,  28.40,  28.36,  28.54,  28.91,  29.01,  29.07,  29.18,  29.03,  29.05,  29.12,  29.14,  29.10,  29.09,  29.37,  29.35,  29.33,  29.34,  29.26,  29.33,  29.02,  29.06,  29.38,  29.54,  29.64,  29.63,  29.64,  29.57,  29.54
20070531, 1800,  , LO, 19.6N,  86.6W,  25, 1005,    0,    0,    0,    0,    0,    0,    0,    0,    0,    0,    0,    0, -999,  28.24,  28.23,  28.29,  28.26,  28.12,  28.48,  28.83,  28.96,  29.07,  29.13,  28.97,  28.96,  29.07,  29.10,  29.06,  29.01,  29.29,  29.30,  29.24,  29.23,  29.23,  29.25,  28.88,  28.92,  29.28,  29.46,  29.51,  29.51,  29.51,  29.29,  29.29
20070601, 0000,  , LO, 20.1N,  86.0W,  25, 1005,    0,    0,    0,    0,    0,    0,    0,    0,    0,    0,    0,    0, -999,  28.46,  28.44,  28.46,  28.43,  28.69,  28.81,  28.94,  28.98,  28.94,  28.65,  28.71,  28.70,  28.64,  28.61,  28.55,  28.82,  28.81,  28.75,  28.66,  28.92,  28.98,  28.74,  28.81,  29.17,  29.28,  29.39,  29.43,  29.61,  29.16,  29.07,  29.08
20070601, 0600,  , LO, 21.2N,  85.8W,  25, 1005,    0,    0,    0,    0,    0,    0,    0,    0,    0,    0,    0,    0, -999,  28.07,  28.12,  28.37,  28.41,  28.63,  28.70,  28.68,  28.62,  28.52,  28.26,  28.55,  28.72,  28.72,  28.60,  28.46,  28.61,  28.62,  28.52,  28.37,  28.84,  28.96,  28.82,  28.98,  29.15,  29.16,  29.25,  29.22,  29.15,  28.82,  28.87,  29.00
20070601, 1200,  , TD, 22.3N,  85.8W,  30, 1004,    0,    0,    0,    0,    0,    0,    0,    0,    0,    0,    0,    0, -999,  27.81,  27.82,  27.85,  27.88,  28.31,  28.46,  28.52,  28.48,  28.37,  28.18,  27.98,  28.17,  28.19,  28.14,  28.40,  28.28,  28.29,  28.63,  28.93,  28.97,  28.78,  28.62,  28.77,  28.86,  28.54,  28.79,  28.89,  28.78,  28.92,  28.97,  28.93
20070601, 1800,  , TS, 23.6N,  85.7W,  40, 1000,   80,   40,   30,   30,    0,    0,    0,    0,    0,    0,    0,    0, -999,  27.36,  27.50,  27.60,  27.56,  27.63,  27.77,  27.87,  27.85,  27.89,  27.42,  27.19,  27.44,  27.42,  27.31,  27.28,  26.80,  27.01,  27.72,  28.01,  28.23,  28.48,  28.56,  27.62,  27.40,  27.22,  27.50,  27.81,  28.02,  28.15,  28.24,  28.32
20070602, 0000,  , TS, 24.3N,  85.2W,  50,  997,   80,   40,   30,   50,   20,    0,    0,   20,    0,    0,    0,    0, -999,  27.53,  27.43,  27.36,  27.15,  27.21,  27.33,  27.41,  27.53,  27.44,  27.47,  27.68,  27.64,  27.54,  27.19,  26.43,  26.55,  27.09,  27.50,  27.89,  28.14,  28.23,  27.80,  27.83,  28.05,  28.47,  28.82,  28.93,  29.09,  29.21,  28.85,  28.52
20070602, 0600,  , TS, 25.1N,  84.6W,  45,  998,   80,   40,   30,   80,    0,    0,    0,    0,    0,    0,    0,    0, -999,  27.29,  27.48,  27.28,  27.03,  27.25,  27.30,  26.81,  26.43,  26.19,  25.60,  25.83,  25.84,  25.87,  25.96,  25.25,  25.40,  25.95,  26.50,  26.86,  27.12,  27.20,  27.19,  27.36,  27.59,  28.00,  28.49,  28.73,  28.71,  28.65,  28.54,  28.53
20070602, 1200,  , TS, 27.0N,  83.2W,  40, 1000,   80,   40,   30,   80,    0,    0,    0,    0,    0,    0,    0,    0, -999,  24.63,  24.59,  24.39,  24.49,  24.57,  24.80,  24.87,  24.89,  24.95,  24.96,  25.09,  25.32,  25.52,  25.47,  24.94,  25.02,  25.28,  25.50,  25.63,  25.74,  25.99,  26.33,  26.66,  26.66,  27.01,  27.51,  27.61,  27.47,  27.33,  27.34,  27.44
20070602, 1400, L, TD, 27.5N,  82.7W,  30, 1000,    0,    0,    0,    0,    0,    0,    0,    0,    0,    0,    0,    0, -999,  24.51,  24.83,  24.73,  24.63,  24.53,  24.54,  24.59,  24.58,  24.50,  24.42,  24.51,  24.78,  24.80,  24.52,  24.41,  24.40,  24.77,  25.08,  25.41,  25.48,  25.57,  25.66,  26.20,  26.33,  26.96,  27.32,  27.60,  27.81,  27.67,  27.51,  27.57
20070602, 1800,  , TD, 29.7N,  82.1W,  30, 1001,    0,    0,    0,    0,    0,    0,    0,    0,    0,    0,    0,    0, -999,    nan,    nan,    nan,    nan,    nan,    nan,    nan,    nan,    nan,    nan,    nan,    nan,    nan,    nan,    nan,    nan,    nan,    nan,    nan,    nan,    nan,    nan,    nan,    nan,    nan,    nan,    nan,    nan,    nan,    nan,    nan
20070603, 0000,  , EX, 31.4N,  81.4W,  35,  997,  120,    0,    0,    0,    0,    0,    0,    0,    0,    0,    0,    0, -999,    nan,    nan,    nan,    nan,    nan,    nan,    nan,    nan,    nan,    nan,    nan,    nan,    nan,    nan,    nan,    nan,    nan,    nan,    nan,    nan,    nan,    nan,    nan,    nan,    nan,    nan,    nan,    nan,    nan,    nan,    nan
20070603, 0600,  , EX, 32.1N,  81.0W,  40,  994,  120,  120,    0,    0,    0,    0,    0,    0,    0,    0,    0,    0, -999,    nan,    nan,    nan,    nan,    nan,    nan,    nan,    nan,    nan,    nan,    nan,    nan,    nan,    nan,    nan,    nan,    nan,    nan,    nan,    nan,    nan,    nan,    nan,    nan,    nan,    nan,    nan,    nan,    nan,    nan,    nan
20070603, 1200,  , EX, 32.8N,  80.0W,  40,  994,  125,  150,  125,    0,    0,    0,    0,    0,    0,    0,    0,    0, -999,    nan,    nan,    nan,    nan,    nan,    nan,    nan,    nan,    nan,    nan,    nan,    nan,    nan,    nan,    nan,    nan,    nan,    nan,    nan,    nan,    nan,    nan,    nan,    nan,    nan,    nan,    nan,    nan,    nan,    nan,    nan
20070603, 1800,  , EX, 33.7N,  78.4W,  40,  994,  150,  150,  150,    0,    0,    0,    0,    0,    0,    0,    0,    0, -999,  20.71,  20.89,  21.19,  21.57,  21.75,  21.80,  22.05,  22.35,  22.68,  22.91,  23.25,  23.69,  23.77,  23.48,  23.56,  23.73,  23.76,  23.80,  24.26,  24.64,  24.76,  24.82,  25.32,  25.48,  25.57,  25.63,  25.35,  25.02,  24.82,  24.93,  25.48
20070604, 0000,  , EX, 35.3N,  76.0W,  40,  992,  150,  150,  150,    0,    0,    0,    0,    0,    0,    0,    0,    0, -999,  18.80,  19.22,  19.20,  19.83,  20.64,  21.20,  21.32,  21.73,  21.98,  22.49,  22.86,  22.86,  23.33,  23.83,  23.40,  22.68,  22.92,  24.38,  24.91,  25.06,  25.47,  25.53,  25.52,  25.67,  25.74,  25.01,  23.68,  23.57,  23.70,  24.39,  24.88
20070604, 0600,  , EX, 37.2N,  74.6W,  40,  990,  150,  150,  150,    0,    0,    0,    0,    0,    0,    0,    0,    0, -999,  11.24,  11.94,  12.12,  13.12,  14.72,  15.14,  15.19,  15.65,  16.61,  17.07,  17.08,  17.08,  18.29,  18.56,  18.35,  18.50,  18.67,  18.67,  18.54,  19.33,  20.03,  19.93,  20.07,  20.43,  19.93,  19.58,  20.15,  19.62,  18.36,  19.55,  20.97
20070604, 1200,  , EX, 39.0N,  73.2W,  40,  990,  150,  150,  150,    0,    0,    0,    0,    0,    0,    0,    0,    0, -999,  10.26,  10.86,  11.63,  11.70,  12.33,  13.07,  13.29,  14.33,  15.36,  15.49,  15.79,  16.24,  16.65,  17.38,  17.41,  17.02,  17.06,  16.87,  17.08,  18.36,  18.60,  17.64,  17.54,  18.17,  16.80,  16.31,  16.36,  16.23,  15.36,  15.89,  16.14
20070604, 1800,  , EX, 40.7N,  72.1W,  35,  991,  150,  150,  150,    0,    0,    0,    0,    0,    0,    0,    0,    0, -999,  10.75,  10.75,  11.06,  11.83,  11.78,  11.86,  12.92,  13.44,  14.24,  14.55,  14.79,  14.72,  14.33,  14.53,  14.72,  14.34,  14.53,  14.68,  14.27,  14.12,  14.57,  15.51,  15.85,  15.88,  15.43,  15.41,  15.66,  15.57,  16.01,  16.66,  16.75
20070605, 0000,  , EX, 42.4N,  70.8W,  35,  992,  150,  150,  150,    0,    0,    0,    0,    0,    0,    0,    0,    0, -999,   9.75,  10.36,  10.94,  10.97,  12.01,  13.28,  13.75,  13.82,  14.02,  13.83,  14.02,  14.67,  15.34,  14.92,  13.83,  13.32,  13.17,  13.20,  14.02,  14.43,  14.28,  14.94,  15.34,  14.99,  14.25,  14.00,  14.64,  15.85,  16.97,  17.42,  17.51
20070605, 0600,  , EX, 44.6N,  69.5W,  30,  992,    0,    0,    0,    0,    0,    0,    0,    0,    0,    0,    0,    0, -999,    nan,    nan,    nan,    nan,    nan,    nan,    nan,    nan,    nan,    nan,    nan,    nan,    nan,    nan,    nan,    nan,    nan,    nan,    nan,    nan,    nan,    nan,    nan,    nan,    nan,    nan,    nan,    nan,    nan,    nan,    nan
20070605, 1200,  , EX, 47.5N,  68.5W,  30,  992,    0,    0,    0,    0,    0,    0,    0,    0,    0,    0,    0,    0, -999,    nan,    nan,    nan,    nan,    nan,    nan,    nan,    nan,    nan,    nan,    nan,    nan,    nan,    nan,    nan,    nan,    nan,    nan,    nan,    nan,    nan,    nan,    nan,    nan,    nan,    nan,    nan,    nan,    nan,    nan,    nan
