AL032023,               BRET,     23,
20230619, 0600,  , TD, 10.7N,  37.3W,  30, 1009,    0,    0,    0,    0,    0,    0,    0,    0,    0,    0,    0,    0,   60,  27.26,  27.42,  27.69,  27.85,  28.02,  28.19,  28.28,  28.29,  28.26,  28.22,  28.18,  28.17,  28.26,  28.32,  28.43,  28.39,  28.56,  28.59,  28.62,  28.55,  28.56,  28.61,  28.40,  28.26,  28.24,  28.23,  28.30,  28.26,  28.15,  28.04,  28.09
20230619, 1200,  , TD, 10.9N,  39.1W,  30, 1009,    0,    0,    0,    0,    0,    0,    0,    0,    0,    0,    0,    0,   60,  26.53,  26.55,  26.92,  27.15,  27.31,  27.54,  27.70,  27.80,  27.82,  27.83,  27.79,  27.84,  27.98,  28.11,  28.16,  28.20,  28.29,  28.31,  28.35,  28.36,  28.34,  28.41,  28.17,  28.10,  28.18,  28.26,  28.32,  28.26,  28.22,  28.10,  28.14
20230619, 1800,  , TS, 11.1N,  40.9W,  35, 1008,   40,   30,    0,    0,    0,    0,    0,    0,    0,    0,    0,    0,   40,  26.92,  26.96,  27.17,  27.28,  27.32,  27.40,  27.45,  27.44,  27.36,  27.05,  27.10,  27.16,  27.33,  27.45,  27.50,  27.62,  27.71,  27.54,  27.57,  27.61,  27.67,  27.64,  27.31,  27.13,  27.28,  27.44,  27.59,  27.63,  27.72,  27.65,  27.71
20230620, 0000,  , TS, 11.3N,  42.7W,  35, 1008,   40,   30,    0,   40,    0,    0,    0,    0,    0,    0,    0,    0,   40,  27.33,  27.47,  27.67,  27.74,  27.84,  27.95,  27.99,  28.00,  27.87,  27.76,  27.78,  27.90,  27.96,  28.04,  28.07,  28.09,  27.92,  28.00,  28.10,  28.07,  28.03,  27.78,  27.59,  27.49,  27.56,  27.58,  27.61,  27.64,  27.49,  27.39,  27.64
20230620, 0600,  , TS, 11.5N,  44.5W,  35, 1008,   40,   30,    0,   40,    0,    0,    0,    0,    0,    0,    0,    0,   40,  27.54,  27.61,  27.79,  27.91,  27.97,  28.04,  28.07,  28.06,  27.99,  27.87,  27.85,  27.98,  28.05,  28.11,  28.11,  28.10,  27.95,  28.14,  28.21,  28.13,  28.16,  28.05,  27.78,  27.74,  27.85,  27.83,  27.87,  27.92,  27.84,  27.74,  27.91
20230620, 1200,  , TS, 11.7N,  46.3W,  35, 1008,   50,   40,    0,   50,    0,    0,    0,    0,    0,    0,    0,    0,   40,  27.49,  27.57,  27.77,  27.94,  28.01,  28.13,  28.20,  28.17,  28.13,  28.10,  28.08,  28.20,  28.30,  28.35,  28.37,  28.51,  28.39,  28.45,  28.50,  28.46,  28.50,  28.52,  28.44,  28.28,  28.32,  28.45,  28.51,  28.50,  28.41,  28.26,  28.42
20230620, 1800,  , TS, 12.0N,  48.0W,  40, 1006,   50,   40,    0,   50,    0,    0,    0,    0,    0,    0,    0,    0,   30,  27.50,  27.62,  27.78,  27.91,  27.96,  27.98,  28.06,  28.00,  27.80,  27.69,  27.67,  27.78,  27.87,  27.83,  27.89,  27.96,  28.00,  27.97,  27.99,  27.97,  28.00,  27.98,  27.70,  27.58,  27.67,  27.79,  27.86,  27.97,  28.02,  27.86,  27.93
20230621, 0000,  , TS, 12.4N,  49.4W,  45, 1004,   50,   40,    0,   50,    0,    0,    0,    0,    0,    0,    0,    0,   30,  28.12,  28.29,  28.42,  28.44,  28.41,  28.45,  28.43,  28.27,  28.12,  28.06,  28.16,  28.23,  28.17,  28.19,  28.23,  28.20,  28.07,  27.99,  27.91,  27.91,  27.84,  27.76,  27.45,  27.56,  27.63,  27.64,  27.74,  27.80,  27.60,  27.72,  28.14
20230621, 0600,  , TS, 12.7N,  50.7W,  50, 1001,   60,   40,    0,   60,   20,    0,    0,    0,    0,    0,    0,    0,   20,  28.09,  28.33,  28.50,  28.56,  28.59,  28.65,  28.68,  28.59,  28.43,  28.35,  28.51,  28.64,  28.57,  28.61,  28.66,  28.69,  28.50,  28.46,  28.49,  28.45,  28.41,  28.43,  28.23,  28.31,  28.37,  28.41,  28.46,  28.46,  28.38,  28.32,  28.51
20230621, 1200,  , TS, 13.0N,  52.0W,  50, 1001,   70,   40,    0,   70,   20,    0,    0,    0,    0,    0,    0,    0,   20,  28.18,  28.39,  28.54,  28.59,  28.62,  28.66,  28.66,  28.55,  28.36,  28.32,  28.45,  28.59,  28.55,  28.53,  28.47,  28.49,  28.31,  28.35,  28.47,  28.43,  28.42,  28.29,  28.28,  28.47,  28.56,  28.59,  28.66,  28.66,  28.59,  28.52,  28.69
20230621, 1800,  , TS, 13.3N,  53.3W,  55, 1000,   90,   40,    0,   80,   30,    0,    0,   20,    0,    0,    0,    0,   20,  28.45,  28.64,  28.77,  28.78,  28.81,  28.86,  28.79,  28.76,  28.61,  28.54,  28.58,  28.67,  28.70,  28.64,  28.66,  28.75,  28.55,  28.48,  28.42,  28.30,  28.28,  28.22,  28.21,  28.26,  28.40,  28.50,  28.57,  28.63,  28.60,  28.58,  28.76
20230622, 0000,  , TS, 13.4N,  54.6W,  55,  999,  100,   40,    0,   80,   30,    0,    0,   20,    0,    0,    0,    0,   20,  28.75,  28.97,  29.08,  29.12,  29.25,  29.19,  29.16,  29.06,  28.96,  28.94,  29.03,  29.08,  28.96,  28.91,  29.01,  28.96,  28.87,  28.88,  28.80,  28.75,  28.78,  28.62,  28.52,  28.61,  28.71,  28.75,  28.79,  28.66,  28.66,  28.75,  28.98
20230622, 0600,  , TS, 13.5N,  55.9W,  60,  996,  100,   40,    0,   90,   30,    0,    0,   20,    0,    0,    0,    0,   20,  28.48,  28.70,  28.79,  28.85,  28.97,  28.97,  29.01,  28.92,  28.82,  28.84,  28.95,  29.00,  28.98,  28.97,  29.01,  29.01,  28.91,  28.92,  28.77,  28.74,  28.72,  28.50,  28.39,  28.51,  28.66,  28.68,  28.80,  28.72,  28.71,  28.77,  28.94
20230622, 1200,  , TS, 13.5N,  57.3W,  60,  998,  110,   60,    0,  100,   40,    0,    0,   40,    0,    0,    0,    0,   20,  28.80,  28.90,  29.01,  29.03,  29.06,  29.04,  29.02,  28.87,  28.74,  28.74,  28.86,  28.91,  28.87,  28.85,  28.82,  28.87,  28.88,  28.87,  28.72,  28.74,  28.79,  28.50,  28.47,  28.71,  28.77,  28.81,  28.94,  28.87,  28.73,  28.75,  28.88
20230622, 1800,  , TS, 13.4N,  58.8W,  55, 1000,  110,   80,    0,  110,   60,    0,    0,   60,    0,    0,    0,    0,   30,  28.61,  28.72,  28.79,  28.81,  28.85,  28.88,  28.91,  28.74,  28.64,  28.67,  28.76,  28.85,  28.86,  28.86,  28.86,  28.98,  28.93,  28.83,  28.76,  28.74,  28.68,  28.59,  28.61,  28.66,  28.73,  28.76,  28.89,  28.92,  28.84,  28.88,  28.95
20230623, 0000,  , TS, 13.3N,  60.3W,  55, 1001,  110,   80,    0,  110,   60,    0,    0,   60,    0,    0,    0,    0,   30,  28.79,  28.86,  28.92,  28.99,  29.00,  29.04,  28.89,  28.75,  28.82,  28.98,  29.07,  29.05,  28.99,  28.96,  28.93,  28.92,  28.93,  28.83,  28.78,  28.81,  29.00,  28.75,  28.78,  28.82,  28.95,  29.07,  29.11,  29.01,  28.98,  29.00,  29.09
20230623, 0315, L, TS, 13.3N,  61.2W,  55, 1001,  110,   80,    0,  110,   60,    0,    0,   60,    0,    0,    0,    0,   30,  28.94,  28.95,  29.02,  29.06,  29.05,  29.02,  28.84,  28.65,  28.66,  28.82,  28.90,  28.90,  28.86,  28.84,  28.85,  28.88,  28.92,  28.80,  28.75,  28.76,  28.85,  28.75,  28.85,  28.94,  29.03,  29.07,  29.06,  29.04,  29.05,  29.08,  29.15
20230623, 0600,  , TS, 13.3N,  62.0W,  50, 1001,  110,   80,    0,  110,   60,    0,    0,   40,    0,    0,    0,    0,   30,  28.99,  28.94,  29.01,  29.04,  29.07,  29.07,  28.91,  28.76,  28.83,  28.95,  29.01,  28.99,  28.96,  28.94,  28.90,  28.96,  28.99,  28.89,  28.87,  28.98,  28.92,  28.75,  28.80,  28.88,  29.01,  29.05,  29.02,  28.98,  29.04,  29.12,  29.20
20230623, 1200,  , TS, 13.2N,  63.8W,  50, 1002,  120,   80,    0,  120,   60,    0,    0,    0,    0,    0,    0,    0,   30,  29.01,  29.01,  28.94,  28.93,  28.97,  28.91,  28.68,  28.58,  28.57,  28.59,  28.63,  28.57,  28.50,  28.52,  28.57,  28.75,  28.81,  28.79,  28.71,  28.80,  28.99,  29.01,  28.90,  28.96,  29.10,  29.10,  29.08,  29.05,  29.10,  29.09,  29.18
20230623, 1800,  , TS, 13.1N,  65.6W,  45, 1003,  120,    0,    0,  120,    0,    0,    0,    0,    0,    0,    0,    0,   30,  28.51,  28.59,  28.60,  28.74,  28.79,  28.79,  28.77,  28.66,  28.69,  28.76,  28.81,  28.78,  28.86,  28.93,  28.97,  28.99,  28.80,  28.78,  28.68,  28.70,  28.86,  28.91,  28.79,  28.87,  29.02,  28.98,  29.09,  28.89,  28.93,  28.87,  28.92
20230624, 0000,  , TS, 13.0N,  67.4W,  45, 1004,   90,    0,    0,   90,    0,    0,    0,    0,    0,    0,    0,    0,   30,  28.70,  28.66,  28.69,  28.67,  28.62,  28.56,  28.35,  28.30,  28.31,  28.32,  28.25,  28.28,  28.31,  28.40,  28.44,  28.52,  28.49,  28.52,  28.57,  28.79,  28.79,  28.77,  28.83,  28.94,  28.91,  29.06,  29.06,  28.92,  28.92,  28.93,  29.00
20230624, 0600,  , TS, 13.0N,  69.2W,  40, 1005,   90,    0,    0,   60,    0,    0,    0,    0,    0,    0,    0,    0,   30,  28.91,  28.88,  28.90,  28.96,  28.96,  28.93,  28.75,  28.60,  28.57,  28.62,  28.60,  28.59,  28.63,  28.66,  28.70,  28.85,  28.75,  28.71,  28.71,  28.86,  28.85,  28.85,  28.81,  28.86,  28.86,  28.91,  28.92,  28.80,  28.78,  28.75,  28.84
20230624, 1200,  , TS, 13.0N,  70.9W,  40, 1007,   90,    0,    0,   40,    0,    0,    0,    0,    0,    0,    0,    0,   40,  28.39,  28.35,  28.31,  28.29,  28.16,  28.04,  27.84,  27.68,  27.69,  27.88,  28.06,  28.10,  28.04,  28.05,  28.04,  28.22,  28.28,  28.31,  28.31,  28.51,  28.65,  28.80,  28.62,  28.51,  28.51,  28.59,  28.68,  28.51,  28.56,  28.65,  28.89
