AL031986,            UNNAMED,     21,
19860723, 1200,  , TD, 24.0N,  54.9W,  20, -999, -999, -999, -999, -999, -999, -999, -999, -999, -999, -999, -999, -999, -999,  26.93,  27.01,  27.09,  27.12,  27.12,  27.27,  27.41,  25.93,  25.60,  26.26,  26.46,  26.56,  26.67,  27.80,  27.83,  27.80,  27.39,  27.43,  27.70,  27.77,  27.69,  27.49,  27.47,  27.48,  27.42,  27.58,  27.47,  27.00,  26.80,  26.95,  27.32
19860723, 1800,  , TD, 24.3N,  56.1W,  20, -999, -999, -999, -999, -999, -999, -999, -999, -999, -999, -999, -999, -999, -999,  26.98,  27.21,  27.14,  27.06,  27.38,  27.68,  27.57,  25.98,  25.67,  27.01,  26.58,  26.44,  26.28,  27.20,  27.80,  27.93,  27.43,  27.35,  27.39,  27.40,  27.60,  27.54,  27.49,  27.57,  27.45,  27.56,  27.52,  27.31,  27.01,  26.95,  27.74
19860724, 0000,  , TD, 24.6N,  57.5W,  20, -999, -999, -999, -999, -999, -999, -999, -999, -999, -999, -999, -999, -999, -999,  27.05,  27.04,  27.21,  27.48,  27.78,  27.76,  26.87,  26.67,  27.34,  27.31,  27.38,  26.86,  26.47,  27.29,  28.02,  27.74,  27.23,  27.20,  27.26,  27.59,  27.82,  27.59,  27.48,  27.31,  27.36,  27.74,  27.87,  27.89,  26.87,  27.35,  27.48
19860724, 0600,  , TD, 24.8N,  58.9W,  25, -999, -999, -999, -999, -999, -999, -999, -999, -999, -999, -999, -999, -999, -999,  28.05,  27.76,  27.65,  27.96,  28.22,  28.34,  27.78,  27.68,  27.66,  27.14,  27.22,  27.03,  27.01,  27.78,  28.54,  28.59,  28.52,  28.41,  27.85,  27.84,  28.01,  28.05,  27.73,  27.35,  27.42,  27.51,  27.62,  27.76,  26.79,  26.92,  27.30
19860724, 1200,  , TD, 25.0N,  60.0W,  25, -999, -999, -999, -999, -999, -999, -999, -999, -999, -999, -999, -999, -999, -999,  28.22,  28.17,  28.39,  28.43,  28.49,  28.67,  28.70,  28.34,  28.24,  27.15,  27.30,  27.76,  27.69,  27.68,  28.52,  28.80,  28.83,  28.52,  28.30,  28.32,  28.19,  28.29,  28.02,  27.79,  27.48,  27.43,  27.37,  27.50,  27.23,  27.53,  27.67
19860724, 1800,  , TD, 25.5N,  61.0W,  25, -999, -999, -999, -999, -999, -999, -999, -999, -999, -999, -999, -999, -999, -999,  28.01,  28.26,  28.59,  28.50,  28.67,  28.88,  28.89,  28.50,  28.26,  26.92,  27.17,  28.06,  27.91,  27.76,  28.71,  28.90,  28.87,  28.61,  28.66,  28.69,  28.38,  28.22,  27.94,  27.88,  27.58,  27.57,  27.64,  27.54,  27.33,  27.33,  27.38
19860725, 0000,  , TD, 26.0N,  61.8W,  25, -999, -999, -999, -999, -999, -999, -999, -999, -999, -999, -999, -999, -999, -999,  28.33,  28.47,  28.42,  28.47,  28.66,  28.85,  28.65,  28.64,  26.85,  27.17,  27.77,  27.76,  27.85,  28.28,  28.42,  28.36,  28.63,  28.60,  28.53,  28.49,  28.20,  28.16,  28.15,  28.14,  28.12,  28.02,  28.07,  28.03,  27.84,  27.59,  28.02
19860725, 0600,  , TD, 26.4N,  62.3W,  25, -999, -999, -999, -999, -999, -999, -999, -999, -999, -999, -999, -999, -999, -999,  27.95,  27.92,  27.87,  28.36,  28.62,  28.76,  28.73,  28.72,  26.63,  26.77,  27.52,  27.73,  27.86,  28.00,  28.07,  28.00,  28.22,  28.48,  28.57,  28.57,  28.21,  28.33,  28.29,  28.28,  28.42,  28.08,  28.12,  28.07,  27.95,  27.75,  28.00
19860725, 1200,  , TD, 27.0N,  63.0W,  25, -999, -999, -999, -999, -999, -999, -999, -999, -999, -999, -999, -999, -999, -999,  27.85,  27.92,  27.95,  28.72,  28.79,  28.68,  28.57,  28.52,  26.65,  26.47,  27.08,  27.42,  27.73,  27.39,  27.14,  27.53,  28.31,  28.42,  28.45,  28.60,  28.03,  28.32,  27.99,  27.87,  28.29,  27.61,  27.54,  27.56,  27.58,  27.55,  27.68
19860725, 1800,  , TD, 27.9N,  63.8W,  30, -999, -999, -999, -999, -999, -999, -999, -999, -999, -999, -999, -999, -999, -999,  27.64,  27.68,  27.89,  28.27,  28.30,  28.42,  26.72,  26.63,  27.02,  27.11,  26.95,  27.41,  27.98,  28.11,  28.10,  27.87,  28.16,  28.32,  27.92,  27.82,  28.02,  28.13,  28.08,  27.96,  28.40,  27.98,  27.95,  27.94,  27.89,  27.74,  27.80
19860726, 0000,  , TD, 28.5N,  64.2W,  30, -999, -999, -999, -999, -999, -999, -999, -999, -999, -999, -999, -999, -999, -999,  27.54,  27.73,  28.00,  28.04,  28.12,  26.20,  26.22,  26.78,  27.24,  26.98,  27.38,  27.76,  27.80,  28.10,  27.72,  27.91,  28.18,  27.74,  27.59,  27.76,  27.83,  27.86,  28.05,  28.46,  27.98,  27.93,  27.89,  27.85,  27.78,  27.71,  28.08
19860726, 0600,  , TD, 29.4N,  64.9W,  30, -999, -999, -999, -999, -999, -999, -999, -999, -999, -999, -999, -999, -999, -999,  26.76,  27.29,  27.36,  28.14,  28.65,  27.53,  27.26,  27.27,  27.26,  26.95,  26.85,  26.93,  26.98,  27.36,  27.30,  27.51,  27.94,  27.92,  27.68,  27.57,  27.85,  27.82,  27.38,  27.61,  27.68,  27.88,  28.19,  28.42,  28.25,  27.98,  27.91
19860726, 1200,  , TD, 30.0N,  65.5W,  30, -999, -999, -999, -999, -999, -999, -999, -999, -999, -999, -999, -999, -999, -999,  26.50,  26.76,  26.76,  27.58,  27.82,  27.65,  27.75,  27.80,  27.21,  26.64,  26.03,  25.82,  25.86,  26.35,  26.40,  26.65,  27.17,  27.18,  26.80,  26.85,  27.37,  27.52,  27.16,  27.34,  27.37,  27.50,  27.86,  28.23,  27.97,  27.72,  27.66
19860726, 1800,  , TD, 31.2N,  65.3W,  25, -999, -999, -999, -999, -999, -999, -999, -999, -999, -999, -999, -999, -999, -999,  26.16,  25.91,  26.13,  26.51,  26.97,  26.99,  27.11,  26.91,  26.47,  26.43,  26.26,  26.04,  25.93,  26.43,  26.08,  26.08,  26.57,  26.66,  26.38,  26.30,  26.36,  26.39,  26.58,  26.91,  27.04,  27.31,  27.41,  27.60,  27.60,  27.63,  27.60
19860727, 0000,  , TD, 32.0N,  65.2W,  25, -999, -999, -999, -999, -999, -999, -999, -999, -999, -999, -999, -999, -999, -999,  25.25,  25.82,  25.92,  26.05,  26.00,  26.01,  25.85,  25.58,  25.43,  25.38,  25.56,  25.60,  26.00,  25.99,  26.22,  26.36,  26.46,  26.34,  26.16,  26.08,  26.02,  26.27,  26.75,  26.85,  27.00,  27.02,  26.72,  26.82,  27.33,  27.81,  28.16
19860727, 0600,  , TD, 33.0N,  65.1W,  25, -999, -999, -999, -999, -999, -999, -999, -999, -999, -999, -999, -999, -999, -999,  25.56,  26.08,  26.09,  25.86,  25.71,  25.70,  25.39,  25.17,  24.82,  24.84,  25.20,  25.45,  25.56,  25.62,  26.02,  26.14,  26.32,  26.18,  25.87,  25.96,  26.01,  26.26,  26.72,  26.83,  26.99,  27.00,  26.51,  26.66,  27.03,  27.41,  27.67
19860727, 1200,  , TD, 34.0N,  65.0W,  25, -999, -999, -999, -999, -999, -999, -999, -999, -999, -999, -999, -999, -999, -999,  25.20,  25.64,  25.65,  25.77,  25.72,  25.74,  25.42,  25.54,  25.85,  25.54,  25.40,  25.64,  25.62,  25.98,  25.77,  25.79,  26.09,  26.09,  26.03,  25.82,  25.82,  25.44,  25.82,  26.04,  26.25,  26.14,  25.20,  25.81,  26.25,  26.23,  26.29
19860727, 1800,  , TD, 36.0N,  63.9W,  25, -999, -999, -999, -999, -999, -999, -999, -999, -999, -999, -999, -999, -999, -999,  23.89,  24.35,  24.58,  25.31,  25.37,  25.13,  24.78,  24.96,  25.72,  25.53,  25.36,  25.29,  25.13,  25.70,  25.66,  25.41,  25.42,  25.35,  25.34,  25.53,  25.59,  25.33,  25.45,  25.51,  25.58,  25.52,  25.36,  25.72,  25.67,  25.66,  25.79
19860728, 0000,  , TD, 37.8N,  62.5W,  20, -999, -999, -999, -999, -999, -999, -999, -999, -999, -999, -999, -999, -999, -999,  25.18,  25.24,  25.54,  25.90,  25.60,  25.41,  25.01,  25.05,  24.90,  24.67,  24.78,  24.65,  25.59,  25.51,  25.26,  25.36,  25.21,  25.07,  25.17,  25.55,  25.57,  26.25,  26.12,  26.10,  26.35,  27.08,  27.13,  26.76,  26.68,  26.42,  26.94
19860728, 0600,  , TD, 38.5N,  61.0W,  20, -999, -999, -999, -999, -999, -999, -999, -999, -999, -999, -999, -999, -999, -999,  25.06,  24.89,  25.25,  25.25,  25.21,  25.05,  24.95,  25.00,  25.16,  25.19,  24.80,  24.76,  25.11,  25.04,  25.15,  24.80,  24.57,  24.62,  24.63,  24.76,  24.94,  25.02,  25.54,  25.91,  25.87,  27.05,  26.97,  26.62,  26.42,  26.05,  26.64
19860728, 1200,  , TD, 41.2N,  59.8W,  20, -999, -999, -999, -999, -999, -999, -999, -999, -999, -999, -999, -999, -999, -999,  19.88,  19.96,  19.71,  19.77,  20.00,  20.29,  20.37,  20.29,  20.24,  20.48,  20.55,  20.48,  21.04,  21.04,  21.57,  21.70,  21.76,  21.84,  21.96,  21.82,  23.09,  23.06,  22.72,  22.09,  22.81,  23.05,  23.06,  23.09,  23.27,  23.41,  23.55
