AL031988,              CHRIS,     39,
19880821, 1200,  , TD, 14.9N,  43.3W,  25, 1009, -999, -999, -999, -999, -999, -999, -999, -999, -999, -999, -999, -999, -999,  26.83,  26.94,  27.13,  27.42,  27.28,  26.13,  26.27,  26.68,  27.09,  27.18,  26.97,  26.97,  26.63,  26.43,  26.26,  26.70,  26.97,  27.26,  27.60,  27.84,  28.35,  27.67,  27.15,  27.61,  27.23,  27.16,  27.44,  27.14,  26.89,  27.22,  27.26
19880821, 1800,  , TD, 14.6N,  45.7W,  25, 1009, -999, -999, -999, -999, -999, -999, -999, -999, -999, -999, -999, -999, -999,  26.90,  26.84,  26.40,  26.67,  27.27,  26.55,  26.57,  26.61,  27.17,  26.51,  26.32,  26.33,  26.57,  26.92,  27.00,  27.15,  27.27,  27.46,  28.04,  28.17,  28.06,  26.60,  26.91,  27.57,  27.18,  27.25,  27.56,  27.41,  27.27,  27.30,  27.50
19880822, 0000,  , TD, 14.6N,  47.8W,  25, 1009, -999, -999, -999, -999, -999, -999, -999, -999, -999, -999, -999, -999, -999,  27.36,  27.01,  26.43,  27.12,  27.03,  26.83,  27.22,  26.99,  26.73,  26.19,  26.22,  26.26,  26.67,  27.15,  27.24,  27.04,  26.84,  27.55,  28.01,  28.25,  26.98,  26.82,  27.34,  27.68,  27.46,  27.79,  27.59,  27.19,  27.23,  27.04,  27.10
19880822, 0600,  , TD, 14.7N,  49.9W,  25, 1009, -999, -999, -999, -999, -999, -999, -999, -999, -999, -999, -999, -999, -999,  26.66,  25.75,  26.22,  27.41,  27.25,  26.87,  27.24,  26.62,  26.45,  26.52,  26.89,  27.18,  27.41,  27.49,  27.67,  27.34,  27.04,  27.12,  28.64,  28.59,  27.71,  26.89,  27.20,  27.63,  27.58,  27.83,  27.87,  27.23,  27.28,  27.77,  27.87
19880822, 1200,  , TD, 14.8N,  51.9W,  30, 1009, -999, -999, -999, -999, -999, -999, -999, -999, -999, -999, -999, -999, -999,  27.59,  27.64,  27.44,  27.28,  27.30,  27.17,  27.06,  26.83,  26.74,  26.10,  26.69,  26.92,  27.11,  26.99,  27.28,  27.29,  27.18,  27.19,  28.38,  28.39,  28.13,  27.31,  27.58,  27.97,  27.65,  27.96,  28.04,  27.38,  27.59,  27.71,  27.96
19880822, 1800,  , TD, 15.1N,  54.0W,  30, 1009, -999, -999, -999, -999, -999, -999, -999, -999, -999, -999, -999, -999, -999,  27.47,  27.52,  27.38,  27.43,  27.38,  27.57,  27.33,  27.23,  27.28,  26.07,  26.75,  27.27,  27.19,  27.46,  27.68,  27.69,  27.83,  27.82,  28.36,  28.35,  28.14,  27.61,  27.34,  28.27,  28.04,  27.97,  27.89,  27.30,  27.48,  27.65,  27.67
19880823, 0000,  , TD, 15.3N,  55.7W,  30, 1009, -999, -999, -999, -999, -999, -999, -999, -999, -999, -999, -999, -999, -999,  27.75,  27.95,  27.55,  27.13,  26.79,  26.78,  27.13,  27.52,  26.98,  27.37,  27.36,  27.14,  27.11,  27.23,  27.22,  27.28,  27.28,  28.21,  28.31,  28.35,  28.20,  27.55,  28.27,  28.37,  28.40,  27.95,  27.58,  27.71,  27.97,  28.21,  28.26
19880823, 0600,  , TD, 15.6N,  57.5W,  30, 1009, -999, -999, -999, -999, -999, -999, -999, -999, -999, -999, -999, -999, -999,  27.88,  28.18,  28.11,  27.09,  26.96,  26.93,  27.17,  27.59,  26.95,  27.76,  27.81,  27.41,  27.22,  27.25,  27.28,  27.33,  27.62,  27.52,  28.04,  28.40,  28.32,  27.35,  28.29,  28.53,  28.42,  27.77,  27.97,  28.04,  28.11,  28.21,  28.13
19880823, 1200,  , TD, 16.0N,  59.2W,  30, 1009, -999, -999, -999, -999, -999, -999, -999, -999, -999, -999, -999, -999, -999,  28.11,  28.24,  27.71,  27.62,  27.64,  27.77,  27.81,  27.86,  27.26,  28.09,  28.11,  27.61,  27.25,  27.02,  27.24,  27.27,  27.76,  27.89,  28.13,  28.16,  28.32,  28.12,  27.53,  27.72,  28.07,  27.04,  27.19,  27.78,  27.94,  28.06,  27.86
19880823, 1800,  , TD, 16.3N,  61.0W,  30, 1009, -999, -999, -999, -999, -999, -999, -999, -999, -999, -999, -999, -999, -999,  28.45,  28.26,  28.21,  28.22,  28.23,  28.35,  28.03,  27.97,  27.96,  28.18,  28.09,  28.28,  28.23,  27.52,  27.39,  28.23,  28.37,  28.39,  28.31,  28.36,  28.58,  28.55,  28.23,  28.71,  29.00,  28.97,  28.05,  28.10,  28.51,  28.49,  28.47
19880824, 0000,  , TD, 16.7N,  62.4W,  30, 1009, -999, -999, -999, -999, -999, -999, -999, -999, -999, -999, -999, -999, -999,  28.66,  28.39,  27.36,  27.17,  27.22,  27.99,  27.99,  27.61,  27.66,  27.80,  28.42,  28.58,  28.38,  28.30,  28.32,  28.36,  28.11,  28.10,  28.12,  28.27,  28.29,  28.57,  29.06,  28.98,  28.65,  27.64,  27.57,  28.28,  28.36,  28.35,  28.60
19880824, 0600,  , TD, 16.9N,  63.8W,  30, 1009, -999, -999, -999, -999, -999, -999, -999, -999, -999, -999, -999, -999, -999,  28.90,  28.81,  27.79,  27.82,  28.40,  28.88,  28.84,  28.34,  28.27,  27.82,  27.63,  27.94,  28.24,  28.89,  28.92,  28.94,  28.80,  28.74,  28.57,  28.49,  28.62,  28.68,  28.72,  28.73,  28.49,  27.82,  27.42,  28.44,  28.64,  28.53,  28.81
19880824, 1200,  , TD, 17.2N,  65.2W,  30, 1009, -999, -999, -999, -999, -999, -999, -999, -999, -999, -999, -999, -999, -999,  29.07,  28.90,  28.13,  27.83,  27.92,  29.00,  28.89,  28.36,  28.21,  28.19,  27.48,  27.28,  27.27,  28.55,  28.65,  28.41,  28.20,  28.39,  28.38,  28.37,  28.51,  28.89,  28.83,  28.77,  28.71,  28.51,  27.78,  28.16,  28.62,  28.35,  27.81
19880824, 1800,  , TD, 17.5N,  66.7W,  30, 1009, -999, -999, -999, -999, -999, -999, -999, -999, -999, -999, -999, -999, -999,  28.92,  28.87,  27.55,  27.43,  28.14,  28.83,  28.39,  27.94,  27.92,  28.00,  28.31,  28.46,  28.48,  28.48,  28.00,  28.02,  27.89,  27.70,  27.69,  27.64,  27.58,  28.21,  28.45,  28.60,  28.64,  28.48,  27.66,  27.51,  28.04,  27.90,  27.20
19880825, 0000,  , TD, 17.8N,  67.8W,  30, 1009, -999, -999, -999, -999, -999, -999, -999, -999, -999, -999, -999, -999, -999,  28.69,  27.69,  27.68,  27.83,  28.63,  28.27,  27.40,  27.30,  28.24,  28.36,  28.36,  28.27,  28.23,  27.97,  27.84,  27.80,  27.95,  28.17,  28.47,  28.39,  28.87,  28.96,  28.86,  28.86,  28.72,  27.89,  27.71,  28.11,  28.21,  28.45,  28.60
19880825, 0600,  , TD, 18.2N,  68.8W,  30, 1009, -999, -999, -999, -999, -999, -999, -999, -999, -999, -999, -999, -999, -999,  28.55,  27.78,  27.80,  28.14,  28.73,  28.55,  27.49,  27.21,  28.50,  28.55,  28.54,  28.21,  27.99,  27.97,  27.92,  27.94,  28.04,  28.21,  28.51,  28.23,  28.44,  28.63,  28.67,  28.67,  28.39,  28.06,  28.12,  28.36,  28.27,  28.39,  28.88
19880825, 1200,  , TD, 18.5N,  69.8W,  30, 1008, -999, -999, -999, -999, -999, -999, -999, -999, -999, -999, -999, -999, -999,    nan,    nan,    nan,    nan,    nan,    nan,    nan,    nan,    nan,    nan,    nan,    nan,    nan,    nan,    nan,    nan,    nan,    nan,    nan,    nan,    nan,    nan,    nan,    nan,    nan,    nan,    nan,    nan,    nan,    nan,    nan
19880825, 1800,  , TD, 19.1N,  70.9W,  30, 1008, -999, -999, -999, -999, -999, -999, -999, -999, -999, -999, -999, -999, -999,    nan,    nan,    nan,    nan,    nan,    nan,    nan,    nan,    nan,    nan,    nan,    nan,    nan,    nan,    nan,    nan,    nan,    nan,    nan,    nan,    nan,    nan,    nan,    nan,    nan,    nan,    nan,    nan,    nan,    nan,    nan
19880826, 0000,  , TD, 19.8N,  72.1W,  30, 1008, -999, -999, -999, -999, -999, -999, -999, -999, -999, -999, -999, -999, -999,  27.93,  27.86,  27.81,  27.76,  27.99,  28.08,  27.89,  27.85,  27.99,  28.21,  28.06,  27.78,  27.73,  27.93,  27.99,  28.10,  28.05,  28.05,  28.18,  28.20,  28.14,  28.26,  28.27,  28.37,  28.32,  28.51,  28.43,  28.02,  27.95,  28.27,  28.32
19880826, 0600,  , TD, 20.5N,  73.2W,  30, 1008, -999, -999, -999, -999, -999, -999, -999, -999, -999, -999, -999, -999, -999,  27.90,  28.25,  28.49,  28.48,  28.38,  28.28,  27.72,  27.73,  28.06,  28.25,  28.16,  28.15,  27.98,  28.52,  28.65,  28.66,  28.67,  28.56,  28.40,  28.33,  28.64,  28.61,  28.29,  28.23,  27.93,  28.18,  28.20,  27.99,  27.91,  28.13,  28.15
19880826, 1200,  , TD, 21.5N,  74.2W,  30, 1008, -999, -999, -999, -999, -999, -999, -999, -999, -999, -999, -999, -999, -999,  28.41,  28.13,  28.64,  28.59,  28.51,  29.09,  28.97,  28.00,  28.07,  28.14,  28.18,  28.52,  28.12,  27.95,  28.28,  28.11,  28.47,  28.63,  28.68,  28.47,  28.45,  28.47,  28.50,  28.49,  27.98,  28.04,  28.17,  28.14,  27.99,  28.06,  28.08
19880826, 1800,  , TD, 22.5N,  75.4W,  30, 1008, -999, -999, -999, -999, -999, -999, -999, -999, -999, -999, -999, -999, -999,  28.85,  28.77,  28.89,  28.82,  28.77,  27.61,  27.14,  27.00,  27.90,  28.27,  28.59,  29.09,  29.21,  29.20,  29.13,  28.90,  28.70,  28.53,  28.38,  28.39,  28.81,  28.89,  28.92,  29.23,  28.61,  28.23,  28.27,  28.53,  28.39,  28.25,  28.10
19880827, 0000,  , TD, 23.3N,  76.2W,  30, 1008, -999, -999, -999, -999, -999, -999, -999, -999, -999, -999, -999, -999, -999,  28.87,  28.82,  28.73,  28.75,  27.41,  27.99,  28.45,  28.37,  27.92,  28.67,  29.20,  29.28,  29.33,  28.89,  28.76,  28.53,  28.51,  28.54,  28.48,  28.32,  28.17,  28.17,  28.53,  28.54,  28.58,  28.50,  28.93,  28.77,  28.49,  28.63,  28.70
19880827, 0600,  , TD, 24.1N,  77.2W,  30, 1008, -999, -999, -999, -999, -999, -999, -999, -999, -999, -999, -999, -999, -999,  28.81,  28.85,  28.86,  28.87,  27.34,  27.94,  28.62,  28.42,  27.64,  27.64,  27.80,  28.09,  28.14,  28.21,  28.21,  28.16,  28.54,  28.75,  28.75,  28.58,  28.59,  28.53,  29.19,  29.05,  28.84,  28.49,  28.76,  28.64,  28.11,  28.01,  28.01
19880827, 1200,  , TD, 24.9N,  78.1W,  30, 1008, -999, -999, -999, -999, -999, -999, -999, -999, -999, -999, -999, -999, -999,    nan,    nan,    nan,    nan,    nan,    nan,    nan,    nan,    nan,    nan,    nan,    nan,    nan,    nan,    nan,    nan,    nan,    nan,    nan,    nan,    nan,    nan,    nan,    nan,    nan,    nan,    nan,    nan,    nan,    nan,    nan
19880827, 1800,  , TD, 25.8N,  79.0W,  30, 1008, -999, -999, -999, -999, -999, -999, -999, -999, -999, -999, -999, -999, -999,  29.64,  29.63,  28.86,  28.77,  29.55,  28.77,  28.58,  28.82,  28.60,  28.57,  28.74,  28.84,  29.70,  29.44,  29.28,  29.22,  29.12,  29.19,  29.38,  29.49,  29.20,  29.28,  29.20,  29.10,  29.16,  29.14,  28.52,  28.52,  28.57,  28.69,  28.41
19880828, 0000,  , TD, 26.8N,  79.7W,  30, 1008, -999, -999, -999, -999, -999, -999, -999, -999, -999, -999, -999, -999, -999,  29.25,  28.50,  28.26,  29.47,  29.33,  29.03,  28.91,  28.88,  29.00,  29.13,  29.02,  29.36,  29.36,  29.37,  29.38,  29.33,  29.33,  29.48,  29.53,  29.21,  29.56,  29.47,  29.23,  29.39,  29.43,  28.59,  28.53,  28.52,  28.50,  28.20,  28.28
19880828, 0600,  , TS, 28.2N,  80.0W,  40, 1008, -999, -999, -999, -999, -999, -999, -999, -999, -999, -999, -999, -999, -999,  28.69,  28.28,  27.83,  28.03,  28.26,  28.45,  28.19,  28.04,  28.34,  28.06,  27.61,  27.79,  27.73,  27.86,  27.78,  28.15,  28.42,  28.31,  28.17,  27.62,  28.57,  28.65,  28.02,  27.76,  27.32,  26.84,  26.47,  26.11,  26.49,  26.95,  27.16
19880828, 1200,  , TS, 30.8N,  80.8W,  45, 1005, -999, -999, -999, -999, -999, -999, -999, -999, -999, -999, -999, -999, -999,  27.95,  27.92,  28.16,  28.56,  28.35,  28.06,  28.48,  28.49,  28.77,  28.79,  28.82,  28.70,  28.45,  28.11,  27.92,  28.22,  28.59,  28.56,  28.04,  27.98,  28.44,  28.29,  27.95,  27.88,  27.41,  27.04,  26.64,  26.62,  26.84,  26.98,  27.03
19880828, 1500, L, TS, 32.0N,  80.9W,  40, 1005, -999, -999, -999, -999, -999, -999, -999, -999, -999, -999, -999, -999, -999,    nan,    nan,    nan,    nan,    nan,    nan,    nan,    nan,    nan,    nan,    nan,    nan,    nan,    nan,    nan,    nan,    nan,    nan,    nan,    nan,    nan,    nan,    nan,    nan,    nan,    nan,    nan,    nan,    nan,    nan,    nan
19880828, 1800,  , TS, 32.8N,  81.1W,  35, 1006, -999, -999, -999, -999, -999, -999, -999, -999, -999, -999, -999, -999, -999,    nan,    nan,    nan,    nan,    nan,    nan,    nan,    nan,    nan,    nan,    nan,    nan,    nan,    nan,    nan,    nan,    nan,    nan,    nan,    nan,    nan,    nan,    nan,    nan,    nan,    nan,    nan,    nan,    nan,    nan,    nan
19880829, 0000,  , TD, 34.1N,  81.1W,  25, 1008, -999, -999, -999, -999, -999, -999, -999, -999, -999, -999, -999, -999, -999,    nan,    nan,    nan,    nan,    nan,    nan,    nan,    nan,    nan,    nan,    nan,    nan,    nan,    nan,    nan,    nan,    nan,    nan,    nan,    nan,    nan,    nan,    nan,    nan,    nan,    nan,    nan,    nan,    nan,    nan,    nan
19880829, 0600,  , EX, 35.8N,  80.6W,  20, 1009, -999, -999, -999, -999, -999, -999, -999, -999, -999, -999, -999, -999, -999,    nan,    nan,    nan,    nan,    nan,    nan,    nan,    nan,    nan,    nan,    nan,    nan,    nan,    nan,    nan,    nan,    nan,    nan,    nan,    nan,    nan,    nan,    nan,    nan,    nan,    nan,    nan,    nan,    nan,    nan,    nan
19880829, 1200,  , EX, 37.5N,  79.5W,  20, 1009, -999, -999, -999, -999, -999, -999, -999, -999, -999, -999, -999, -999, -999,    nan,    nan,    nan,    nan,    nan,    nan,    nan,    nan,    nan,    nan,    nan,    nan,    nan,    nan,    nan,    nan,    nan,    nan,    nan,    nan,    nan,    nan,    nan,    nan,    nan,    nan,    nan,    nan,    nan,    nan,    nan
19880829, 1800,  , EX, 39.2N,  77.6W,  20, 1010, -999, -999, -999, -999, -999, -999, -999, -999, -999, -999, -999, -999, -999,    nan,    nan,    nan,    nan,    nan,    nan,    nan,    nan,    nan,    nan,    nan,    nan,    nan,    nan,    nan,    nan,    nan,    nan,    nan,    nan,    nan,    nan,    nan,    nan,    nan,    nan,    nan,    nan,    nan,    nan,    nan
19880830, 0000,  , EX, 41.2N,  73.6W,  20, 1008, -999, -999, -999, -999, -999, -999, -999, -999, -999, -999, -999, -999, -999,    nan,    nan,    nan,    nan,    nan,    nan,    nan,    nan,    nan,    nan,    nan,    nan,    nan,    nan,    nan,    nan,    nan,    nan,    nan,    nan,    nan,    nan,    nan,    nan,    nan,    nan,    nan,    nan,    nan,    nan,    nan
19880830, 0600,  , EX, 43.5N,  69.9W,  20, 1008, -999, -999, -999, -999, -999, -999, -999, -999, -999, -999, -999, -999, -999,  17.73,  17.15,  16.98,  16.51,  15.97,  16.06,  16.35,  15.94,  15.56,  15.30,  14.96,  14.99,  14.99,  15.04,  15.33,  15.16,  14.76,  15.02,  15.37,  15.80,  15.75,  14.85,  14.87,  14.71,  14.70,  14.55,  14.79,  14.77,  14.62,  14.05,  13.67
19880830, 1200,  , EX, 45.0N,  65.0W,  25, 1008, -999, -999, -999, -999, -999, -999, -999, -999, -999, -999, -999, -999, -999,    nan,    nan,    nan,    nan,    nan,    nan,    nan,    nan,    nan,    nan,    nan,    nan,    nan,    nan,    nan,    nan,    nan,    nan,    nan,    nan,    nan,    nan,    nan,    nan,    nan,    nan,    nan,    nan,    nan,    nan,    nan
19880830, 1800,  , EX, 46.5N,  60.0W,  25, 1008, -999, -999, -999, -999, -999, -999, -999, -999, -999, -999, -999, -999, -999,  18.32,  18.38,  16.98,  16.97,  17.24,  17.39,  17.07,  16.71,  16.37,  16.41,  16.38,  16.34,  16.69,  16.41,  16.28,  16.23,  16.05,  16.11,  16.10,  15.78,  15.87,  15.53,  15.29,  15.40,  15.44,  15.26,  14.91,  15.07,  15.12,  14.54,  14.51
