AL031997,               BILL,     10,
19970711, 0600,  , TD, 30.4N,  69.9W,  30, 1014, -999, -999, -999, -999, -999, -999, -999, -999, -999, -999, -999, -999, -999,  26.88,  26.91,  26.55,  26.35,  26.33,  26.46,  26.11,  25.60,  25.69,  25.68,  25.69,  27.33,  27.30,  27.07,  26.85,  26.52,  26.31,  25.85,  25.79,  26.45,  26.97,  27.02,  27.00,  27.09,  27.42,  27.65,  27.58,  27.57,  27.78,  27.80,  27.80
19970711, 1200,  , TS, 31.8N,  68.9W,  40, 1013, -999, -999, -999, -999, -999, -999, -999, -999, -999, -999, -999, -999, -999,  26.02,  26.01,  25.43,  24.84,  24.76,  24.76,  24.72,  24.48,  24.52,  24.59,  24.79,  25.77,  26.07,  26.14,  25.90,  25.72,  25.60,  25.40,  25.29,  25.26,  25.66,  25.94,  26.47,  26.42,  26.41,  26.79,  27.22,  27.17,  27.12,  27.31,  27.35
19970711, 1800,  , TS, 33.1N,  67.6W,  45, 1010, -999, -999, -999, -999, -999, -999, -999, -999, -999, -999, -999, -999, -999,  24.84,  24.73,  24.62,  24.49,  24.20,  24.12,  23.55,  23.17,  23.61,  24.28,  24.46,  25.14,  25.37,  25.37,  25.35,  25.27,  25.00,  25.25,  25.43,  25.44,  25.64,  25.74,  25.79,  26.14,  26.28,  26.33,  26.78,  26.59,  26.43,  26.26,  26.37
19970712, 0000,  , TS, 34.7N,  65.8W,  50, 1005, -999, -999, -999, -999, -999, -999, -999, -999, -999, -999, -999, -999, -999,  23.88,  23.79,  24.10,  24.22,  24.08,  23.91,  23.45,  23.59,  24.06,  24.74,  24.70,  24.52,  24.98,  25.10,  24.95,  24.57,  24.75,  24.85,  25.11,  25.19,  26.04,  26.00,  25.88,  25.79,  25.57,  26.06,  26.32,  26.53,  26.55,  26.40,  26.23
19970712, 0600,  , TS, 36.3N,  63.6W,  60,  995, -999, -999, -999, -999, -999, -999, -999, -999, -999, -999, -999, -999, -999,  23.68,  23.74,  24.37,  24.37,  24.23,  24.18,  23.92,  24.18,  24.75,  24.69,  24.57,  25.82,  26.02,  25.16,  24.40,  25.08,  25.92,  25.41,  24.85,  24.94,  25.29,  25.33,  25.40,  25.33,  25.23,  25.61,  25.67,  25.57,  25.80,  25.95,  26.04
19970712, 1200,  , HU, 37.9N,  61.1W,  65,  987, -999, -999, -999, -999, -999, -999, -999, -999, -999, -999, -999, -999, -999,  22.71,  22.90,  22.92,  23.46,  23.50,  23.59,  23.69,  23.39,  23.61,  23.70,  23.76,  24.19,  24.74,  24.79,  23.63,  23.66,  24.12,  24.18,  23.95,  24.58,  24.60,  24.67,  24.86,  24.87,  24.56,  24.67,  24.65,  24.65,  25.86,  25.93,  25.92
19970712, 1500, I, HU, 38.8N,  60.0W,  65,  986, -999, -999, -999, -999, -999, -999, -999, -999, -999, -999, -999, -999, -999,  23.80,  23.19,  22.76,  22.60,  21.97,  22.08,  22.38,  23.16,  23.96,  24.00,  23.89,  24.71,  25.10,  25.11,  24.55,  24.33,  24.09,  24.06,  23.86,  25.22,  25.30,  25.24,  25.03,  25.34,  25.32,  25.28,  25.19,  24.90,  25.20,  25.07,  24.98
19970712, 1800,  , HU, 39.6N,  58.4W,  65,  987, -999, -999, -999, -999, -999, -999, -999, -999, -999, -999, -999, -999, -999,  21.82,  21.70,  21.66,  21.80,  22.08,  22.47,  23.15,  22.45,  22.00,  22.06,  22.22,  23.03,  22.95,  22.80,  22.54,  22.77,  22.43,  22.44,  22.65,  23.34,  23.11,  22.51,  22.00,  22.54,  23.53,  23.53,  23.04,  22.97,  23.20,  23.23,  23.19
19970713, 0000,  , TS, 41.6N,  55.4W,  60,  990, -999, -999, -999, -999, -999, -999, -999, -999, -999, -999, -999, -999, -999,  17.16,  17.23,  17.53,  17.22,  17.36,  18.28,  19.35,  20.05,  19.87,  19.69,  19.56,  19.23,  19.12,  19.13,  19.61,  20.27,  20.52,  20.25,  19.90,  19.82,  19.70,  19.65,  19.55,  19.43,  19.49,  19.58,  19.40,  19.46,  19.36,  19.67,  20.34
19970713, 0600,  , TS, 44.0N,  53.0W,  40,  990, -999, -999, -999, -999, -999, -999, -999, -999, -999, -999, -999, -999, -999,  11.56,  11.32,  11.19,  10.93,  10.71,  10.85,  11.02,  11.69,  11.63,  11.80,  12.69,  13.34,  13.52,  13.85,  13.90,  13.90,  13.99,  12.83,  12.48,  13.17,  13.35,  13.41,  14.18,  14.11,  14.09,  14.53,  14.69,  14.70,  15.05,  15.26,  15.32
