AL032007,            CHANTAL,     23,
20070731, 0000,  , TD, 35.5N,  66.5W,  30, 1007,    0,    0,    0,    0,    0,    0,    0,    0,    0,    0,    0,    0, -999,  25.42,  25.55,  25.60,  25.64,  25.72,  25.73,  25.89,  26.22,  27.13,  27.18,  27.36,  27.35,  27.22,  26.96,  26.35,  26.34,  26.35,  26.77,  26.80,  26.96,  27.13,  26.94,  26.93,  26.90,  26.90,  26.92,  26.68,  26.75,  26.88,  27.29,  27.35
20070731, 0600,  , TS, 37.1N,  65.5W,  35, 1004,    0,   60,    0,    0,    0,    0,    0,    0,    0,    0,    0,    0, -999,  24.87,  24.95,  25.00,  24.96,  24.95,  25.56,  26.13,  26.20,  26.36,  26.58,  26.78,  26.94,  26.97,  26.90,  26.52,  26.16,  26.19,  26.32,  26.50,  27.38,  27.70,  27.43,  27.26,  26.91,  26.63,  26.61,  26.21,  26.39,  26.71,  27.12,  27.61
20070731, 1200,  , TS, 39.1N,  64.2W,  45,  999,   90,  150,    0,   90,    0,    0,    0,    0,    0,    0,    0,    0, -999,  21.49,  21.41,  21.71,  22.19,  22.64,  23.06,  23.15,  22.71,  22.66,  24.72,  25.18,  25.39,  25.82,  26.04,  25.97,  26.15,  26.20,  27.02,  26.72,  26.31,  26.02,  25.81,  25.97,  26.72,  27.06,  27.08,  27.03,  26.95,  26.81,  26.58,  26.18
20070731, 1800,  , TS, 40.7N,  62.3W,  45,  999,   90,  175,    0,   90,    0,    0,    0,    0,    0,    0,    0,    0, -999,  21.70,  20.51,  20.33,  20.41,  20.31,  19.83,  20.48,  21.41,  22.31,  22.95,  23.79,  24.45,  24.71,  24.86,  24.85,  24.58,  24.28,  25.48,  25.66,  25.08,  24.80,  24.48,  24.18,  23.72,  24.01,  23.61,  22.96,  23.10,  23.28,  23.43,  23.65
20070801, 0000,  , TS, 42.5N,  60.0W,  45,  994,   90,  175,   60,   60,    0,    0,    0,    0,    0,    0,    0,    0, -999,  16.53,  16.20,  16.65,  17.12,  17.11,  17.31,  17.81,  18.11,  18.11,  18.84,  19.17,  19.28,  19.59,  19.80,  20.09,  20.07,  19.72,  20.07,  20.91,  21.16,  21.25,  21.43,  21.35,  20.31,  20.15,  20.23,  20.23,  20.58,  21.02,  21.23,  20.78
20070801, 0600,  , EX, 44.0N,  57.5W,  45,  992,   90,  175,   60,   60,    0,    0,    0,    0,    0,    0,    0,    0, -999,  15.06,  15.05,  15.14,  15.08,  15.51,  15.55,  15.78,  16.15,  16.45,  16.63,  16.74,  16.91,  17.29,  17.61,  18.09,  17.87,  17.58,  17.73,  18.03,  18.50,  19.05,  19.22,  19.31,  17.87,  17.54,  17.65,  17.90,  18.04,  18.50,  18.55,  18.53
20070801, 1200,  , EX, 46.0N,  54.5W,  55,  990,   90,  175,   60,   60,    0,   90,    0,    0,    0,    0,    0,    0, -999,  12.75,  12.97,  13.05,  13.96,  17.38,  12.94,  12.76,  12.83,  12.87,  12.74,  13.26,  14.13,  14.52,  14.49,  14.60,  13.73,  14.02,  13.89,  13.63,  13.85,  14.61,  14.81,  14.81,  14.28,  14.37,  14.11,  14.46,  15.20,  15.21,  14.92,  15.24
20070801, 1800,  , EX, 49.0N,  49.5W,  60,  988,  100,  300,   75,   60,   50,  180,    0,    0,    0,    0,    0,    0, -999,  10.44,  10.51,  10.58,  10.73,  10.25,   9.45,   9.56,   9.77,   9.84,   9.49,   9.84,  10.50,  10.92,  11.65,  12.62,  12.80,  10.69,  10.56,  10.98,  10.42,  10.67,  11.30,  11.28,  10.91,  10.64,  10.65,  10.70,  10.77,  11.18,  11.34,  11.55
20070802, 0000,  , EX, 53.0N,  43.0W,  60,  985,  125,  300,  150,  100,   75,  180,    0,    0,    0,    0,    0,    0, -999,  11.68,  11.63,  11.64,  11.69,  11.63,  11.24,  10.84,  10.65,  10.29,  10.03,  10.09,  10.31,   9.32,   9.23,   9.29,  10.30,  10.71,  10.69,  10.81,  10.99,  11.04,  11.31,  11.44,  11.52,  11.57,  11.77,  11.99,  12.37,  12.72,  12.43,  12.35
20070802, 0600,  , EX, 55.5N,  38.5W,  50,  975,  250,  350,  250,  200,  175,  250,    0,    0,    0,    0,    0,    0, -999,  11.18,  11.24,  11.13,  11.08,  10.06,   9.96,  10.07,  10.01,  10.27,  10.26,  10.45,  10.55,  10.82,  10.82,  10.82,  10.75,  10.62,  10.38,  10.25,  10.07,   9.95,   9.74,   9.60,  10.63,  10.62,  10.98,  11.09,  11.13,  11.13,  10.92,  10.81
20070802, 1200,  , EX, 57.5N,  35.4W,  50,  970,  250,  350,  250,  200,  175,  250,    0,    0,    0,    0,    0,    0, -999,  11.05,  10.95,  10.45,  10.52,  11.13,  11.35,  11.01,  10.90,  11.14,  11.23,  11.40,  11.52,  11.54,  11.74,  11.41,   9.84,  10.29,  10.48,  10.70,  10.87,  10.02,   9.59,   9.53,   9.78,  10.69,  10.64,  11.15,  11.22,  11.21,  10.95,  11.03
20070802, 1800,  , EX, 58.6N,  33.9W,  55,  967,  250,  350,  250,  200,  175,  250,    0,    0,    0,    0,    0,    0, -999,  12.63,  12.48,  11.75,  11.57,  11.59,  11.61,  11.11,  11.24,  11.43,  11.70,  11.69,  11.64,  11.49,  11.48,  11.37,  10.87,  11.10,  11.12,  11.01,  10.98,   9.94,   9.86,   9.82,   9.80,   9.86,  11.23,  11.36,  11.52,  11.56,  11.12,  10.25
20070803, 0000,  , EX, 58.9N,  32.1W,  60,  964,  250,  350,  250,  200,  175,  250,    0,    0,    0,    0,    0,    0, -999,  13.40,  12.99,  12.87,  12.73,  12.45,  12.09,  11.62,  11.57,  11.71,  11.97,  12.02,  11.73,  11.58,  11.39,  11.31,  11.44,  11.47,  11.50,  11.50,  10.88,  11.37,  11.79,  11.77,  11.77,  12.16,  12.05,  12.17,  12.20,  11.92,  11.78,  11.71
20070803, 0600,  , EX, 58.9N,  30.4W,  60,  964,  250,  350,  250,  200,  175,  250,    0,    0,    0,    0,    0,    0, -999,  13.90,  13.72,  13.49,  13.30,  12.16,  11.53,  11.63,  11.87,  12.36,  12.28,  12.21,  11.92,  11.65,  11.60,  11.31,  11.11,  11.68,  11.76,  11.75,  11.55,  11.93,  12.02,  12.65,  12.88,  12.77,  12.57,  12.67,  12.69,  12.50,  12.43,  12.36
20070803, 1200,  , EX, 58.9N,  28.0W,  60,  964,  250,  350,  250,  200,  175,  250,    0,    0,    0,    0,    0,    0, -999,  13.90,  13.79,  13.78,  13.75,  13.75,  12.78,  11.97,  12.38,  12.55,  12.86,  12.98,  12.85,  12.76,  12.70,  12.33,  11.98,  12.21,  12.18,  12.22,  12.13,  12.05,  12.02,  12.44,  12.78,  12.92,  12.78,  12.74,  12.60,  12.43,  12.23,  12.19
20070803, 1800,  , EX, 58.9N,  25.2W,  55,  967,  250,  400,  400,  200,  175,  250,    0,    0,    0,    0,    0,    0, -999,  14.09,  13.87,  13.82,  13.84,  13.97,  13.53,  13.10,  13.26,  13.92,  13.68,  13.54,  12.73,  13.20,  13.39,  13.27,  12.58,  12.95,  13.11,  13.30,  13.29,  13.05,  12.97,  13.06,  12.94,  12.91,  12.85,  12.80,  12.74,  12.62,  12.59,  12.68
20070804, 0000,  , EX, 59.1N,  22.6W,  55,  967,  250,  400,  400,  200,  175,  250,    0,    0,    0,    0,    0,    0, -999,  14.06,  14.02,  14.03,  13.97,  13.53,  13.14,  13.08,  13.44,  13.58,  13.59,  13.24,  13.41,  13.45,  13.42,  13.59,  13.24,  13.22,  13.38,  13.37,  12.91,  12.95,  13.19,  13.19,  13.15,  13.02,  13.11,  13.22,  12.84,  12.74,  12.74,  13.47
20070804, 0600,  , EX, 59.5N,  19.1W,  50,  970,  250,  350,  350,  200,  175,  250,    0,    0,    0,    0,    0,    0, -999,  13.34,  13.21,  13.17,  13.42,  13.49,  13.09,  12.85,  12.87,  13.03,  13.15,  13.01,  12.84,  12.76,  12.78,  12.61,  12.66,  12.92,  13.32,  13.43,  13.25,  13.02,  12.75,  12.58,  12.60,  12.68,  12.84,  12.99,  12.90,  12.69,  12.83,  12.89
20070804, 1200,  , EX, 60.7N,  16.3W,  50,  975,  250,  350,  350,  200,  175,  250,    0,    0,    0,    0,    0,    0, -999,  12.37,  12.30,  12.28,  12.21,  12.21,  12.26,  11.84,  11.88,  12.16,  12.34,  12.39,  12.26,  12.25,  12.32,  12.16,  12.36,  12.63,  13.02,  13.08,  12.89,  12.47,  12.51,  12.53,  12.55,  12.34,  12.27,  12.40,  12.53,  12.52,  12.55,  12.53
20070804, 1800,  , EX, 61.7N,  14.0W,  45,  978,  250,  350,  250,  200,    0,    0,    0,    0,    0,    0,    0,    0, -999,  11.81,  11.82,  11.79,  11.78,  11.81,  11.85,  11.54,  11.58,  11.66,  11.88,  11.80,  11.37,  11.71,  11.77,  11.68,  11.52,  12.03,  12.28,  12.68,  12.82,  12.40,  11.86,  11.69,  11.59,  11.64,  11.46,  11.57,  11.60,  11.59,  11.42,  11.29
20070805, 0000,  , EX, 62.7N,  12.0W,  45,  980,  250,  350,  250,  200,    0,    0,    0,    0,    0,    0,    0,    0, -999,  10.82,  10.91,  10.80,  10.47,  10.31,  10.27,  10.03,  10.18,  10.47,  10.57,  10.61,  10.48,  10.42,  10.39,  10.04,  10.60,  10.85,  11.17,  11.31,  11.32,  10.92,  10.59,  10.74,  10.92,  10.96,  10.18,   9.75,   9.60,   9.61,   9.64,   8.81
20070805, 0600,  , EX, 64.0N,   9.5W,  45,  982,  250,  300,  250,  200,    0,    0,    0,    0,    0,    0,    0,    0, -999,  10.52,  10.53,   9.74,   9.47,   9.59,   9.30,   9.06,   9.03,   9.68,   9.81,   9.64,   9.75,   9.81,   9.64,   9.55,   9.23,   9.17,   9.68,   9.84,   9.83,   9.72,   8.78,   8.28,   8.32,   8.01,   7.82,   8.10,   8.21,   8.33,   9.03,   9.14
20070805, 1200,  , EX, 66.0N,   7.0W,  35,  985,  250,  300,  250,  200,    0,    0,    0,    0,    0,    0,    0,    0, -999,   9.38,   9.33,   8.69,   8.59,   8.66,   8.70,   9.04,   9.08,   9.22,   9.12,   9.10,   9.11,   8.76,   8.20,   7.71,   8.34,   8.40,   8.54,   8.70,   8.87,   8.85,   8.86,   8.91,   8.93,   8.73,   8.87,   8.87,   8.82,   8.78,   9.03,   8.83
