AL032018,              CHRIS,     50,
20180705, 0600,  , LO, 30.7N,  68.5W,  20, 1021,    0,    0,    0,    0,    0,    0,    0,    0,    0,    0,    0,    0, -999,  26.98,  26.86,  26.87,  27.22,  27.35,  27.49,  27.56,  27.58,  27.72,  27.79,  27.80,  27.53,  27.50,  27.56,  27.67,  27.58,  27.32,  27.53,  27.86,  27.94,  27.85,  27.61,  27.08,  27.30,  27.48,  27.59,  27.63,  27.58,  27.72,  27.78,  27.71
20180705, 1200,  , LO, 30.7N,  69.7W,  20, 1021,    0,    0,    0,    0,    0,    0,    0,    0,    0,    0,    0,    0, -999,  26.75,  26.80,  26.81,  27.11,  27.23,  27.33,  27.37,  27.38,  27.43,  27.34,  27.23,  27.05,  27.11,  27.14,  27.34,  27.45,  27.11,  27.02,  27.04,  27.36,  27.50,  27.46,  26.96,  27.01,  27.01,  27.23,  27.21,  27.20,  27.19,  27.30,  27.38
20180705, 1800,  , LO, 30.8N,  70.7W,  20, 1020,    0,    0,    0,    0,    0,    0,    0,    0,    0,    0,    0,    0, -999,  26.72,  26.83,  26.94,  27.17,  27.31,  27.33,  27.38,  27.38,  27.31,  27.17,  27.04,  26.85,  26.87,  26.98,  27.24,  27.32,  26.78,  26.73,  26.65,  26.77,  26.92,  26.80,  26.49,  26.54,  26.95,  27.17,  27.12,  27.11,  26.95,  26.92,  26.86
20180706, 0000,  , LO, 30.9N,  71.7W,  25, 1019,    0,    0,    0,    0,    0,    0,    0,    0,    0,    0,    0,    0, -999,  27.23,  27.41,  27.66,  27.72,  27.64,  27.67,  27.65,  27.64,  27.63,  27.74,  27.49,  27.35,  27.45,  27.66,  27.55,  27.38,  27.46,  27.54,  27.52,  26.94,  26.86,  26.98,  26.89,  27.31,  27.41,  27.43,  27.41,  27.33,  27.15,  26.97,  26.95
20180706, 0600,  , LO, 31.2N,  72.6W,  25, 1018,    0,    0,    0,    0,    0,    0,    0,    0,    0,    0,    0,    0, -999,  27.16,  27.30,  27.49,  27.69,  27.66,  27.71,  27.74,  27.72,  27.81,  27.87,  27.78,  27.83,  27.89,  28.12,  28.12,  28.11,  27.93,  27.80,  27.81,  27.19,  27.27,  27.59,  27.71,  27.81,  27.93,  28.05,  28.11,  28.04,  27.78,  27.53,  27.19
20180706, 1200,  , TD, 31.5N,  73.1W,  25, 1016,    0,    0,    0,    0,    0,    0,    0,    0,    0,    0,    0,    0, -999,  26.82,  26.99,  27.40,  27.49,  27.53,  27.57,  27.54,  27.44,  27.49,  27.55,  27.60,  27.77,  27.88,  28.25,  28.18,  28.22,  28.10,  27.96,  27.87,  26.84,  26.98,  27.11,  27.41,  27.69,  27.79,  27.90,  27.95,  27.78,  27.62,  27.46,  27.16
20180706, 1800,  , TD, 31.8N,  73.6W,  25, 1016,    0,    0,    0,    0,    0,    0,    0,    0,    0,    0,    0,    0, -999,  26.77,  26.81,  27.08,  27.19,  27.27,  27.28,  27.19,  27.26,  27.41,  27.58,  27.67,  27.83,  27.83,  28.02,  28.03,  28.09,  28.12,  27.96,  27.79,  26.09,  26.24,  26.48,  26.77,  27.43,  27.72,  27.90,  27.93,  27.72,  27.79,  27.84,  27.42
20180707, 0000,  , TD, 32.2N,  74.2W,  25, 1015,    0,    0,    0,    0,    0,    0,    0,    0,    0,    0,    0,    0, -999,  27.06,  27.25,  27.45,  27.49,  27.53,  27.25,  27.35,  27.67,  27.46,  27.54,  27.87,  28.01,  27.94,  27.94,  27.95,  28.00,  27.85,  27.22,  25.18,  25.21,  25.73,  26.44,  27.18,  27.31,  27.37,  27.36,  27.25,  27.38,  27.48,  27.05,  26.81
20180707, 0600,  , TD, 32.6N,  74.6W,  25, 1015,    0,    0,    0,    0,    0,    0,    0,    0,    0,    0,    0,    0, -999,  27.11,  27.47,  27.71,  27.81,  27.79,  27.43,  27.53,  27.78,  27.79,  27.90,  28.07,  28.14,  27.89,  28.03,  28.08,  28.15,  28.15,  27.76,  26.47,  26.78,  27.01,  27.13,  27.31,  27.00,  26.91,  26.92,  26.97,  27.18,  27.33,  26.85,  26.83
20180707, 1200,  , TD, 32.7N,  74.9W,  25, 1015,    0,    0,    0,    0,    0,    0,    0,    0,    0,    0,    0,    0, -999,  27.32,  27.51,  27.55,  27.67,  27.67,  27.45,  27.48,  27.60,  27.71,  27.91,  28.03,  28.09,  27.88,  28.01,  28.05,  28.09,  28.12,  27.93,  26.77,  26.87,  26.72,  26.91,  27.56,  27.23,  27.06,  27.04,  26.95,  27.01,  27.18,  26.91,  27.06
20180707, 1800,  , TD, 32.8N,  75.2W,  30, 1014,    0,    0,    0,    0,    0,    0,    0,    0,    0,    0,    0,    0, -999,  27.46,  27.50,  27.48,  27.64,  27.64,  27.44,  27.45,  27.50,  27.69,  27.96,  28.03,  28.07,  27.89,  27.97,  27.97,  28.03,  28.08,  27.93,  26.64,  26.64,  26.26,  26.66,  27.73,  27.43,  27.15,  27.07,  26.88,  26.81,  26.94,  26.80,  27.04
20180708, 0000,  , TD, 32.9N,  75.3W,  30, 1012,    0,    0,    0,    0,    0,    0,    0,    0,    0,    0,    0,    0, -999,  27.50,  27.49,  27.73,  27.70,  27.45,  27.37,  27.47,  27.73,  28.00,  27.98,  27.98,  27.93,  27.97,  27.98,  28.09,  28.19,  28.09,  26.64,  26.44,  25.96,  26.42,  27.68,  27.56,  27.34,  27.20,  26.93,  26.80,  26.90,  26.83,  27.07,  27.43
20180708, 0600,  , TS, 33.1N,  75.4W,  35, 1010,    0,   50,    0,    0,    0,    0,    0,    0,    0,    0,    0,    0, -999,  27.51,  27.55,  27.87,  27.84,  27.65,  27.65,  27.70,  27.89,  28.06,  28.07,  28.07,  28.06,  28.12,  28.32,  28.51,  28.59,  28.55,  27.04,  26.88,  26.60,  27.15,  27.97,  27.71,  27.57,  27.47,  27.09,  26.85,  26.91,  26.92,  27.19,  27.60
20180708, 1200,  , TS, 33.1N,  75.0W,  35, 1008,   50,   50,    0,    0,    0,    0,    0,    0,    0,    0,    0,    0, -999,  27.45,  27.51,  27.64,  27.68,  27.53,  27.58,  27.68,  27.74,  27.93,  28.11,  28.16,  28.03,  28.08,  28.15,  28.19,  28.22,  28.24,  27.15,  27.17,  26.90,  27.08,  27.83,  27.68,  27.59,  27.52,  27.25,  27.19,  27.32,  27.14,  27.25,  27.42
20180708, 1800,  , TS, 32.8N,  74.8W,  40, 1007,   50,   50,    0,   30,    0,    0,    0,    0,    0,    0,    0,    0, -999,  27.51,  27.55,  27.67,  27.67,  27.45,  27.48,  27.60,  27.71,  27.91,  28.03,  28.09,  27.88,  28.01,  28.05,  28.09,  28.12,  27.93,  26.77,  26.87,  26.72,  26.91,  27.56,  27.23,  27.06,  27.04,  26.95,  27.01,  27.18,  26.91,  27.06,  27.20
20180709, 0000,  , TS, 32.6N,  74.6W,  45, 1005,   50,   60,   30,   40,    0,    0,    0,    0,    0,    0,    0,    0, -999,  27.71,  27.81,  27.79,  27.43,  27.53,  27.78,  27.79,  27.90,  28.07,  28.14,  27.89,  28.03,  28.08,  28.15,  28.15,  27.76,  26.47,  26.78,  27.01,  27.13,  27.31,  27.00,  26.91,  26.92,  26.97,  27.18,  27.33,  26.85,  26.83,  26.96,  26.87
20180709, 0600,  , TS, 32.4N,  74.5W,  45, 1001,   60,   60,   40,   50,    0,    0,    0,    0,    0,    0,    0,    0, -999,  27.65,  27.72,  27.74,  27.42,  27.47,  27.85,  27.73,  27.79,  28.04,  28.15,  27.97,  28.00,  28.00,  28.12,  28.06,  27.54,  25.80,  26.19,  26.61,  26.88,  27.24,  27.18,  27.19,  27.20,  27.20,  27.44,  27.58,  27.05,  26.75,  26.95,  26.92
20180709, 1200,  , TS, 32.2N,  74.6W,  50,  999,   60,   60,   50,   60,   30,   20,   20,   30,    0,    0,    0,    0, -999,  27.59,  27.61,  27.57,  27.31,  27.44,  27.83,  27.49,  27.62,  27.96,  28.08,  27.95,  28.00,  27.99,  27.94,  27.79,  27.04,  25.15,  25.03,  25.40,  26.41,  27.21,  27.28,  27.24,  27.16,  27.02,  27.14,  27.20,  26.83,  26.72,  26.91,  26.79
20180709, 1800,  , TS, 32.1N,  74.4W,  55,  996,   60,   60,   60,   60,   30,   30,   30,   30,    0,    0,    0,    0, -999,  27.45,  27.49,  27.53,  27.25,  27.35,  27.67,  27.46,  27.54,  27.87,  28.01,  27.94,  27.94,  27.95,  28.00,  27.85,  27.22,  25.18,  25.21,  25.73,  26.44,  27.18,  27.31,  27.37,  27.36,  27.25,  27.38,  27.48,  27.05,  26.81,  27.06,  27.02
20180710, 0000,  , TS, 32.2N,  74.3W,  60,  994,   60,   60,   60,   60,   30,   30,   30,   30,    0,    0,    0,    0, -999,  27.49,  27.53,  27.25,  27.35,  27.67,  27.46,  27.54,  27.87,  28.01,  27.94,  27.94,  27.95,  28.00,  27.85,  27.22,  25.18,  25.21,  25.73,  26.44,  27.18,  27.31,  27.37,  27.36,  27.25,  27.38,  27.48,  27.05,  26.81,  27.06,  27.02,  26.63
20180710, 0600,  , TS, 32.4N,  74.1W,  60,  992,   60,   60,   60,   60,   30,   30,   30,   30,    0,    0,    0,    0, -999,  27.58,  27.68,  27.40,  27.39,  27.71,  27.78,  27.85,  28.03,  28.10,  27.95,  27.90,  27.85,  28.07,  28.05,  27.67,  25.77,  26.06,  26.45,  26.48,  26.93,  27.14,  27.26,  27.31,  27.33,  27.57,  27.76,  27.21,  26.79,  26.98,  27.00,  26.45
20180710, 1200,  , HU, 32.9N,  73.5W,  65,  990,   60,   60,   60,   60,   30,   30,   30,   30,   15,    0,    0,    0, -999,  27.63,  27.70,  27.70,  27.56,  27.53,  27.81,  27.88,  27.87,  27.67,  27.60,  27.63,  27.40,  27.52,  27.69,  27.73,  25.59,  25.79,  26.46,  26.35,  26.93,  27.34,  27.49,  27.52,  27.33,  27.52,  27.64,  27.20,  26.98,  26.92,  26.97,  26.79
20180710, 1800,  , HU, 33.4N,  72.8W,  75,  983,   80,   80,   60,   60,   50,   50,   30,   30,   15,   15,    0,    0, -999,  26.88,  26.91,  26.98,  27.16,  27.31,  27.43,  27.39,  27.41,  27.33,  27.34,  27.69,  27.62,  27.57,  27.85,  28.18,  26.37,  26.58,  27.00,  27.10,  27.46,  27.52,  27.49,  27.45,  27.29,  27.19,  27.11,  26.87,  26.55,  26.38,  26.46,  26.45
20180711, 0000,  , HU, 33.9N,  71.9W,  90,  969,   80,   80,   60,   60,   50,   50,   30,   30,   20,   20,   15,   15, -999,  26.85,  26.31,  26.77,  26.96,  26.95,  27.07,  27.06,  27.02,  26.99,  26.85,  26.56,  26.69,  27.13,  27.68,  27.92,  26.97,  27.19,  27.04,  27.41,  27.49,  27.47,  27.51,  27.44,  27.01,  26.84,  26.88,  26.42,  26.08,  25.99,  26.01,  26.62
20180711, 0600,  , HU, 34.6N,  70.7W,  90,  969,   80,   80,   60,   60,   50,   50,   30,   30,   20,   20,   15,   15, -999,  25.90,  25.05,  24.93,  24.99,  25.15,  25.34,  25.77,  25.95,  26.04,  26.09,  25.92,  26.13,  26.23,  26.14,  25.80,  25.43,  25.45,  25.49,  25.66,  25.78,  25.82,  25.70,  25.69,  25.62,  26.01,  26.12,  26.33,  26.38,  26.35,  26.42,  26.59
20180711, 1200,  , HU, 35.6N,  69.1W,  85,  973,  100,  110,   80,   70,   50,   60,   30,   30,   20,   25,   20,   15, -999,  25.40,  25.18,  25.07,  25.06,  25.63,  25.72,  26.03,  25.95,  26.13,  26.04,  26.12,  26.12,  25.85,  25.67,  25.91,  25.90,  25.89,  25.80,  25.58,  25.55,  25.52,  25.28,  25.09,  25.81,  26.52,  26.46,  27.03,  27.08,  26.83,  27.00,  27.09
20180711, 1800,  , HU, 37.0N,  66.8W,  80,  976,  120,  140,  110,   80,   60,   70,   50,   30,   25,   30,   30,    0, -999,  23.95,  23.95,  23.91,  23.98,  24.79,  24.78,  24.89,  24.81,  25.15,  25.68,  26.20,  26.15,  25.85,  25.95,  26.03,  25.78,  25.69,  25.44,  25.64,  25.77,  26.23,  26.46,  26.86,  27.02,  26.90,  26.81,  26.57,  25.98,  25.68,  25.57,  25.45
20180712, 0000,  , HU, 38.5N,  64.3W,  75,  980,  130,  150,  130,   90,   60,   70,   50,   50,   35,   35,   30,    0, -999,  21.60,  20.90,  20.95,  22.20,  23.75,  24.75,  24.97,  25.84,  26.26,  26.43,  25.90,  25.27,  25.19,  25.56,  26.28,  27.23,  26.81,  26.19,  26.61,  26.79,  26.89,  26.80,  26.66,  26.93,  27.18,  27.13,  27.42,  27.33,  27.11,  27.01,  27.31
20180712, 0600,  , HU, 40.9N,  61.7W,  65,  985,  150,  150,  130,   90,   60,   70,   50,   50,   35,   35,   30,    0, -999,  21.29,  20.93,  20.02,  19.60,  19.65,  20.74,  21.84,  22.44,  22.78,  22.46,  23.02,  22.74,  21.97,  22.34,  21.98,  20.87,  20.95,  22.22,  21.89,  21.33,  21.23,  21.23,  21.34,  21.08,  21.52,  21.80,  23.22,  23.85,  23.80,  23.75,  23.25
20180712, 1200,  , TS, 43.3N,  59.2W,  60,  987,  180,  180,  150,   90,   60,   70,   50,   50,    0,    0,    0,    0, -999,  16.10,  16.80,  16.85,  16.95,  18.04,  18.74,  18.72,  16.32,  12.96,  14.03,  14.13,  13.99,  14.50,  16.40,  16.85,  16.06,  15.41,  15.46,  15.86,  16.14,  17.28,  17.55,  18.38,  18.45,  17.71,  17.27,  17.55,  18.85,  18.87,  18.71,  18.65
20180712, 1800,  , EX, 45.7N,  56.4W,  55,  989,  180,  180,  150,   90,   60,   70,   50,   50,    0,    0,    0,    0, -999,   6.64,   6.48,   6.97,   7.29,   7.56,   7.84,   7.85,   7.95,   7.98,   8.64,   9.51,   9.60,   9.66,   9.39,   9.26,  10.29,  10.71,  10.80,  10.97,  11.05,  11.13,  11.10,  11.43,  11.48,  11.63,  11.99,  12.11,  12.48,  12.91,  13.55,  13.64
20180713, 0000,  , EX, 48.0N,  53.4W,  45,  998,  150,  180,  150,   80,    0,    0,    0,    0,    0,    0,    0,    0, -999,   6.97,   7.11,   7.22,   7.06,   7.03,   7.16,   8.17,   7.79,   8.15,   8.28,   7.85,   7.76,   7.69,   7.81,   8.04,   8.11,   8.68,   9.29,   9.72,   9.68,   9.56,  10.28,  10.83,  10.82,  11.21,  12.23,  12.49,  13.51,  13.75,  13.73,  12.69
20180713, 0600,  , EX, 50.0N,  50.0W,  45,  999,  150,  180,  150,   80,    0,    0,    0,    0,    0,    0,    0,    0, -999,   3.90,   4.03,   4.14,   4.76,   5.16,   4.98,   5.98,   6.19,   6.04,   5.84,   5.85,   5.89,   5.97,   6.01,   6.71,   7.01,   7.57,   7.66,   7.75,   7.81,   7.87,   7.94,   8.63,   8.63,   8.13,   7.21,   7.17,   7.19,   7.50,   7.98,   8.12
20180713, 1200,  , EX, 51.0N,  45.0W,  40, 1000,  150,  180,  210,   80,    0,    0,    0,    0,    0,    0,    0,    0, -999,   7.12,   7.18,   7.43,   9.00,   9.39,   9.36,   9.03,   8.81,   8.94,   9.04,   9.23,   9.25,   8.60,   8.62,   9.14,  10.39,  10.43,   9.84,   9.85,  10.09,  10.62,  10.71,  10.36,  10.46,  10.59,  10.78,  10.83,  11.02,  11.21,  11.51,  11.79
20180713, 1800,  , EX, 52.0N,  39.0W,  40, 1000,    0,  240,  300,    0,    0,    0,    0,    0,    0,    0,    0,    0, -999,   8.43,   8.55,   8.61,   8.52,   8.53,   8.55,   8.71,   8.36,   8.04,   8.19,   8.26,   8.30,   8.39,   8.47,   8.79,   8.50,   8.73,   8.78,   8.74,   8.76,   8.83,   9.30,   9.94,  10.23,  10.17,  10.30,  10.18,  10.20,  10.48,  10.51,   9.86
20180714, 0000,  , EX, 53.5N,  33.5W,  40,  997,    0,  360,  360,    0,    0,    0,    0,    0,    0,    0,    0,    0, -999,   7.89,   7.90,   8.98,   9.18,   9.45,   9.48,   9.32,   9.01,   8.91,   9.24,   9.41,   9.42,   9.19,   9.51,   9.88,   9.55,   9.37,   9.46,   9.61,   9.81,  10.33,  10.37,  10.50,  10.54,  10.56,   9.66,   9.54,   9.53,   9.60,   9.66,   9.72
20180714, 0600,  , EX, 56.0N,  28.0W,  45,  993,    0,  360,  360,    0,    0,    0,    0,    0,    0,    0,    0,    0, -999,   9.36,  10.48,  10.78,  10.61,  10.66,  10.68,  10.19,   9.89,   9.69,   9.93,  10.12,   9.96,   9.84,  10.08,  10.18,  10.11,  10.00,  10.03,  10.12,  10.19,  10.39,  10.95,  11.11,  11.05,  10.77,  10.67,  10.53,  10.49,  10.50,  10.54,  10.65
20180714, 1200,  , EX, 58.0N,  25.0W,  45,  988,    0,  360,  360,    0,    0,    0,    0,    0,    0,    0,    0,    0, -999,  10.01,  10.06,  10.12,  10.80,  11.40,  11.33,  10.95,  10.78,  10.69,  10.61,  10.70,  10.84,  10.87,  10.84,  10.82,  10.38,  10.34,  10.41,  10.75,  10.78,  11.10,  11.76,  11.55,  11.20,  11.08,  11.04,  10.95,  10.89,  10.83,  11.09,  11.34
20180714, 1800,  , EX, 59.5N,  22.5W,  45,  986,    0,  360,  360,    0,    0,    0,    0,    0,    0,    0,    0,    0, -999,   9.89,   9.86,   9.94,  10.03,  10.02,   9.93,  10.06,  10.18,  10.25,  10.29,  10.29,  10.37,  10.40,  10.44,  10.42,  10.39,  10.35,  10.43,  10.62,  10.83,  10.87,  10.91,  11.05,  11.09,  11.11,  11.14,  11.16,  11.02,  10.78,  10.82,  10.85
20180715, 0000,  , EX, 60.5N,  21.0W,  45,  983,    0,  360,  360,    0,    0,    0,    0,    0,    0,    0,    0,    0, -999,  10.20,  10.21,  10.19,  10.14,  10.06,  10.27,  10.39,  10.39,  10.38,  10.44,  10.51,  10.55,  10.59,  10.56,  10.74,  10.95,  11.05,  11.05,  11.05,  11.09,  11.12,  11.14,  11.12,  11.04,  11.05,  11.16,  11.26,  11.23,  11.16,  11.32,  11.30
20180715, 0600,  , EX, 60.6N,  20.6W,  40,  985,    0,  300,  300,    0,    0,    0,    0,    0,    0,    0,    0,    0, -999,  10.09,  10.10,  10.10,  10.10,  10.05,  10.21,  10.32,  10.39,  10.43,  10.47,  10.60,  10.73,  10.78,  10.74,  10.82,  11.01,  11.02,  11.06,  11.06,  11.10,  11.10,  11.13,  11.11,  11.09,  11.09,  11.20,  11.33,  11.36,  11.30,  11.46,  11.42
20180715, 1200,  , EX, 60.7N,  20.3W,  35,  988,    0,  240,  240,    0,    0,    0,    0,    0,    0,    0,    0,    0, -999,  10.06,  10.09,  10.08,  10.09,  10.02,  10.16,  10.28,  10.36,  10.44,  10.47,  10.62,  10.78,  10.86,  10.85,  10.91,  11.07,  11.03,  11.06,  11.07,  11.12,  11.12,  11.15,  11.13,  11.10,  11.10,  11.20,  11.34,  11.30,  11.25,  11.42,  11.45
20180715, 1800,  , EX, 60.9N,  19.5W,  30,  990,    0,    0,    0,    0,    0,    0,    0,    0,    0,    0,    0,    0, -999,  10.08,  10.12,  10.13,  10.14,  10.20,  10.14,  10.16,  10.20,  10.41,  10.71,  10.91,  10.97,  10.99,  11.08,  11.15,  11.14,  11.11,  11.16,  11.18,  11.19,  11.14,  11.13,  11.11,  11.11,  11.22,  11.35,  11.53,  11.55,  11.34,  11.43,  11.37
20180716, 0000,  , EX, 61.0N,  18.5W,  25,  992,    0,    0,    0,    0,    0,    0,    0,    0,    0,    0,    0,    0, -999,  10.47,  10.44,  10.43,  10.45,  10.33,  10.29,  10.28,  10.38,  10.60,  10.80,  10.86,  10.97,  10.95,  10.98,  11.00,  11.06,  11.20,  11.25,  11.24,  11.21,  11.15,  11.09,  11.13,  11.17,  11.27,  11.45,  11.72,  11.67,  11.59,  11.33,  11.46
20180716, 0600,  , EX, 61.1N,  16.3W,  25,  994,    0,    0,    0,    0,    0,    0,    0,    0,    0,    0,    0,    0, -999,  10.40,  10.54,  10.73,  10.64,  10.49,  10.51,  10.57,  10.51,  10.43,  10.18,   9.74,  10.14,  10.63,  10.58,  10.49,  10.72,  11.10,  11.29,  11.28,  11.23,  11.18,  11.14,  11.13,  11.42,  11.57,  11.66,  11.72,  11.64,  11.43,  11.39,  11.50
20180716, 1200,  , EX, 61.3N,  13.7W,  25,  996,    0,    0,    0,    0,    0,    0,    0,    0,    0,    0,    0,    0, -999,  10.61,  10.56,  10.62,  10.61,  10.35,  10.25,  10.33,  10.61,  10.67,  10.69,  10.76,  10.92,  10.90,  10.76,  10.78,  10.81,  11.26,  11.39,  11.43,  11.53,  11.51,  11.54,  11.69,  11.70,  11.42,  11.57,  11.71,  11.79,  11.65,  11.65,  11.73
20180716, 1800,  , EX, 62.1N,  12.5W,  25,  999,    0,    0,    0,    0,    0,    0,    0,    0,    0,    0,    0,    0, -999,  10.62,  10.55,  10.58,  10.41,  10.29,  10.36,  10.49,  10.49,  10.59,  10.83,  10.91,  10.98,  10.99,  11.04,  11.05,  11.08,  11.14,  11.19,  11.21,  11.27,  11.30,  11.15,  11.11,  11.14,  11.33,  11.33,  11.39,  11.34,  11.25,  11.49,  11.63
20180717, 0000,  , EX, 63.1N,  12.0W,  20, 1002,    0,    0,    0,    0,    0,    0,    0,    0,    0,    0,    0,    0, -999,   9.71,   9.92,   9.76,   9.68,   9.23,   9.63,   9.71,   9.80,   9.95,   9.97,  10.10,  10.23,  10.37,  10.40,  10.46,  10.93,  11.05,  11.12,  11.08,  10.98,  10.57,  10.45,  10.42,  10.65,  10.67,  10.74,  10.71,  10.37,  10.47,  10.51,  10.75
20180717, 0600,  , EX, 63.3N,  11.8W,  20, 1005,    0,    0,    0,    0,    0,    0,    0,    0,    0,    0,    0,    0, -999,   9.55,   9.72,   9.68,   9.64,   9.44,   9.69,   9.69,   9.72,   9.74,   9.73,   9.85,   9.99,  10.06,  10.03,  10.10,  10.73,  10.83,  10.82,  10.64,  10.51,  10.22,  10.17,  10.17,  10.41,  10.42,  10.50,  10.54,  10.14,  10.15,  10.32,  10.75
20180717, 1200,  , EX, 63.5N,  11.5W,  15, 1007,    0,    0,    0,    0,    0,    0,    0,    0,    0,    0,    0,    0, -999,   9.55,   9.72,   9.68,   9.64,   9.44,   9.69,   9.69,   9.72,   9.74,   9.73,   9.85,   9.99,  10.06,  10.03,  10.10,  10.73,  10.83,  10.82,  10.64,  10.51,  10.22,  10.17,  10.17,  10.41,  10.42,  10.50,  10.54,  10.14,  10.15,  10.32,  10.75
