AL042007,               DEAN,     42,
20070813, 0600,  , TD, 12.2N,  28.9W,  30, 1006,    0,    0,    0,    0,    0,    0,    0,    0,    0,    0,    0,    0, -999,  26.96,  26.81,  27.44,  27.50,  27.66,  28.01,  27.80,  27.58,  27.50,  27.52,  27.34,  27.27,  27.21,  27.07,  27.21,  27.31,  27.38,  27.89,  28.09,  28.10,  27.36,  27.06,  26.71,  26.74,  26.87,  27.04,  27.19,  27.21,  27.09,  27.06,  26.82
20070813, 1200,  , TD, 12.1N,  30.7W,  30, 1005,    0,    0,    0,    0,    0,    0,    0,    0,    0,    0,    0,    0, -999,  28.16,  28.22,  28.13,  27.99,  27.99,  28.10,  27.68,  27.43,  27.35,  27.37,  27.23,  27.16,  27.10,  27.35,  27.25,  27.27,  27.47,  27.62,  27.58,  27.75,  27.63,  27.30,  27.21,  27.09,  27.09,  27.09,  27.44,  27.39,  27.19,  26.80,  26.81
20070813, 1800,  , TD, 12.0N,  32.4W,  30, 1005,    0,    0,    0,    0,    0,    0,    0,    0,    0,    0,    0,    0, -999,  27.35,  27.15,  27.54,  27.67,  27.97,  28.02,  27.87,  27.67,  27.75,  28.04,  27.78,  27.45,  27.23,  27.33,  27.29,  27.19,  27.15,  27.85,  27.81,  27.68,  27.64,  27.73,  27.36,  26.97,  27.05,  27.17,  27.20,  27.37,  27.77,  27.23,  26.94
20070814, 0000,  , TD, 11.9N,  34.5W,  30, 1005,    0,    0,    0,    0,    0,    0,    0,    0,    0,    0,    0,    0, -999,  26.46,  27.03,  27.64,  27.65,  27.61,  27.41,  27.21,  27.22,  26.77,  26.67,  26.54,  26.48,  26.82,  26.75,  26.72,  26.82,  27.16,  27.20,  27.08,  26.94,  26.93,  27.04,  26.56,  26.55,  26.54,  26.79,  26.78,  27.14,  27.01,  26.84,  26.81
20070814, 0600,  , TD, 11.8N,  36.5W,  30, 1005,    0,    0,    0,    0,    0,    0,    0,    0,    0,    0,    0,    0, -999,  26.89,  27.22,  27.67,  27.71,  27.66,  27.31,  27.04,  27.05,  26.93,  26.94,  26.99,  27.11,  26.95,  27.03,  27.14,  27.05,  26.69,  26.76,  27.13,  26.77,  27.15,  26.86,  26.34,  26.32,  26.23,  26.63,  26.77,  27.10,  27.15,  26.74,  26.74
20070814, 1200,  , TS, 11.8N,  38.3W,  35, 1004,   30,    0,    0,   30,    0,    0,    0,    0,    0,    0,    0,    0, -999,  26.93,  26.80,  26.93,  27.26,  27.34,  27.32,  26.88,  26.97,  27.10,  27.16,  27.07,  27.24,  27.17,  27.04,  27.07,  27.14,  26.98,  26.83,  27.05,  26.91,  27.14,  27.34,  27.16,  26.75,  26.84,  27.41,  27.37,  27.16,  27.35,  27.38,  27.12
20070814, 1800,  , TS, 11.8N,  40.1W,  40, 1002,   45,   30,    0,   45,    0,    0,    0,    0,    0,    0,    0,    0, -999,  26.93,  26.69,  26.80,  26.81,  27.35,  27.53,  26.91,  26.57,  27.16,  27.25,  26.88,  26.86,  26.76,  26.97,  27.04,  27.04,  26.94,  27.02,  26.92,  26.70,  26.92,  27.12,  26.33,  26.01,  26.14,  26.47,  27.02,  27.06,  27.60,  27.29,  26.99
20070815, 0000,  , TS, 11.9N,  41.7W,  50,  997,   45,   45,   30,   45,   25,    0,    0,    0,    0,    0,    0,    0, -999,  26.85,  26.73,  27.32,  27.69,  27.72,  27.71,  27.32,  27.60,  27.51,  27.21,  27.18,  26.95,  26.94,  27.05,  27.11,  27.10,  27.06,  26.77,  26.75,  27.09,  27.16,  26.93,  26.47,  26.72,  26.93,  27.35,  27.36,  27.46,  27.20,  26.82,  26.65
20070815, 0600,  , TS, 12.0N,  43.4W,  50,  997,   45,   45,   30,   45,   20,    0,    0,    0,    0,    0,    0,    0, -999,  27.10,  26.99,  27.19,  27.75,  27.90,  27.76,  27.03,  27.54,  27.69,  27.28,  27.09,  27.06,  27.18,  27.12,  27.05,  27.28,  27.25,  27.25,  26.99,  27.09,  26.95,  26.46,  26.45,  26.63,  26.73,  27.20,  27.46,  27.42,  27.37,  26.90,  26.71
20070815, 1200,  , TS, 12.3N,  45.1W,  50,  997,   45,   45,   30,   45,   20,    0,    0,   20,    0,    0,    0,    0, -999,  26.92,  26.80,  26.77,  27.26,  27.34,  26.93,  26.48,  27.13,  27.60,  27.59,  27.19,  27.43,  27.64,  27.52,  27.16,  27.11,  27.01,  26.92,  26.92,  26.98,  27.44,  27.09,  27.01,  27.21,  27.17,  27.23,  27.36,  27.47,  27.26,  27.28,  26.83
20070815, 1800,  , TS, 12.8N,  47.0W,  55,  994,   60,   45,   30,   45,   20,    0,    0,   20,    0,    0,    0,    0, -999,  26.50,  26.38,  26.49,  27.00,  27.11,  26.88,  26.59,  26.95,  27.17,  27.17,  27.35,  27.49,  27.60,  27.43,  27.40,  26.98,  26.85,  27.16,  26.96,  26.92,  27.36,  27.18,  26.79,  26.60,  27.18,  27.30,  27.56,  27.78,  27.57,  27.22,  27.11
20070816, 0000,  , TS, 13.0N,  49.2W,  60,  991,   60,   45,   30,   45,   20,    0,    0,   20,    0,    0,    0,    0, -999,  26.56,  26.53,  26.89,  27.32,  27.31,  26.91,  26.79,  26.96,  26.87,  26.96,  27.53,  27.58,  27.58,  27.35,  27.04,  27.02,  27.02,  27.00,  27.25,  27.52,  27.47,  26.82,  26.97,  27.26,  27.40,  27.71,  27.78,  27.64,  27.25,  26.89,  26.98
20070816, 0600,  , HU, 13.2N,  51.3W,  70,  984,   60,   45,   30,   60,   30,   20,    0,   30,   20,    0,    0,   15, -999,  27.15,  27.28,  27.10,  27.73,  27.90,  27.57,  27.02,  26.78,  27.17,  27.40,  28.00,  28.13,  28.04,  27.93,  27.76,  27.72,  27.16,  27.24,  27.64,  28.12,  28.07,  27.54,  27.45,  27.66,  27.85,  27.90,  27.95,  27.91,  27.87,  27.66,  27.61
20070816, 1200,  , HU, 13.5N,  53.3W,  80,  972,   90,   75,   40,   75,   40,   20,   10,   40,   20,   15,    5,   15, -999,  27.49,  27.47,  27.22,  27.74,  28.13,  27.89,  27.29,  27.41,  27.71,  27.58,  28.10,  28.24,  28.27,  28.11,  27.73,  27.64,  27.50,  27.50,  27.29,  27.95,  28.07,  27.53,  27.61,  27.72,  27.79,  27.68,  27.85,  28.01,  27.78,  27.42,  27.77
20070816, 1800,  , HU, 13.8N,  55.5W,  80,  972,  120,   75,   40,  120,   50,   25,   10,   50,   20,   20,    5,   20, -999,  27.81,  27.78,  27.58,  28.08,  28.49,  28.41,  28.23,  27.98,  27.97,  28.06,  28.41,  28.64,  28.67,  28.55,  28.26,  28.15,  28.15,  27.97,  27.36,  27.37,  28.00,  27.96,  27.89,  27.89,  28.00,  28.13,  28.30,  28.23,  28.17,  28.03,  28.07
20070817, 0000,  , HU, 14.0N,  57.7W,  80,  976,  120,   75,   40,  120,   50,   25,   10,   50,   20,   20,    5,   20, -999,  28.19,  27.74,  28.18,  28.88,  28.93,  28.77,  28.34,  28.43,  28.48,  28.83,  28.80,  28.77,  28.70,  28.53,  28.51,  28.26,  27.90,  27.59,  27.61,  28.44,  28.39,  28.04,  27.90,  28.31,  28.35,  28.49,  28.55,  28.67,  28.35,  28.20,  28.34
20070817, 0600,  , HU, 14.2N,  59.8W,  80,  975,  120,   90,   40,  120,   50,   35,   10,   50,   20,   20,    5,   20, -999,  28.17,  27.69,  28.31,  28.86,  28.88,  28.71,  28.37,  28.51,  28.65,  28.39,  28.34,  28.57,  28.60,  27.97,  27.86,  27.81,  28.05,  28.15,  28.13,  28.65,  28.53,  28.13,  28.07,  28.59,  28.49,  28.50,  28.47,  28.72,  28.68,  28.42,  28.41
20070817, 1200,  , HU, 14.4N,  61.7W,  90,  967,  120,  100,   50,  160,   80,   50,   20,   50,   20,   20,   10,   20, -999,  28.11,  27.94,  28.42,  28.91,  28.73,  28.66,  28.60,  28.52,  28.60,  28.72,  28.72,  28.68,  28.54,  28.37,  28.36,  28.35,  28.36,  28.37,  28.36,  28.93,  28.97,  28.60,  28.63,  29.09,  28.96,  28.90,  29.09,  29.13,  29.03,  28.72,  28.64
20070817, 1800,  , HU, 14.8N,  63.5W, 110,  961,  160,  120,   70,  160,   80,   60,   30,   70,   25,   20,   20,   25, -999,  28.70,  28.32,  28.53,  28.69,  28.89,  28.90,  28.85,  28.65,  28.64,  28.64,  28.61,  28.81,  28.78,  28.56,  28.29,  28.38,  28.44,  28.45,  28.05,  28.83,  28.87,  28.66,  28.56,  28.73,  28.69,  28.73,  29.05,  29.26,  29.26,  29.09,  29.05
20070818, 0000,  , HU, 14.9N,  65.1W, 125,  944,  180,  120,  100,  180,  100,   60,   50,  100,   50,   30,   30,   50, -999,  28.42,  28.61,  28.86,  29.04,  29.15,  29.11,  29.09,  29.05,  28.53,  28.47,  28.45,  28.34,  28.36,  28.37,  28.12,  28.11,  28.20,  28.13,  28.68,  28.90,  28.88,  28.62,  28.69,  28.84,  28.79,  29.05,  29.11,  29.15,  29.02,  28.97,  29.01
20070818, 0600,  , HU, 15.0N,  66.6W, 145,  929,  180,  120,  100,  180,  100,   60,   50,  100,   50,   30,   30,   50, -999,  28.45,  28.43,  28.61,  29.10,  29.24,  29.06,  28.93,  28.68,  28.38,  28.30,  28.28,  28.37,  28.56,  28.60,  28.23,  28.22,  28.38,  28.37,  28.67,  28.85,  28.67,  28.23,  28.61,  28.71,  28.71,  28.82,  28.89,  28.88,  28.87,  28.96,  28.82
20070818, 1200,  , HU, 15.4N,  68.0W, 145,  923,  200,  120,  100,  180,  100,   60,   50,  100,   50,   35,   30,   50, -999,  28.32,  28.31,  28.75,  29.26,  29.16,  29.01,  28.94,  28.68,  28.45,  28.09,  28.11,  28.45,  28.54,  28.55,  28.17,  28.15,  28.35,  28.26,  28.30,  28.33,  28.27,  28.20,  28.71,  28.85,  28.96,  28.92,  28.97,  28.91,  28.91,  29.03,  28.82
20070818, 1800,  , HU, 15.9N,  69.5W, 130,  930,  200,  130,  100,  150,  100,   60,   50,  100,   50,   40,   30,   50, -999,  28.17,  28.00,  28.71,  29.23,  29.17,  29.15,  29.18,  29.17,  28.47,  28.35,  28.20,  28.62,  28.75,  28.71,  28.38,  28.28,  28.30,  27.69,  27.64,  28.50,  28.54,  28.65,  28.73,  28.65,  28.75,  28.80,  28.78,  28.75,  28.75,  28.64,  28.45
20070819, 0000,  , HU, 16.1N,  71.0W, 120,  920,  180,  120,  100,  150,   90,   70,   70,   90,   50,   40,   40,   50, -999,  28.49,  28.91,  29.05,  29.07,  28.92,  28.84,  28.67,  28.61,  28.79,  28.52,  28.69,  28.77,  28.80,  28.65,  28.62,  28.62,  28.31,  28.24,  28.70,  28.64,  28.73,  28.80,  28.79,  28.82,  28.81,  28.78,  28.76,  28.77,  28.83,  28.84,  28.84
20070819, 0600,  , HU, 16.4N,  72.6W, 120,  921,  180,  120,  100,  150,   90,   70,   70,   90,   50,   40,   40,   50, -999,  28.09,  28.20,  28.45,  28.77,  28.75,  28.72,  28.63,  28.36,  28.57,  28.71,  28.68,  28.66,  28.75,  28.66,  28.46,  28.37,  28.48,  28.45,  28.77,  28.75,  28.94,  29.00,  29.08,  29.06,  28.89,  28.87,  28.92,  28.96,  28.93,  28.87,  28.83
20070819, 1200,  , HU, 16.8N,  74.3W, 125,  923,  180,  150,  100,  150,   90,   70,   70,   90,   50,   40,   40,   50, -999,  28.71,  28.61,  28.83,  28.87,  28.60,  28.50,  28.58,  28.62,  28.45,  28.24,  28.08,  28.11,  28.55,  28.55,  28.56,  28.49,  27.88,  27.79,  27.83,  28.38,  28.67,  28.84,  28.80,  28.60,  28.69,  28.75,  28.80,  28.85,  28.69,  28.57,  28.77
20070819, 1800,  , HU, 17.1N,  76.0W, 125,  930,  180,  150,   75,  120,   80,   70,   50,   80,   50,   50,   30,   50, -999,  28.45,  28.26,  28.79,  29.22,  29.37,  29.47,  29.57,  29.51,  29.36,  28.56,  29.00,  29.17,  29.27,  29.18,  28.88,  28.86,  28.60,  28.54,  28.48,  28.79,  28.94,  28.80,  28.59,  28.55,  28.74,  28.70,  28.76,  28.83,  28.78,  28.69,  28.72
20070820, 0000,  , HU, 17.5N,  77.8W, 125,  926,  180,  150,   75,  120,   80,   70,   50,   80,   50,   50,   30,   50, -999,  29.11,  29.58,  29.97,  29.96,  29.83,  29.77,  29.69,  29.53,  29.45,  28.60,  28.59,  29.17,  29.23,  29.03,  29.00,  29.24,  29.08,  28.88,  28.96,  29.06,  29.02,  28.74,  28.37,  28.54,  29.45,  29.57,  29.39,  29.23,  29.19,  29.14,  28.97
20070820, 0600,  , HU, 17.6N,  79.8W, 130,  926,  180,  150,   75,  120,   80,   70,   50,   75,   50,   40,   30,   50, -999,  28.86,  29.01,  29.04,  29.41,  29.58,  29.56,  29.45,  29.45,  28.95,  28.79,  29.10,  29.16,  29.19,  29.32,  29.38,  29.35,  28.99,  29.04,  29.08,  29.09,  29.10,  29.32,  29.26,  29.13,  29.45,  29.35,  29.39,  29.52,  29.52,  29.53,  29.51
20070820, 1200,  , HU, 17.8N,  81.5W, 130,  926,  150,  150,   85,  120,   90,   75,   50,   75,   50,   40,   30,   50, -999,  28.67,  28.65,  28.63,  29.60,  29.68,  29.70,  29.66,  29.65,  29.68,  28.74,  28.71,  28.88,  28.83,  29.02,  29.25,  29.27,  28.97,  29.01,  29.01,  29.30,  29.34,  29.08,  29.19,  29.19,  29.17,  29.33,  29.42,  29.50,  29.46,  29.46,  29.49
20070820, 1800,  , HU, 18.0N,  83.3W, 135,  924,  150,  150,   85,  120,   90,   75,   50,   75,   50,   40,   30,   50, -999,  29.24,  29.16,  29.27,  29.95,  29.98,  29.80,  29.74,  29.69,  29.40,  28.91,  28.84,  29.52,  29.63,  29.44,  29.52,  29.44,  28.83,  28.91,  28.86,  28.83,  29.06,  29.35,  29.35,  29.31,  29.26,  29.34,  29.47,  29.73,  29.76,  29.34,  29.39
20070821, 0000,  , HU, 18.2N,  85.1W, 145,  914,  150,  150,   90,  125,  100,   75,   50,  100,   50,   40,   30,   50, -999,  28.78,  29.35,  29.49,  29.60,  29.68,  29.67,  29.65,  29.43,  29.48,  29.36,  29.26,  29.28,  29.39,  29.52,  29.53,  29.10,  29.13,  28.96,  28.90,  28.94,  29.58,  29.58,  29.43,  29.31,  29.22,  29.34,  29.53,  29.42,  29.29,  29.41,  29.41
20070821, 0600,  , HU, 18.6N,  86.9W, 150,  907,  180,  180,   90,  125,  100,   75,   50,  100,   50,   40,   30,   50, -999,  29.16,  29.53,  29.58,  29.72,  29.86,  29.77,  29.66,  29.50,  29.71,  29.75,  29.53,  29.52,  29.63,  29.67,  29.59,  29.06,  29.02,  29.17,  29.19,  29.32,  29.60,  29.62,  29.58,  29.55,  29.44,  29.31,  29.51,  29.51,  29.15,  28.91,  28.91
20070821, 0830, L, HU, 18.7N,  87.7W, 150,  905, -999, -999, -999, -999, -999, -999, -999, -999, -999, -999, -999, -999, -999,  29.68,  29.62,  29.58,  29.80,  29.93,  29.89,  29.71,  29.59,  29.74,  29.81,  29.62,  29.60,  29.60,  29.61,  29.59,  29.38,  29.40,  29.32,  29.28,  29.28,  29.45,  29.55,  29.43,  29.39,  29.35,  29.39,  29.47,  29.57,  29.30,  29.26,  29.27
20070821, 1200,  , HU, 18.9N,  88.7W, 110,  935,  210,  210,   75,   90,   60,   60,   40,   60,   40,   40,   20,   30, -999,    nan,    nan,    nan,    nan,    nan,    nan,    nan,    nan,    nan,    nan,    nan,    nan,    nan,    nan,    nan,    nan,    nan,    nan,    nan,    nan,    nan,    nan,    nan,    nan,    nan,    nan,    nan,    nan,    nan,    nan,    nan
20070821, 1800,  , HU, 19.2N,  90.5W,  75,  960,  175,  120,   60,  120,   60,   60,   40,   60,   30,   30,   20,   30, -999,    nan,    nan,    nan,    nan,    nan,    nan,    nan,    nan,    nan,    nan,    nan,    nan,    nan,    nan,    nan,    nan,    nan,    nan,    nan,    nan,    nan,    nan,    nan,    nan,    nan,    nan,    nan,    nan,    nan,    nan,    nan
20070822, 0000,  , HU, 19.7N,  92.2W,  65,  979,  175,  100,   75,  120,   75,   60,   60,   60,   30,   30,   20,   30, -999,  29.00,  29.10,  29.08,  29.11,  29.18,  29.24,  29.22,  28.92,  28.84,  29.30,  29.70,  29.71,  30.17,  29.91,  29.84,  29.84,  29.01,  28.87,  28.76,  28.76,  28.74,  28.70,  28.66,  28.69,  28.71,  28.99,  28.91,  28.98,  29.00,  29.01,  29.16
20070822, 0600,  , HU, 20.1N,  94.0W,  70,  979,  175,  100,  100,  160,  100,   70,   80,   80,   60,    0,    0,   60, -999,  29.15,  29.36,  29.39,  29.50,  29.57,  29.73,  29.76,  29.76,  29.75,  29.64,  29.95,  30.02,  30.13,  30.18,  30.10,  29.98,  28.60,  28.54,  28.55,  29.32,  29.36,  29.24,  29.23,  29.23,  29.26,  29.03,  28.67,  28.52,  28.72,  28.74,  28.44
20070822, 1200,  , HU, 20.5N,  95.5W,  80,  976,  200,  120,   90,  160,  140,   75,   75,   90,   60,    0,    0,   60, -999,  29.45,  29.46,  29.37,  29.41,  29.74,  29.93,  29.92,  30.23,  30.26,  30.23,  30.38,  30.46,  30.64,  30.62,  30.51,  30.33,  28.95,  28.85,  28.89,  29.17,  29.07,  28.91,  28.67,  28.72,  28.77,  28.85,  28.51,  28.89,  29.15,  29.26,  29.21
20070822, 1630, L, HU, 20.5N,  97.0W,  85,  974, -999, -999, -999, -999, -999, -999, -999, -999, -999, -999, -999, -999, -999,  29.07,  29.09,  29.09,  29.15,  29.24,  29.35,  29.39,  29.67,  29.60,  29.38,  29.34,  29.21,  29.38,  29.49,  29.51,  29.57,  28.35,  28.07,  28.10,  28.21,  28.26,  28.35,  28.25,  28.21,  28.26,  28.30,  28.34,  28.42,  28.40,  28.75,  28.64
20070822, 1800,  , HU, 20.5N,  97.3W,  75,  974,  240,  100,   50,   75,   75,   30,    0,   30,   30,    0,    0,   20, -999,    nan,    nan,    nan,    nan,    nan,    nan,    nan,    nan,    nan,    nan,    nan,    nan,    nan,    nan,    nan,    nan,    nan,    nan,    nan,    nan,    nan,    nan,    nan,    nan,    nan,    nan,    nan,    nan,    nan,    nan,    nan
20070823, 0000,  , TD, 20.5N,  99.0W,  30,  998,    0,    0,    0,    0,    0,    0,    0,    0,    0,    0,    0,    0, -999,    nan,    nan,    nan,    nan,    nan,    nan,    nan,    nan,    nan,    nan,    nan,    nan,    nan,    nan,    nan,    nan,    nan,    nan,    nan,    nan,    nan,    nan,    nan,    nan,    nan,    nan,    nan,    nan,    nan,    nan,    nan
