AL042020,              DOLLY,     12,
20200622, 0600,  , LO, 38.6N,  67.1W,  30, 1010,    0,    0,    0,    0,    0,    0,    0,    0,    0,    0,    0,    0, -999,  18.23,  19.71,  19.59,  19.60,  19.85,  19.90,  19.75,  19.62,  20.13,  20.96,  21.43,  22.31,  23.61,  24.09,  23.47,  23.16,  23.60,  23.61,  23.70,  23.73,  23.49,  23.71,  23.87,  23.97,  23.80,  24.17,  24.48,  24.02,  23.74,  23.88,  23.89
20200622, 1200,  , SD, 38.4N,  66.9W,  30, 1009,    0,    0,    0,    0,    0,    0,    0,    0,    0,    0,    0,    0, -999,  20.59,  22.36,  22.49,  22.52,  22.53,  22.16,  22.01,  21.90,  21.91,  22.28,  22.32,  22.69,  23.26,  23.95,  23.68,  23.17,  23.72,  23.68,  23.83,  23.90,  23.63,  23.82,  23.80,  24.13,  24.27,  24.74,  24.62,  24.65,  24.55,  24.90,  24.98
20200622, 1800,  , SD, 38.1N,  66.2W,  30, 1008,    0,    0,    0,    0,    0,    0,    0,    0,    0,    0,    0,    0, -999,  24.69,  26.51,  26.22,  26.14,  26.13,  26.28,  26.69,  27.03,  26.92,  26.97,  26.63,  26.28,  25.85,  25.83,  25.86,  25.86,  26.62,  27.58,  27.67,  27.53,  27.21,  27.05,  27.08,  27.41,  27.50,  27.24,  27.12,  27.20,  27.36,  27.62,  28.03
20200623, 0000,  , SD, 38.5N,  65.1W,  30, 1007,    0,    0,    0,    0,    0,    0,    0,    0,    0,    0,    0,    0, -999,  24.39,  24.28,  24.40,  24.31,  24.71,  25.79,  26.10,  26.41,  26.14,  26.38,  26.55,  27.01,  26.83,  26.48,  25.65,  25.83,  26.14,  26.11,  26.45,  26.38,  26.31,  26.37,  25.67,  25.55,  25.54,  26.96,  27.31,  27.46,  27.20,  27.04,  27.34
20200623, 0600,  , SS, 39.0N,  63.9W,  35, 1003,    0,   60,   60,    0,    0,    0,    0,    0,    0,    0,    0,    0, -999,  23.29,  23.39,  23.39,  22.91,  22.88,  23.40,  24.21,  23.69,  23.16,  22.53,  24.41,  25.52,  25.91,  26.27,  25.92,  25.96,  26.17,  26.59,  26.30,  26.00,  25.98,  25.95,  25.98,  25.98,  26.06,  26.45,  26.76,  26.85,  27.03,  26.96,  26.91
20200623, 1200,  , TS, 39.4N,  62.7W,  40, 1000,    0,   60,   60,    0,    0,    0,    0,    0,    0,    0,    0,    0, -999,  22.45,  22.69,  22.87,  22.87,  22.64,  22.64,  23.63,  23.83,  23.89,  24.07,  23.74,  24.48,  24.73,  24.64,  24.73,  25.20,  25.72,  25.75,  25.70,  25.50,  25.34,  25.36,  25.37,  25.32,  25.60,  25.95,  26.32,  26.88,  26.77,  26.88,  26.91
20200623, 1800,  , TS, 39.8N,  61.6W,  40, 1000,    0,   60,   60,    0,    0,    0,    0,    0,    0,    0,    0,    0, -999,  22.66,  22.74,  23.08,  23.04,  23.01,  22.90,  23.11,  23.22,  23.12,  22.86,  22.20,  22.34,  23.50,  24.20,  24.27,  24.17,  24.18,  24.24,  24.25,  24.20,  24.15,  23.83,  22.90,  22.51,  22.47,  22.58,  23.20,  23.60,  23.16,  23.71,  24.38
20200624, 0000,  , TS, 40.2N,  60.6W,  35, 1002,    0,   60,   60,    0,    0,    0,    0,    0,    0,    0,    0,    0, -999,  22.85,  22.77,  22.56,  22.41,  21.15,  20.70,  20.46,  21.55,  21.59,  20.98,  20.86,  21.12,  21.34,  21.10,  20.87,  21.05,  20.87,  21.00,  21.18,  21.28,  22.65,  23.79,  23.84,  23.77,  23.75,  24.25,  24.26,  24.66,  24.80,  25.26,  25.57
20200624, 0600,  , LO, 41.0N,  59.6W,  30, 1005,    0,    0,    0,    0,    0,    0,    0,    0,    0,    0,    0,    0, -999,  18.94,  20.28,  20.50,  20.53,  20.61,  21.02,  21.63,  22.16,  21.79,  21.99,  22.40,  22.71,  22.51,  22.51,  22.64,  22.55,  22.34,  21.46,  20.82,  20.70,  19.95,  20.04,  20.04,  20.22,  20.53,  21.37,  21.82,  22.11,  22.31,  22.35,  22.72
20200624, 1200,  , LO, 42.0N,  58.5W,  30, 1007,    0,    0,    0,    0,    0,    0,    0,    0,    0,    0,    0,    0, -999,  16.12,  15.97,  15.12,  15.24,  14.86,  14.67,  16.44,  18.29,  18.57,  18.98,  19.37,  19.62,  19.57,  20.09,  20.51,  20.55,  19.88,  20.02,  20.57,  20.47,  20.44,  21.00,  21.13,  21.17,  21.08,  21.10,  21.23,  21.39,  21.33,  21.04,  21.14
20200624, 1800,  , LO, 43.0N,  57.1W,  25, 1008,    0,    0,    0,    0,    0,    0,    0,    0,    0,    0,    0,    0, -999,  13.44,  12.89,  12.85,  13.63,  13.73,  13.59,  13.48,  15.90,  16.84,  16.49,  16.27,  16.31,  16.10,  16.34,  17.35,  17.86,  18.21,  18.46,  18.49,  18.74,  18.76,  19.20,  19.18,  19.16,  19.15,  19.52,  19.56,  19.51,  18.22,  17.80,  17.86
20200625, 0000,  , LO, 44.1N,  55.6W,  25, 1009,    0,    0,    0,    0,    0,    0,    0,    0,    0,    0,    0,    0, -999,   9.83,   9.95,  10.18,  10.36,  10.68,  10.81,  13.21,  13.22,  12.92,  12.47,  12.51,  12.05,  12.48,  13.13,  15.30,  15.68,  15.57,  14.94,  15.17,  15.34,  15.71,  15.70,  15.56,  15.43,  15.44,  15.52,  15.61,  14.80,  14.50,  14.43,  14.34
