AL041999,              CINDY,     51,
19990819, 0000,  , TD, 13.5N,  18.9W,  30, 1003, -999, -999, -999, -999, -999, -999, -999, -999, -999, -999, -999, -999, -999,  27.45,  27.62,  27.65,  27.71,  27.73,  27.74,  27.79,  27.81,  27.58,  27.41,  27.59,  27.64,  27.94,  28.16,  27.57,  26.52,  26.78,  26.80,  26.75,  26.73,  26.31,  26.59,  26.78,  26.71,  26.50,  27.00,  27.12,  27.01,  26.47,  26.74,  26.94
19990819, 0600,  , TD, 13.8N,  20.3W,  30, 1003, -999, -999, -999, -999, -999, -999, -999, -999, -999, -999, -999, -999, -999,  28.06,  27.18,  27.06,  27.13,  27.16,  26.82,  26.70,  27.54,  27.76,  27.30,  27.99,  28.06,  27.69,  27.64,  27.80,  26.55,  26.81,  27.34,  27.27,  27.11,  26.41,  26.22,  27.18,  27.09,  27.10,  26.82,  26.87,  26.86,  26.99,  26.77,  26.71
19990819, 1200,  , TD, 13.9N,  21.5W,  30, 1003, -999, -999, -999, -999, -999, -999, -999, -999, -999, -999, -999, -999, -999,  26.67,  26.52,  26.94,  27.10,  27.11,  26.71,  26.74,  27.50,  27.59,  27.31,  27.61,  27.62,  27.58,  27.59,  27.45,  26.21,  26.31,  26.61,  26.33,  26.16,  25.80,  25.77,  27.39,  27.48,  27.34,  26.46,  26.36,  26.45,  26.84,  26.98,  27.02
19990819, 1800,  , TD, 13.8N,  22.5W,  30, 1003, -999, -999, -999, -999, -999, -999, -999, -999, -999, -999, -999, -999, -999,  26.50,  26.32,  27.43,  27.61,  27.49,  26.77,  26.70,  27.28,  27.25,  27.28,  27.33,  27.35,  27.39,  27.41,  27.26,  25.91,  25.90,  26.11,  26.41,  26.40,  26.46,  26.90,  27.03,  27.19,  26.44,  25.90,  26.06,  26.59,  26.71,  26.88,  26.78
19990820, 0000,  , TD, 13.7N,  23.4W,  30, 1002, -999, -999, -999, -999, -999, -999, -999, -999, -999, -999, -999, -999, -999,  26.51,  27.43,  27.57,  27.10,  26.63,  27.00,  27.55,  27.05,  26.86,  26.86,  26.88,  26.90,  26.94,  26.92,  25.86,  25.97,  26.25,  26.46,  26.46,  26.11,  26.91,  26.98,  27.38,  27.09,  26.10,  26.36,  26.82,  26.82,  26.80,  26.55,  26.47
19990820, 0600,  , TD, 13.6N,  24.3W,  30, 1002, -999, -999, -999, -999, -999, -999, -999, -999, -999, -999, -999, -999, -999,  26.98,  27.30,  26.19,  26.14,  26.28,  26.67,  27.58,  27.51,  27.46,  27.12,  27.23,  27.36,  26.98,  26.89,  26.26,  26.04,  26.33,  26.63,  26.47,  25.95,  26.96,  27.18,  27.50,  27.54,  26.75,  26.71,  26.94,  26.94,  26.93,  26.99,  26.94
19990820, 1200,  , TD, 13.5N,  25.4W,  30, 1002, -999, -999, -999, -999, -999, -999, -999, -999, -999, -999, -999, -999, -999,  27.26,  27.45,  26.02,  25.98,  26.25,  26.72,  27.90,  27.82,  27.75,  27.32,  27.46,  27.86,  27.59,  27.47,  27.44,  26.52,  26.56,  26.92,  26.95,  26.82,  26.98,  26.98,  27.30,  27.63,  26.82,  26.51,  26.67,  27.00,  27.05,  27.36,  27.32
19990820, 1800,  , TS, 13.6N,  26.6W,  35, 1001, -999, -999, -999, -999, -999, -999, -999, -999, -999, -999, -999, -999, -999,  27.19,  27.21,  26.57,  26.47,  26.51,  26.73,  28.13,  28.20,  28.15,  27.28,  27.32,  27.29,  27.29,  27.30,  27.32,  26.64,  26.99,  27.33,  27.63,  27.61,  27.10,  27.29,  27.21,  27.52,  27.62,  27.32,  27.20,  27.37,  27.32,  27.44,  28.29
19990821, 0000,  , TS, 13.6N,  27.7W,  40, 1000, -999, -999, -999, -999, -999, -999, -999, -999, -999, -999, -999, -999, -999,  27.50,  27.72,  27.04,  26.84,  26.71,  28.29,  28.44,  28.45,  27.15,  27.36,  27.67,  27.71,  27.70,  27.69,  27.69,  26.85,  26.74,  26.78,  26.78,  27.00,  27.04,  27.04,  27.25,  27.55,  27.44,  27.17,  27.54,  27.31,  26.57,  27.46,  27.85
19990821, 0600,  , TS, 13.8N,  28.8W,  50,  997, -999, -999, -999, -999, -999, -999, -999, -999, -999, -999, -999, -999, -999,  27.79,  27.69,  27.25,  26.44,  26.36,  27.67,  28.29,  28.52,  28.28,  27.47,  27.58,  27.57,  27.57,  27.57,  27.57,  26.82,  27.00,  26.73,  26.35,  26.72,  26.74,  26.66,  26.88,  27.17,  26.67,  26.41,  27.49,  27.50,  27.04,  27.14,  27.35
19990821, 1200,  , TS, 13.9N,  29.7W,  55,  994, -999, -999, -999, -999, -999, -999, -999, -999, -999, -999, -999, -999, -999,  27.35,  27.57,  27.22,  26.67,  26.28,  27.65,  28.16,  28.40,  27.96,  26.68,  27.20,  27.34,  27.60,  27.16,  27.00,  26.85,  26.42,  25.76,  25.63,  25.97,  26.28,  26.50,  26.77,  27.08,  26.98,  26.86,  27.30,  27.30,  27.28,  27.24,  27.61
19990821, 1800,  , TS, 14.1N,  30.8W,  60,  990, -999, -999, -999, -999, -999, -999, -999, -999, -999, -999, -999, -999, -999,  25.68,  26.76,  26.72,  26.10,  25.96,  27.06,  27.82,  28.09,  26.97,  26.49,  26.55,  26.98,  26.99,  26.40,  26.52,  26.60,  27.23,  25.66,  25.43,  25.42,  26.74,  26.83,  26.57,  26.85,  27.20,  27.31,  27.22,  27.12,  26.89,  26.21,  26.42
19990822, 0000,  , HU, 14.2N,  31.7W,  65,  987, -999, -999, -999, -999, -999, -999, -999, -999, -999, -999, -999, -999, -999,  27.04,  26.76,  26.21,  26.15,  27.42,  27.93,  27.95,  26.29,  26.33,  26.36,  26.24,  26.17,  25.49,  25.48,  25.51,  26.76,  26.58,  25.95,  25.87,  26.87,  26.68,  26.59,  26.93,  27.25,  27.33,  27.78,  27.88,  26.99,  26.55,  26.38,  26.80
19990822, 0600,  , HU, 14.4N,  32.3W,  65,  987, -999, -999, -999, -999, -999, -999, -999, -999, -999, -999, -999, -999, -999,  27.00,  26.76,  26.33,  26.21,  27.16,  27.96,  27.42,  25.87,  26.29,  26.31,  26.23,  26.31,  25.78,  25.50,  25.42,  26.96,  26.83,  26.18,  26.03,  26.40,  26.53,  26.69,  26.99,  27.31,  27.38,  27.91,  28.32,  27.20,  26.28,  26.19,  26.56
19990822, 1200,  , HU, 14.5N,  32.7W,  65,  987, -999, -999, -999, -999, -999, -999, -999, -999, -999, -999, -999, -999, -999,  26.74,  26.76,  26.60,  26.22,  26.37,  27.62,  26.48,  25.64,  26.20,  26.18,  26.18,  26.33,  26.21,  25.75,  25.69,  27.27,  26.96,  26.13,  25.75,  25.39,  26.32,  26.73,  26.83,  27.29,  26.95,  26.66,  26.79,  26.81,  26.04,  26.51,  26.58
19990822, 1800,  , TS, 14.6N,  33.1W,  60,  990, -999, -999, -999, -999, -999, -999, -999, -999, -999, -999, -999, -999, -999,  26.65,  26.63,  26.59,  26.24,  26.26,  27.50,  26.15,  25.48,  26.12,  26.08,  26.09,  26.22,  26.17,  25.77,  25.73,  27.36,  27.13,  26.47,  25.85,  25.50,  25.94,  26.45,  26.62,  27.16,  26.65,  26.50,  26.54,  26.80,  26.12,  26.63,  26.76
19990823, 0000,  , TS, 14.9N,  33.9W,  50,  997, -999, -999, -999, -999, -999, -999, -999, -999, -999, -999, -999, -999, -999,  26.76,  26.24,  25.92,  25.73,  27.06,  25.59,  25.27,  26.00,  26.12,  26.04,  26.05,  26.09,  25.90,  25.96,  27.32,  27.26,  26.86,  25.85,  25.66,  26.09,  26.53,  26.55,  26.31,  25.93,  26.06,  26.23,  26.67,  26.39,  26.53,  26.66,  26.54
19990823, 0600,  , TS, 15.3N,  34.9W,  50,  997, -999, -999, -999, -999, -999, -999, -999, -999, -999, -999, -999, -999, -999,  26.87,  27.01,  26.17,  25.41,  25.56,  25.57,  25.31,  25.87,  26.04,  25.86,  25.98,  25.98,  25.47,  25.45,  26.38,  26.56,  27.09,  26.10,  25.94,  26.59,  26.49,  26.53,  26.09,  25.34,  25.78,  26.18,  26.70,  26.51,  26.67,  26.79,  26.80
19990823, 1200,  , TS, 15.7N,  35.9W,  50,  997, -999, -999, -999, -999, -999, -999, -999, -999, -999, -999, -999, -999, -999,  26.74,  26.53,  25.79,  25.23,  26.43,  26.79,  26.01,  26.22,  26.06,  25.83,  25.97,  25.92,  25.34,  25.26,  25.89,  27.15,  26.86,  26.15,  26.18,  27.08,  27.21,  27.12,  26.37,  25.87,  26.24,  26.51,  26.76,  26.71,  26.65,  26.68,  26.27
19990823, 1800,  , TS, 16.1N,  36.9W,  50,  997, -999, -999, -999, -999, -999, -999, -999, -999, -999, -999, -999, -999, -999,  26.19,  26.47,  26.15,  25.92,  27.48,  27.13,  26.10,  25.67,  25.97,  26.09,  25.82,  25.72,  26.34,  26.33,  26.29,  27.13,  26.85,  26.23,  26.27,  27.03,  27.15,  27.09,  26.64,  26.34,  27.35,  27.21,  26.83,  26.76,  26.51,  26.47,  25.88
19990824, 0000,  , TS, 16.6N,  38.0W,  50,  997, -999, -999, -999, -999, -999, -999, -999, -999, -999, -999, -999, -999, -999,  26.46,  26.18,  26.11,  27.19,  27.27,  26.71,  25.95,  26.54,  26.66,  25.90,  25.62,  26.55,  26.62,  26.56,  27.21,  27.00,  26.44,  26.24,  26.87,  26.95,  26.75,  26.21,  25.89,  26.16,  27.04,  26.75,  26.71,  26.50,  26.42,  25.98,  26.00
19990824, 0600,  , TS, 16.9N,  39.2W,  50,  997, -999, -999, -999, -999, -999, -999, -999, -999, -999, -999, -999, -999, -999,  26.74,  26.92,  27.24,  27.23,  27.37,  27.17,  25.98,  26.45,  26.95,  25.92,  25.60,  26.76,  27.00,  27.31,  27.31,  26.89,  26.92,  26.48,  26.77,  26.90,  27.05,  25.95,  25.65,  26.03,  27.00,  27.08,  26.97,  26.62,  26.49,  26.39,  26.45
19990824, 1200,  , TS, 17.2N,  40.6W,  50,  997, -999, -999, -999, -999, -999, -999, -999, -999, -999, -999, -999, -999, -999,  26.36,  26.30,  27.16,  27.23,  27.40,  27.33,  26.25,  26.47,  27.17,  26.65,  26.39,  26.81,  27.09,  27.36,  27.47,  27.59,  27.47,  26.43,  26.01,  27.41,  27.85,  27.60,  27.04,  26.57,  26.97,  27.32,  27.10,  26.55,  26.48,  26.53,  26.58
19990824, 1800,  , TS, 17.5N,  42.2W,  50,  997, -999, -999, -999, -999, -999, -999, -999, -999, -999, -999, -999, -999, -999,  26.93,  26.49,  26.71,  27.45,  27.49,  27.45,  27.25,  26.46,  27.14,  27.29,  25.62,  25.87,  27.31,  27.69,  27.19,  27.04,  27.15,  27.27,  27.92,  27.97,  27.66,  27.38,  26.95,  26.64,  26.73,  27.39,  26.96,  26.85,  26.92,  26.82,  26.87
19990825, 0000,  , TS, 17.8N,  43.6W,  55,  994, -999, -999, -999, -999, -999, -999, -999, -999, -999, -999, -999, -999, -999,  27.17,  27.28,  27.69,  27.54,  27.55,  27.75,  27.76,  27.56,  27.42,  25.90,  26.17,  27.30,  27.73,  27.10,  27.18,  27.23,  27.20,  27.47,  27.45,  27.54,  27.60,  27.49,  27.05,  27.01,  27.73,  27.80,  27.61,  27.51,  27.27,  27.26,  27.26
19990825, 0600,  , TS, 18.4N,  44.8W,  55,  994, -999, -999, -999, -999, -999, -999, -999, -999, -999, -999, -999, -999, -999,  27.50,  27.29,  27.57,  27.51,  27.49,  27.69,  27.76,  27.35,  26.60,  26.34,  26.46,  27.34,  27.83,  27.44,  27.31,  27.30,  27.31,  27.53,  27.56,  27.60,  27.71,  27.59,  27.50,  27.26,  27.23,  27.21,  27.64,  27.67,  27.46,  27.35,  27.46
19990825, 1200,  , TS, 19.3N,  45.9W,  55,  994, -999, -999, -999, -999, -999, -999, -999, -999, -999, -999, -999, -999, -999,  27.76,  27.65,  27.74,  27.76,  27.82,  27.82,  27.78,  27.76,  26.73,  26.54,  26.84,  27.55,  27.89,  27.93,  27.39,  27.23,  27.25,  27.19,  27.76,  27.75,  27.66,  27.53,  27.65,  27.45,  26.93,  26.98,  27.27,  27.43,  27.33,  27.15,  27.23
19990825, 1800,  , TS, 20.4N,  47.1W,  60,  990, -999, -999, -999, -999, -999, -999, -999, -999, -999, -999, -999, -999, -999,  27.96,  27.66,  27.85,  27.82,  27.74,  27.57,  27.56,  27.92,  27.89,  26.90,  27.25,  27.41,  27.82,  27.80,  27.79,  27.76,  26.13,  26.19,  27.14,  27.80,  27.83,  27.85,  27.88,  27.96,  27.94,  27.79,  27.72,  27.63,  27.58,  27.55,  27.58
19990826, 0000,  , HU, 21.7N,  48.2W,  65,  987, -999, -999, -999, -999, -999, -999, -999, -999, -999, -999, -999, -999, -999,  27.13,  27.41,  27.53,  27.35,  27.17,  27.12,  27.64,  27.40,  26.74,  26.96,  27.22,  27.57,  28.01,  27.70,  27.58,  26.34,  26.57,  27.02,  27.00,  27.22,  27.35,  27.40,  27.34,  27.39,  27.49,  27.55,  27.59,  27.56,  27.45,  27.33,  27.23
19990826, 0600,  , HU, 22.9N,  49.5W,  65,  987, -999, -999, -999, -999, -999, -999, -999, -999, -999, -999, -999, -999, -999,  27.31,  27.53,  27.67,  27.56,  27.39,  27.37,  28.16,  27.97,  27.66,  27.60,  27.42,  27.54,  28.01,  28.02,  27.54,  25.89,  25.97,  26.67,  27.43,  27.57,  27.65,  27.53,  27.51,  27.23,  27.38,  27.60,  27.86,  27.87,  27.65,  27.59,  27.25
19990826, 1200,  , HU, 24.2N,  50.8W,  65,  987, -999, -999, -999, -999, -999, -999, -999, -999, -999, -999, -999, -999, -999,  27.42,  27.46,  27.49,  27.41,  27.39,  27.65,  28.19,  28.29,  28.05,  27.42,  27.38,  27.20,  27.94,  28.00,  27.53,  26.94,  27.07,  26.41,  26.77,  27.00,  27.43,  27.53,  27.52,  27.03,  27.29,  27.93,  27.68,  27.90,  27.99,  28.02,  27.21
19990826, 1800,  , HU, 25.4N,  52.0W,  70,  984, -999, -999, -999, -999, -999, -999, -999, -999, -999, -999, -999, -999, -999,  27.68,  27.59,  27.71,  27.77,  27.76,  28.03,  28.21,  28.46,  28.41,  27.91,  27.36,  26.96,  26.91,  27.28,  27.74,  26.28,  26.12,  26.23,  27.07,  27.08,  27.53,  27.62,  27.57,  27.22,  27.80,  27.72,  27.41,  27.66,  28.15,  28.52,  28.61
19990827, 0000,  , HU, 26.4N,  53.1W,  80,  978, -999, -999, -999, -999, -999, -999, -999, -999, -999, -999, -999, -999, -999,  27.85,  28.16,  28.23,  28.23,  28.17,  28.20,  28.56,  28.87,  28.26,  27.40,  26.66,  26.49,  26.97,  27.30,  26.84,  27.05,  26.97,  26.91,  27.33,  27.39,  27.38,  27.57,  27.60,  27.13,  26.98,  26.95,  27.13,  27.43,  27.49,  27.89,  27.87
19990827, 0600,  , HU, 27.2N,  54.3W,  80,  978, -999, -999, -999, -999, -999, -999, -999, -999, -999, -999, -999, -999, -999,  28.06,  28.17,  28.28,  27.86,  27.70,  27.70,  28.01,  28.57,  28.77,  28.23,  27.99,  28.22,  28.42,  28.26,  28.34,  28.22,  27.12,  26.98,  26.98,  27.13,  27.64,  27.32,  27.11,  27.15,  27.20,  27.21,  27.35,  27.40,  27.59,  28.43,  28.50
19990827, 1200,  , HU, 27.8N,  55.4W,  90,  970, -999, -999, -999, -999, -999, -999, -999, -999, -999, -999, -999, -999, -999,  28.47,  28.54,  28.55,  28.01,  27.97,  27.85,  28.01,  28.28,  28.30,  28.04,  27.97,  27.98,  28.48,  28.56,  28.42,  28.31,  28.20,  27.01,  26.68,  26.65,  27.11,  27.47,  27.46,  27.56,  27.70,  27.62,  27.60,  27.83,  27.92,  27.96,  28.38
19990827, 1800,  , HU, 28.3N,  56.2W,  90,  970, -999, -999, -999, -999, -999, -999, -999, -999, -999, -999, -999, -999, -999,  28.79,  28.82,  28.76,  28.12,  28.24,  28.41,  28.47,  28.57,  28.45,  28.73,  28.88,  29.02,  28.86,  28.88,  28.89,  28.60,  28.38,  27.13,  26.90,  27.01,  25.76,  27.00,  27.28,  26.68,  27.24,  27.42,  27.42,  27.49,  27.70,  27.71,  28.19
19990828, 0000,  , HU, 28.7N,  56.9W, 100,  961, -999, -999, -999, -999, -999, -999, -999, -999, -999, -999, -999, -999, -999,  28.79,  28.40,  28.14,  28.24,  28.35,  28.39,  28.40,  28.27,  28.21,  28.34,  28.64,  28.59,  28.52,  28.44,  28.39,  28.36,  28.27,  28.30,  28.27,  25.90,  26.19,  26.54,  26.22,  26.47,  26.82,  26.86,  27.25,  27.42,  27.48,  27.43,  27.49
19990828, 0600,  , HU, 29.3N,  57.5W, 115,  948, -999, -999, -999, -999, -999, -999, -999, -999, -999, -999, -999, -999, -999,  28.60,  28.10,  28.08,  28.18,  28.34,  28.34,  28.28,  28.32,  28.35,  28.42,  28.89,  28.86,  28.70,  28.77,  28.82,  28.51,  28.62,  28.65,  28.57,  25.76,  25.67,  25.86,  25.76,  25.76,  25.99,  26.08,  26.69,  26.85,  26.91,  25.73,  25.74
19990828, 1200,  , HU, 30.1N,  58.0W, 120,  942, -999, -999, -999, -999, -999, -999, -999, -999, -999, -999, -999, -999, -999,  28.76,  27.90,  27.74,  27.64,  27.80,  27.98,  28.19,  28.38,  28.44,  28.45,  28.78,  28.67,  28.70,  28.57,  28.22,  27.83,  27.96,  27.90,  27.61,  25.23,  25.23,  25.27,  25.13,  24.92,  25.04,  25.13,  25.63,  25.80,  26.21,  25.66,  25.53
19990828, 1800,  , HU, 30.8N,  58.5W, 120,  943, -999, -999, -999, -999, -999, -999, -999, -999, -999, -999, -999, -999, -999,  28.37,  27.72,  27.61,  27.45,  27.58,  27.76,  27.83,  27.77,  27.81,  28.18,  28.57,  28.41,  28.27,  28.21,  28.15,  28.10,  28.08,  28.08,  27.07,  25.19,  25.15,  25.31,  25.20,  25.08,  25.19,  25.22,  25.27,  25.26,  26.06,  25.95,  25.67
19990829, 0000,  , HU, 31.5N,  58.4W, 120,  944, -999, -999, -999, -999, -999, -999, -999, -999, -999, -999, -999, -999, -999,  27.66,  27.58,  27.42,  27.49,  27.72,  27.84,  27.78,  27.70,  28.17,  28.79,  28.76,  28.54,  28.41,  28.53,  28.63,  28.58,  28.53,  27.06,  25.35,  25.28,  25.36,  25.17,  25.13,  25.38,  25.52,  25.56,  25.57,  26.22,  26.38,  26.46,  26.60
19990829, 0600,  , HU, 32.3N,  58.4W, 115,  948, -999, -999, -999, -999, -999, -999, -999, -999, -999, -999, -999, -999, -999,  27.57,  27.51,  27.49,  27.55,  27.81,  27.91,  27.92,  27.91,  28.23,  28.59,  28.71,  28.43,  28.35,  28.55,  28.67,  28.67,  28.59,  27.11,  25.51,  25.49,  25.55,  25.34,  25.34,  25.65,  25.76,  25.79,  25.79,  25.89,  26.07,  26.60,  26.73
19990829, 1200,  , HU, 33.1N,  58.2W, 100,  961, -999, -999, -999, -999, -999, -999, -999, -999, -999, -999, -999, -999, -999,  27.60,  27.57,  27.52,  27.51,  27.79,  27.95,  28.06,  27.99,  28.39,  28.34,  28.22,  28.17,  28.15,  28.21,  28.13,  27.94,  27.72,  27.09,  26.06,  26.04,  26.03,  25.62,  25.46,  25.52,  25.52,  25.71,  25.84,  25.81,  25.93,  26.20,  26.42
19990829, 1800,  , HU, 33.8N,  57.4W,  95,  965, -999, -999, -999, -999, -999, -999, -999, -999, -999, -999, -999, -999, -999,  27.14,  27.06,  26.84,  27.03,  27.40,  27.66,  27.92,  27.98,  28.24,  28.39,  28.19,  28.07,  28.12,  28.10,  27.61,  26.48,  26.25,  26.23,  25.87,  26.03,  26.58,  26.55,  26.65,  26.62,  26.60,  26.71,  26.66,  26.86,  26.78,  26.74,  26.72
19990830, 0000,  , HU, 34.3N,  56.3W,  90,  970, -999, -999, -999, -999, -999, -999, -999, -999, -999, -999, -999, -999, -999,  27.27,  26.85,  27.16,  27.34,  27.45,  27.53,  27.52,  27.79,  28.37,  28.32,  28.00,  28.09,  28.13,  28.04,  25.69,  25.23,  25.25,  25.10,  25.28,  25.54,  25.50,  25.60,  25.64,  25.68,  25.88,  25.98,  26.47,  26.49,  26.72,  26.84,  26.83
19990830, 0600,  , HU, 34.7N,  55.5W,  90,  970, -999, -999, -999, -999, -999, -999, -999, -999, -999, -999, -999, -999, -999,  27.25,  27.01,  27.20,  27.42,  27.49,  27.52,  27.49,  27.24,  28.29,  28.33,  28.32,  28.22,  28.22,  27.94,  27.43,  26.12,  25.81,  25.69,  25.62,  25.80,  25.64,  25.50,  25.53,  25.56,  24.88,  24.93,  25.17,  25.94,  26.04,  26.14,  26.13
19990830, 1200,  , HU, 35.3N,  54.9W,  80,  978, -999, -999, -999, -999, -999, -999, -999, -999, -999, -999, -999, -999, -999,  27.30,  27.07,  27.11,  27.01,  27.17,  27.26,  27.17,  27.10,  28.17,  28.19,  28.20,  28.05,  27.94,  27.65,  27.55,  27.01,  26.69,  25.61,  25.49,  25.59,  25.61,  25.47,  25.41,  25.31,  24.80,  24.77,  24.61,  25.56,  25.65,  25.74,  25.86
19990830, 1800,  , HU, 36.1N,  54.2W,  80,  978, -999, -999, -999, -999, -999, -999, -999, -999, -999, -999, -999, -999, -999,  27.30,  27.33,  27.28,  27.13,  27.13,  27.17,  27.31,  27.36,  27.97,  28.01,  27.81,  27.56,  27.44,  27.29,  27.31,  27.20,  27.02,  25.78,  25.60,  25.57,  25.52,  25.28,  25.20,  25.29,  25.44,  25.47,  25.40,  25.76,  25.83,  25.97,  25.98
19990831, 0000,  , HU, 37.0N,  52.6W,  70,  984, -999, -999, -999, -999, -999, -999, -999, -999, -999, -999, -999, -999, -999,  27.30,  27.23,  26.86,  26.60,  26.85,  26.78,  26.92,  27.01,  26.73,  26.66,  26.67,  26.10,  25.56,  25.61,  25.74,  25.65,  25.60,  26.19,  26.37,  26.39,  26.02,  25.93,  26.35,  26.42,  26.10,  25.98,  25.73,  25.71,  26.05,  26.21,  26.15
19990831, 0600,  , TS, 38.2N,  50.6W,  60,  990, -999, -999, -999, -999, -999, -999, -999, -999, -999, -999, -999, -999, -999,  26.86,  26.96,  26.08,  25.79,  26.39,  26.45,  27.00,  26.64,  26.04,  25.97,  26.04,  25.79,  25.86,  25.96,  25.93,  25.96,  26.12,  25.96,  25.51,  25.45,  25.38,  25.16,  25.12,  25.13,  25.50,  25.50,  25.21,  24.55,  25.22,  25.47,  25.49
19990831, 1200,  , TS, 40.4N,  48.2W,  50,  997, -999, -999, -999, -999, -999, -999, -999, -999, -999, -999, -999, -999, -999,  25.29,  25.45,  25.47,  25.21,  25.14,  25.44,  25.69,  24.92,  25.13,  25.24,  25.22,  25.19,  25.05,  24.98,  25.12,  24.99,  23.51,  22.84,  22.38,  22.09,  22.29,  22.54,  22.65,  22.92,  23.57,  23.62,  23.80,  23.61,  23.05,  22.68,  22.57
