AL041984,            UNNAMED,     10,
19840806, 1200,  , TD, 37.0N,  68.2W,  20, -999, -999, -999, -999, -999, -999, -999, -999, -999, -999, -999, -999, -999, -999,  26.25,  26.51,  26.57,  26.60,  26.74,  26.73,  25.56,  26.43,  26.55,  26.56,  26.50,  26.15,  27.39,  27.90,  27.98,  27.64,  27.60,  27.35,  27.49,  27.72,  27.90,  27.94,  27.95,  27.67,  27.41,  27.36,  27.27,  27.12,  27.24,  27.30,  27.02
19840806, 1800,  , TD, 37.2N,  67.1W,  25, -999, -999, -999, -999, -999, -999, -999, -999, -999, -999, -999, -999, -999, -999,  26.51,  26.79,  26.89,  27.56,  27.68,  27.41,  26.55,  26.80,  26.78,  26.72,  26.70,  26.56,  26.73,  26.86,  26.83,  27.32,  27.38,  27.01,  27.26,  27.32,  27.16,  27.26,  27.40,  27.31,  27.36,  27.66,  27.28,  27.09,  26.97,  26.78,  26.49
19840807, 0000,  , TD, 37.5N,  65.9W,  25, -999, -999, -999, -999, -999, -999, -999, -999, -999, -999, -999, -999, -999, -999,  24.85,  25.38,  25.99,  25.96,  25.36,  25.65,  25.91,  25.87,  25.99,  26.18,  26.42,  26.18,  25.89,  25.95,  26.10,  26.34,  26.45,  26.53,  26.61,  26.67,  26.59,  26.45,  26.58,  26.64,  27.02,  26.31,  26.28,  26.21,  26.15,  26.10,  26.10
19840807, 0600,  , TD, 37.8N,  64.6W,  30, -999, -999, -999, -999, -999, -999, -999, -999, -999, -999, -999, -999, -999, -999,  25.49,  25.39,  26.69,  26.92,  26.61,  26.68,  26.71,  26.75,  26.64,  26.50,  26.59,  26.70,  27.04,  27.46,  27.61,  27.07,  27.17,  26.72,  26.43,  26.32,  26.08,  26.06,  26.13,  26.22,  26.19,  26.10,  26.06,  26.34,  26.90,  26.50,  26.21
19840807, 1200,  , TD, 38.0N,  63.2W,  30, -999, -999, -999, -999, -999, -999, -999, -999, -999, -999, -999, -999, -999, -999,  26.34,  25.91,  26.25,  26.49,  26.29,  26.19,  26.20,  26.79,  26.44,  26.78,  26.82,  27.14,  27.44,  27.37,  27.36,  26.20,  25.66,  25.64,  25.97,  25.85,  25.93,  26.15,  26.28,  26.32,  26.59,  26.08,  26.06,  26.08,  26.60,  26.66,  26.29
19840807, 1800,  , TD, 38.2N,  62.5W,  30, -999, -999, -999, -999, -999, -999, -999, -999, -999, -999, -999, -999, -999, -999,  26.53,  26.15,  26.50,  26.66,  26.50,  26.02,  25.96,  26.58,  25.97,  26.80,  26.93,  27.31,  27.68,  27.67,  27.67,  26.95,  26.48,  26.82,  27.02,  26.40,  26.04,  26.10,  26.03,  25.99,  26.31,  26.20,  26.41,  26.79,  27.07,  27.19,  27.09
19840808, 0000,  , TD, 38.8N,  61.8W,  30, -999, -999, -999, -999, -999, -999, -999, -999, -999, -999, -999, -999, -999, -999,  25.96,  25.85,  26.12,  26.25,  26.14,  26.18,  26.48,  26.87,  26.90,  26.84,  26.79,  26.77,  26.82,  26.67,  25.27,  25.46,  25.47,  25.42,  25.41,  25.23,  25.68,  25.89,  25.92,  26.23,  26.30,  24.83,  24.48,  24.10,  24.45,  24.54,  24.35
19840808, 0600,  , TD, 39.0N,  60.9W,  25, -999, -999, -999, -999, -999, -999, -999, -999, -999, -999, -999, -999, -999, -999,  26.09,  25.83,  25.89,  25.95,  25.51,  25.22,  24.95,  25.62,  27.04,  27.11,  27.06,  27.57,  27.64,  27.52,  25.93,  26.73,  27.59,  27.50,  27.24,  26.38,  26.29,  26.11,  26.03,  26.19,  26.16,  25.02,  25.28,  25.12,  25.07,  24.93,  24.92
19840808, 1200,  , TD, 39.3N,  60.0W,  25, -999, -999, -999, -999, -999, -999, -999, -999, -999, -999, -999, -999, -999, -999,  26.27,  25.92,  25.92,  25.86,  25.56,  25.57,  25.39,  25.37,  27.03,  27.00,  26.86,  26.81,  26.96,  26.91,  26.36,  26.90,  27.15,  27.01,  26.96,  26.63,  26.81,  27.17,  27.30,  27.26,  26.99,  25.52,  25.61,  25.70,  25.40,  25.38,  25.57
19840808, 1800,  , TD, 39.8N,  59.0W,  20, -999, -999, -999, -999, -999, -999, -999, -999, -999, -999, -999, -999, -999, -999,  25.50,  25.25,  24.94,  25.15,  25.35,  25.36,  24.96,  24.63,  24.72,  24.62,  24.60,  26.53,  27.04,  26.93,  26.87,  26.86,  27.20,  26.91,  26.78,  27.11,  27.13,  27.13,  27.09,  26.88,  26.53,  26.02,  26.31,  26.21,  25.98,  25.85,  25.73
