AL042015,              DANNY,     31,
20150817, 0000,  , LO,  9.6N,  29.3W,  25, 1011,    0,    0,    0,    0,    0,    0,    0,    0,    0,    0,    0,    0, -999,  28.06,  28.05,  28.25,  28.25,  28.38,  28.40,  27.97,  27.44,  27.77,  28.22,  28.45,  28.59,  28.70,  28.76,  28.75,  27.98,  27.93,  27.93,  28.72,  28.69,  28.55,  28.62,  28.49,  28.43,  28.57,  28.59,  28.14,  28.58,  28.42,  28.16,  28.05
20150817, 0600,  , LO,  9.6N,  30.4W,  25, 1011,    0,    0,    0,    0,    0,    0,    0,    0,    0,    0,    0,    0, -999,  28.04,  28.01,  27.92,  27.94,  28.29,  28.39,  28.26,  28.18,  28.05,  28.25,  28.50,  28.68,  28.68,  28.72,  28.70,  28.12,  27.96,  27.95,  28.48,  28.41,  28.54,  28.57,  28.51,  28.54,  28.63,  28.69,  28.68,  28.71,  28.07,  27.98,  27.95
20150817, 1200,  , LO,  9.7N,  31.5W,  25, 1011,    0,    0,    0,    0,    0,    0,    0,    0,    0,    0,    0,    0, -999,  28.08,  28.07,  28.09,  28.21,  28.30,  28.51,  28.52,  28.37,  28.22,  28.21,  28.46,  28.81,  28.86,  29.01,  29.00,  28.53,  28.58,  28.60,  28.64,  28.56,  28.64,  28.66,  28.50,  28.50,  28.40,  28.46,  28.91,  28.67,  28.13,  28.71,  28.85
20150817, 1800,  , LO, 10.0N,  32.6W,  25, 1010,    0,    0,    0,    0,    0,    0,    0,    0,    0,    0,    0,    0, -999,  28.05,  27.69,  27.47,  27.93,  28.08,  28.44,  28.12,  28.19,  28.05,  27.95,  28.11,  28.56,  28.88,  28.92,  28.78,  28.19,  28.21,  28.23,  28.38,  28.23,  28.22,  28.35,  28.37,  28.39,  28.45,  28.16,  28.32,  28.10,  27.85,  28.03,  28.08
20150818, 0000,  , LO, 10.3N,  33.7W,  25, 1010,    0,    0,    0,    0,    0,    0,    0,    0,    0,    0,    0,    0, -999,  27.48,  27.56,  28.13,  28.40,  28.35,  27.91,  28.13,  27.91,  27.68,  27.66,  28.29,  28.92,  29.06,  28.73,  27.91,  27.93,  27.93,  28.33,  28.50,  28.45,  28.27,  28.28,  28.34,  28.25,  28.05,  28.02,  27.93,  27.74,  27.76,  27.83,  28.42
20150818, 0600,  , TD, 10.4N,  34.8W,  30, 1009,    0,    0,    0,    0,    0,    0,    0,    0,    0,    0,    0,    0, -999,  27.54,  27.50,  28.10,  28.30,  28.20,  27.64,  28.07,  27.93,  27.74,  27.62,  27.66,  28.73,  28.90,  28.62,  27.78,  27.81,  27.81,  28.11,  28.44,  28.38,  28.40,  28.53,  28.55,  28.34,  28.05,  27.99,  28.29,  28.21,  28.20,  28.19,  28.66
20150818, 1200,  , TS, 10.5N,  35.9W,  35, 1008,   40,    0,    0,   40,    0,    0,    0,    0,    0,    0,    0,    0, -999,  27.40,  27.19,  27.90,  28.08,  27.80,  28.10,  28.45,  28.14,  27.97,  27.50,  27.52,  28.64,  28.77,  28.35,  27.68,  27.60,  27.63,  27.65,  28.18,  28.29,  28.32,  28.67,  28.60,  28.32,  28.16,  28.31,  28.46,  28.37,  28.33,  28.26,  28.60
20150818, 1800,  , TS, 10.7N,  37.1W,  40, 1006,   40,   30,    0,   40,    0,    0,    0,    0,    0,    0,    0,    0, -999,  27.33,  27.91,  27.95,  27.93,  27.53,  27.66,  27.98,  27.85,  27.53,  27.22,  27.77,  28.50,  28.44,  28.33,  27.94,  27.86,  27.87,  27.88,  27.89,  27.91,  27.92,  28.20,  28.23,  28.14,  28.17,  28.37,  28.49,  28.28,  28.03,  27.86,  28.15
20150819, 0000,  , TS, 10.9N,  38.4W,  45, 1005,   50,   30,    0,   40,    0,    0,    0,    0,    0,    0,    0,    0, -999,  27.99,  28.02,  28.11,  27.83,  27.88,  28.18,  28.17,  27.87,  27.70,  27.86,  28.08,  28.25,  28.41,  28.08,  27.49,  27.40,  28.08,  28.10,  27.95,  27.93,  28.44,  28.43,  28.37,  28.22,  28.22,  28.16,  27.76,  27.48,  27.47,  28.06,  28.52
20150819, 0600,  , TS, 11.0N,  39.5W,  45, 1003,   50,   30,    0,   40,    0,    0,    0,    0,    0,    0,    0,    0, -999,  28.02,  27.95,  27.90,  27.75,  27.69,  28.07,  28.04,  27.62,  27.56,  27.71,  28.07,  28.16,  28.28,  27.98,  27.32,  27.24,  27.95,  27.80,  27.54,  27.52,  28.37,  28.31,  28.06,  27.96,  28.07,  28.10,  27.53,  27.22,  27.23,  27.68,  27.88
20150819, 1200,  , TS, 11.2N,  40.6W,  45, 1002,   50,   30,   30,   40,    0,    0,    0,    0,    0,    0,    0,    0, -999,  27.79,  27.68,  27.80,  28.08,  28.08,  28.28,  28.32,  27.87,  27.79,  27.95,  28.13,  28.49,  28.64,  28.33,  27.30,  27.17,  27.83,  27.76,  27.49,  27.62,  28.23,  28.31,  28.09,  28.06,  27.86,  28.59,  27.83,  27.38,  27.53,  27.53,  27.55
20150819, 1800,  , TS, 11.5N,  41.5W,  50, 1001,   50,   30,   20,   40,   20,    0,    0,    0,    0,    0,    0,    0, -999,  27.74,  27.80,  27.81,  27.96,  27.95,  27.85,  27.91,  27.72,  27.61,  27.88,  28.02,  28.27,  28.32,  28.21,  28.09,  27.83,  28.18,  28.16,  28.08,  28.17,  28.23,  28.24,  28.24,  28.14,  27.76,  28.42,  28.00,  27.81,  27.74,  27.66,  28.24
20150820, 0000,  , TS, 11.7N,  42.5W,  55, 1000,   50,   30,   20,   40,   20,    0,    0,   20,    0,    0,    0,    0, -999,  27.70,  27.75,  27.79,  27.69,  27.61,  27.61,  27.54,  27.40,  27.67,  27.73,  27.91,  27.84,  27.75,  27.45,  27.33,  27.50,  27.45,  27.77,  27.84,  28.03,  28.10,  28.01,  27.84,  27.54,  28.28,  27.98,  27.78,  27.70,  27.89,  28.29,  28.90
20150820, 0600,  , TS, 11.9N,  43.5W,  60,  998,   50,   30,   20,   40,   20,   10,   10,   20,    0,    0,    0,    0, -999,  27.89,  27.91,  27.88,  27.83,  27.66,  27.79,  27.67,  27.43,  27.29,  27.82,  28.14,  28.15,  28.13,  27.41,  27.39,  27.46,  27.61,  27.80,  27.79,  27.65,  28.11,  28.16,  27.79,  27.55,  28.11,  27.54,  27.56,  27.76,  27.94,  28.33,  28.80
20150820, 1200,  , HU, 12.3N,  44.4W,  65,  995,   50,   30,   30,   40,   20,   20,   20,   20,   10,   10,   10,   10, -999,  27.68,  27.80,  27.69,  27.54,  27.37,  27.48,  27.15,  26.99,  26.94,  27.63,  27.96,  28.08,  28.08,  27.33,  27.12,  27.25,  27.36,  27.79,  27.81,  27.75,  28.02,  27.96,  27.52,  27.54,  28.07,  27.62,  27.57,  27.76,  27.99,  27.97,  28.00
20150820, 1800,  , HU, 12.8N,  45.3W,  75,  990,   50,   30,   30,   40,   20,   20,   20,   20,   10,   10,   10,   10, -999,  26.96,  27.13,  27.01,  26.92,  26.92,  27.15,  27.00,  26.72,  26.82,  27.23,  27.53,  27.70,  27.66,  26.86,  26.78,  26.88,  26.94,  27.58,  27.58,  27.71,  27.89,  28.12,  27.60,  27.56,  27.80,  27.73,  27.62,  27.52,  27.75,  27.80,  27.47
20150821, 0000,  , HU, 13.2N,  46.2W,  85,  981,   50,   30,   30,   40,   20,   20,   20,   20,   10,   10,   10,   10, -999,  27.35,  27.15,  27.03,  27.05,  27.18,  27.03,  26.57,  26.69,  27.01,  27.26,  27.42,  27.47,  26.48,  26.52,  26.64,  26.73,  27.30,  27.31,  27.34,  27.48,  27.85,  27.26,  27.39,  27.43,  27.49,  27.54,  27.39,  27.65,  27.84,  27.66,  27.23
20150821, 0600,  , HU, 13.5N,  47.0W,  95,  973,   50,   30,   30,   40,   20,   20,   20,   20,   10,   10,   10,   10, -999,  27.19,  27.07,  26.94,  27.14,  27.34,  27.33,  26.97,  26.97,  27.14,  27.34,  27.53,  27.59,  26.59,  26.57,  26.68,  26.81,  27.45,  27.44,  27.35,  27.66,  27.78,  27.17,  27.54,  27.39,  27.31,  27.47,  27.35,  27.49,  27.61,  27.41,  27.52
20150821, 1200,  , HU, 13.8N,  47.8W, 110,  960,   50,   30,   30,   50,   30,   20,   20,   30,   15,   10,   10,   15, -999,  26.99,  26.96,  26.87,  27.05,  27.03,  27.09,  26.72,  26.59,  26.93,  27.11,  27.32,  27.46,  26.83,  26.59,  26.61,  27.02,  27.62,  27.59,  27.44,  27.56,  27.48,  26.98,  27.47,  27.26,  27.58,  27.72,  27.39,  27.47,  27.49,  27.28,  27.58
20150821, 1800,  , HU, 14.3N,  48.6W, 105,  966,   50,   30,   30,   50,   30,   20,   20,   30,   15,   10,   10,   15, -999,  26.74,  26.80,  26.86,  26.94,  26.91,  26.93,  26.87,  26.94,  26.94,  27.00,  27.23,  27.21,  26.94,  26.37,  26.52,  27.20,  27.52,  27.47,  27.10,  27.23,  27.32,  27.07,  27.45,  26.98,  27.59,  27.66,  27.38,  27.40,  27.25,  27.26,  27.48
20150822, 0000,  , HU, 14.7N,  49.4W,  95,  973,   50,   30,   30,   50,   30,   20,   20,   30,   15,   10,   10,   15, -999,  26.76,  26.92,  26.89,  26.82,  26.89,  26.97,  27.05,  27.05,  27.09,  27.38,  27.43,  27.23,  26.45,  27.08,  27.58,  27.68,  27.77,  27.52,  27.51,  27.90,  27.91,  27.85,  27.23,  27.75,  27.84,  27.58,  27.59,  27.49,  27.20,  27.61,  27.87
20150822, 0600,  , HU, 15.0N,  50.3W,  85,  980,   50,   30,   30,   50,   30,   20,   20,   30,   15,   10,   10,   15, -999,  26.62,  26.64,  26.72,  26.70,  26.62,  26.77,  26.75,  26.71,  26.79,  27.01,  27.31,  27.30,  26.84,  26.70,  26.66,  26.95,  27.15,  27.13,  27.20,  27.66,  27.81,  27.81,  27.35,  27.75,  27.99,  27.80,  27.97,  28.05,  28.04,  28.27,  28.35
20150822, 1200,  , HU, 15.3N,  51.4W,  75,  985,   50,   30,   30,   50,   30,   20,   20,   30,   15,   10,   10,   15, -999,  26.68,  26.72,  26.86,  26.81,  26.76,  26.90,  26.95,  26.86,  26.86,  26.89,  27.33,  27.26,  27.02,  26.98,  27.01,  27.65,  27.55,  27.42,  27.42,  27.54,  27.52,  27.43,  27.04,  27.34,  27.54,  27.41,  27.51,  27.58,  27.64,  27.68,  27.92
20150822, 1800,  , HU, 15.5N,  52.7W,  65,  990,   50,   30,   30,   50,   30,   20,   20,   30,   10,   10,    0,    0, -999,  26.83,  26.79,  26.82,  26.84,  26.92,  26.87,  26.84,  26.69,  26.63,  26.87,  27.34,  27.20,  26.81,  27.17,  27.41,  27.64,  27.52,  27.23,  27.19,  27.47,  27.37,  27.36,  27.24,  27.54,  27.49,  27.46,  27.56,  27.62,  27.70,  27.71,  27.90
20150823, 0000,  , TS, 15.6N,  54.0W,  55,  999,   50,   30,   20,   50,   20,    0,    0,   20,    0,    0,    0,    0, -999,  27.49,  27.46,  27.39,  27.50,  27.50,  27.48,  27.29,  27.09,  27.24,  27.62,  27.71,  27.74,  27.73,  27.78,  27.74,  27.76,  27.84,  27.84,  27.85,  27.97,  28.03,  27.88,  28.02,  27.93,  27.82,  27.59,  27.73,  27.91,  28.02,  28.20,  28.22
20150823, 0600,  , TS, 15.7N,  55.3W,  50, 1001,   50,   30,   20,   50,   20,    0,    0,    0,    0,    0,    0,    0, -999,  27.66,  27.45,  27.52,  27.60,  27.62,  27.64,  27.33,  27.41,  27.52,  27.73,  27.83,  27.81,  27.56,  27.74,  27.85,  28.10,  27.56,  27.50,  28.37,  28.21,  28.16,  28.07,  28.10,  28.10,  28.12,  27.82,  28.14,  28.43,  28.65,  28.64,  28.56
20150823, 1200,  , TS, 15.7N,  56.7W,  45, 1002,   50,   30,   20,   40,    0,    0,    0,    0,    0,    0,    0,    0, -999,  27.97,  27.81,  27.88,  27.94,  27.88,  27.80,  27.76,  27.55,  27.62,  27.92,  27.91,  27.87,  27.59,  27.93,  28.18,  28.31,  28.10,  28.20,  28.53,  28.35,  28.28,  28.28,  28.07,  28.30,  28.29,  28.00,  28.22,  28.70,  29.04,  28.78,  28.70
20150823, 1800,  , TS, 15.6N,  58.2W,  40, 1004,   50,   30,    0,   40,    0,    0,    0,    0,    0,    0,    0,    0, -999,  28.23,  28.10,  28.04,  28.04,  28.08,  28.10,  28.14,  27.83,  27.68,  28.00,  28.00,  27.73,  27.36,  27.78,  28.22,  28.05,  28.42,  28.39,  28.64,  28.67,  28.73,  28.39,  28.13,  28.59,  28.59,  28.69,  29.15,  28.94,  28.85,  28.86,  28.86
20150824, 0000,  , TS, 15.6N,  59.3W,  40, 1007,   50,   30,    0,    0,    0,    0,    0,    0,    0,    0,    0,    0, -999,  28.20,  28.05,  28.13,  28.12,  28.07,  28.02,  27.87,  27.94,  28.06,  28.12,  28.04,  27.42,  27.69,  28.15,  27.85,  28.16,  28.47,  28.60,  28.62,  28.75,  28.45,  28.59,  28.79,  28.79,  28.76,  28.70,  28.96,  28.98,  29.02,  28.89,  28.87
20150824, 0600,  , TS, 15.8N,  60.4W,  35, 1008,   50,   30,    0,    0,    0,    0,    0,    0,    0,    0,    0,    0, -999,  28.24,  28.02,  28.13,  28.26,  28.07,  28.05,  27.90,  27.96,  28.02,  28.07,  28.09,  27.85,  27.86,  28.32,  28.06,  28.27,  28.50,  28.53,  28.61,  28.90,  28.72,  28.55,  28.61,  28.80,  28.70,  28.53,  29.09,  29.09,  29.11,  29.11,  28.97
20150824, 1200,  , TD, 15.8N,  61.3W,  30, 1009,    0,    0,    0,    0,    0,    0,    0,    0,    0,    0,    0,    0, -999,  28.34,  28.08,  28.20,  28.52,  28.32,  28.27,  28.16,  28.12,  28.01,  28.10,  28.14,  27.81,  27.75,  28.16,  28.07,  28.46,  28.56,  28.55,  28.59,  28.61,  28.38,  28.26,  28.39,  28.61,  28.39,  28.32,  28.72,  28.88,  29.08,  29.02,  28.69
