AL051998,               EARL,     33,
19980831, 1200,  , TD, 21.6N,  93.5W,  30, 1005, -999, -999, -999, -999, -999, -999, -999, -999, -999, -999, -999, -999, -999,  30.17,  29.81,  29.71,  28.83,  28.90,  29.80,  30.31,  30.68,  30.82,  30.98,  31.02,  30.99,  30.95,  30.91,  30.88,  30.85,  29.40,  29.25,  29.34,  29.89,  29.98,  29.90,  29.82,  29.01,  28.74,  28.67,  28.67,  28.67,  28.69,  28.77,  29.46
19980831, 1800,  , TS, 22.4N,  93.8W,  35, 1002, -999, -999, -999, -999, -999, -999, -999, -999, -999, -999, -999, -999, -999,  30.31,  29.98,  29.84,  28.83,  28.54,  29.86,  30.51,  30.93,  31.10,  31.18,  30.72,  30.67,  30.68,  30.68,  30.66,  30.64,  29.63,  29.78,  29.90,  29.96,  30.06,  30.00,  29.92,  29.24,  28.96,  28.45,  28.39,  28.40,  28.50,  28.76,  29.06
19980901, 0000,  , TS, 23.2N,  93.7W,  35, 1002, -999, -999, -999, -999, -999, -999, -999, -999, -999, -999, -999, -999, -999,  30.08,  30.11,  29.65,  29.66,  30.14,  30.30,  30.85,  30.68,  30.59,  30.68,  30.75,  30.24,  30.07,  30.09,  30.39,  29.60,  29.66,  29.82,  29.92,  29.98,  29.96,  29.87,  29.24,  29.00,  28.50,  28.22,  28.17,  28.29,  28.60,  28.83,  29.15
19980901, 0600,  , TS, 24.1N,  93.4W,  40, 1001, -999, -999, -999, -999, -999, -999, -999, -999, -999, -999, -999, -999, -999,  30.59,  30.50,  30.45,  30.13,  30.03,  30.32,  30.85,  30.87,  30.86,  31.00,  31.08,  30.41,  30.31,  30.22,  30.18,  29.39,  29.51,  29.77,  29.73,  29.52,  29.49,  28.82,  28.48,  28.51,  28.52,  28.50,  28.46,  28.49,  28.63,  29.01,  29.06
19980901, 1200,  , TS, 25.0N,  93.1W,  45,  999, -999, -999, -999, -999, -999, -999, -999, -999, -999, -999, -999, -999, -999,  29.89,  29.90,  29.92,  29.37,  29.34,  29.85,  30.13,  30.11,  30.11,  30.10,  30.16,  29.93,  29.87,  29.74,  29.65,  29.46,  29.27,  29.55,  29.47,  29.24,  29.14,  28.63,  28.65,  28.73,  28.71,  28.42,  28.55,  28.67,  28.60,  28.76,  28.64
19980901, 1800,  , TS, 25.8N,  92.5W,  50,  998, -999, -999, -999, -999, -999, -999, -999, -999, -999, -999, -999, -999, -999,  30.39,  30.43,  30.39,  29.96,  30.12,  30.18,  30.14,  29.88,  29.76,  29.62,  29.60,  29.66,  30.01,  29.66,  29.64,  29.42,  29.27,  29.87,  30.18,  30.29,  30.21,  30.13,  30.06,  30.03,  30.02,  28.88,  28.70,  28.73,  28.71,  28.51,  27.94
19980902, 0000,  , TS, 26.8N,  91.5W,  50,  998, -999, -999, -999, -999, -999, -999, -999, -999, -999, -999, -999, -999, -999,  31.18,  30.77,  30.61,  30.61,  29.92,  29.73,  29.73,  29.78,  29.77,  29.77,  30.28,  30.73,  30.03,  29.92,  29.54,  29.16,  29.69,  29.79,  29.81,  29.85,  29.97,  29.80,  29.63,  29.75,  29.01,  29.02,  28.97,  28.66,  28.64,  28.04,  27.71
19980902, 0600,  , TS, 27.6N,  90.4W,  50,  996, -999, -999, -999, -999, -999, -999, -999, -999, -999, -999, -999, -999, -999,  30.26,  30.12,  29.75,  29.30,  29.59,  29.74,  29.78,  29.74,  29.96,  30.12,  30.46,  30.46,  30.37,  30.53,  30.31,  29.70,  29.93,  30.02,  30.09,  30.14,  30.18,  30.06,  29.71,  29.17,  28.14,  28.22,  28.33,  28.35,  28.35,  27.92,  27.66
19980902, 1200,  , HU, 28.2N,  89.0W,  70,  994, -999, -999, -999, -999, -999, -999, -999, -999, -999, -999, -999, -999, -999,  31.16,  31.52,  31.50,  29.27,  29.45,  29.93,  29.94,  29.87,  30.05,  30.29,  30.34,  30.33,  30.58,  30.69,  30.45,  29.94,  30.01,  30.07,  30.05,  30.05,  29.70,  29.36,  28.94,  28.71,  28.64,  28.31,  28.11,  27.98,  27.91,  27.82,  27.69
19980902, 1800,  , HU, 28.7N,  87.9W,  85,  988, -999, -999, -999, -999, -999, -999, -999, -999, -999, -999, -999, -999, -999,  30.83,  30.74,  30.69,  30.08,  29.65,  29.65,  29.60,  29.61,  29.83,  30.12,  30.19,  30.20,  30.25,  30.23,  29.97,  29.01,  29.11,  29.15,  28.99,  28.74,  28.04,  27.74,  27.67,  27.86,  27.96,  27.98,  27.90,  27.99,  28.01,  27.92,  27.75
19980903, 0000,  , HU, 29.4N,  86.8W,  80,  985, -999, -999, -999, -999, -999, -999, -999, -999, -999, -999, -999, -999, -999,  29.76,  29.75,  29.58,  29.90,  29.98,  29.97,  29.99,  30.16,  30.48,  30.80,  30.90,  30.78,  30.63,  30.75,  28.20,  28.31,  28.58,  28.59,  28.51,  28.39,  28.24,  28.12,  28.09,  28.05,  27.56,  27.58,  27.48,  27.06,  27.01,  27.24,  27.16
19980903, 0600, L, HU, 30.1N,  85.7W,  70,  987, -999, -999, -999, -999, -999, -999, -999, -999, -999, -999, -999, -999,   70,  28.59,  28.59,  28.61,  28.46,  29.00,  29.68,  29.71,  29.72,  29.78,  29.73,  29.71,  29.75,  29.89,  29.89,  27.74,  28.10,  28.65,  28.85,  28.96,  29.00,  28.95,  28.88,  28.81,  28.74,  27.65,  27.60,  27.55,  27.34,  27.00,  26.91,  26.84
19980903, 1200,  , TS, 31.3N,  84.0W,  45,  990, -999, -999, -999, -999, -999, -999, -999, -999, -999, -999, -999, -999, -999,    nan,    nan,    nan,    nan,    nan,    nan,    nan,    nan,    nan,    nan,    nan,    nan,    nan,    nan,    nan,    nan,    nan,    nan,    nan,    nan,    nan,    nan,    nan,    nan,    nan,    nan,    nan,    nan,    nan,    nan,    nan
19980903, 1800,  , EX, 32.4N,  82.4W,  40,  994, -999, -999, -999, -999, -999, -999, -999, -999, -999, -999, -999, -999, -999,    nan,    nan,    nan,    nan,    nan,    nan,    nan,    nan,    nan,    nan,    nan,    nan,    nan,    nan,    nan,    nan,    nan,    nan,    nan,    nan,    nan,    nan,    nan,    nan,    nan,    nan,    nan,    nan,    nan,    nan,    nan
19980904, 0000,  , EX, 33.2N,  80.5W,  40,  994, -999, -999, -999, -999, -999, -999, -999, -999, -999, -999, -999, -999, -999,    nan,    nan,    nan,    nan,    nan,    nan,    nan,    nan,    nan,    nan,    nan,    nan,    nan,    nan,    nan,    nan,    nan,    nan,    nan,    nan,    nan,    nan,    nan,    nan,    nan,    nan,    nan,    nan,    nan,    nan,    nan
19980904, 0600,  , EX, 34.5N,  79.0W,  50,  995, -999, -999, -999, -999, -999, -999, -999, -999, -999, -999, -999, -999, -999,    nan,    nan,    nan,    nan,    nan,    nan,    nan,    nan,    nan,    nan,    nan,    nan,    nan,    nan,    nan,    nan,    nan,    nan,    nan,    nan,    nan,    nan,    nan,    nan,    nan,    nan,    nan,    nan,    nan,    nan,    nan
19980904, 1200,  , EX, 35.9N,  77.2W,  50,  998, -999, -999, -999, -999, -999, -999, -999, -999, -999, -999, -999, -999, -999,    nan,    nan,    nan,    nan,    nan,    nan,    nan,    nan,    nan,    nan,    nan,    nan,    nan,    nan,    nan,    nan,    nan,    nan,    nan,    nan,    nan,    nan,    nan,    nan,    nan,    nan,    nan,    nan,    nan,    nan,    nan
19980904, 1800,  , EX, 36.5N,  75.0W,  50, 1000, -999, -999, -999, -999, -999, -999, -999, -999, -999, -999, -999, -999, -999,  25.73,  25.93,  25.79,  25.37,  25.20,  25.13,  24.95,  24.59,  23.44,  23.79,  23.93,  24.27,  24.71,  24.58,  24.63,  24.64,  24.52,  24.66,  25.00,  24.87,  24.12,  23.95,  24.12,  24.00,  24.22,  24.09,  24.10,  24.35,  24.55,  24.39,  23.68
19980905, 0000,  , EX, 38.0N,  71.0W,  50, 1000, -999, -999, -999, -999, -999, -999, -999, -999, -999, -999, -999, -999, -999,  25.29,  25.01,  25.06,  24.82,  24.56,  24.67,  24.78,  23.83,  23.82,  23.96,  24.23,  24.08,  23.92,  23.92,  24.04,  24.10,  24.05,  24.06,  23.98,  23.51,  23.54,  23.69,  23.79,  23.80,  23.86,  23.78,  24.04,  23.98,  24.13,  24.43,  24.31
19980905, 0600,  , EX, 40.0N,  65.5W,  50,  998, -999, -999, -999, -999, -999, -999, -999, -999, -999, -999, -999, -999, -999,  24.08,  23.29,  23.47,  23.96,  24.49,  24.64,  24.49,  24.35,  23.58,  23.37,  23.40,  23.22,  23.09,  23.12,  22.95,  22.77,  22.94,  23.08,  23.08,  22.74,  21.98,  21.97,  22.43,  22.60,  22.74,  22.59,  22.00,  21.83,  21.80,  21.72,  21.99
19980905, 1200,  , EX, 42.5N,  61.0W,  50,  990, -999, -999, -999, -999, -999, -999, -999, -999, -999, -999, -999, -999, -999,  22.32,  22.35,  22.09,  21.80,  21.86,  21.87,  21.63,  21.04,  21.05,  21.74,  22.14,  22.49,  22.85,  22.98,  20.49,  19.46,  18.89,  19.29,  19.72,  20.07,  20.36,  20.46,  20.34,  20.27,  20.03,  19.92,  20.26,  20.30,  20.22,  20.15,  20.33
19980905, 1800,  , EX, 45.0N,  56.0W,  50,  986, -999, -999, -999, -999, -999, -999, -999, -999, -999, -999, -999, -999, -999,  18.16,  18.25,  18.25,  18.11,  18.07,  17.78,  17.67,  17.62,  16.56,  16.34,  16.45,  16.72,  16.61,  16.59,  16.46,  13.92,  14.01,  14.25,  15.26,  15.81,  15.88,  14.65,  14.48,  14.45,  15.06,  15.09,  15.02,  14.26,  13.91,  13.60,  13.56
19980906, 0000,  , EX, 47.0N,  54.0W,  50,  979, -999, -999, -999, -999, -999, -999, -999, -999, -999, -999, -999, -999, -999,  15.61,  15.30,  15.36,  15.11,  13.66,  13.69,  14.19,  14.88,  14.03,  13.77,  14.17,  14.09,  13.89,  13.05,  12.83,  12.34,  11.67,  11.40,  11.00,  10.46,  10.37,   9.66,  10.43,  11.01,  11.10,  11.10,  10.27,  10.16,  10.28,  10.25,  10.32
19980906, 0600,  , EX, 48.0N,  53.0W,  50,  968, -999, -999, -999, -999, -999, -999, -999, -999, -999, -999, -999, -999, -999,  14.28,  14.35,  14.00,  13.87,  13.78,  14.26,  14.26,  14.79,  14.93,  13.93,  13.32,  13.19,  13.24,  13.18,  11.82,  11.03,  10.87,  11.48,  11.99,  12.07,  12.34,  12.56,  12.54,  12.54,  12.65,  12.62,  11.31,  11.32,  11.34,  11.19,  11.11
19980906, 1200,  , EX, 49.0N,  52.0W,  55,  964, -999, -999, -999, -999, -999, -999, -999, -999, -999, -999, -999, -999, -999,  12.21,  12.52,  12.64,  12.59,  12.43,  12.40,  11.43,  11.39,  11.27,  11.30,  11.80,  12.05,  12.12,  12.03,  10.03,  10.03,   9.89,   9.95,  10.39,  10.53,  10.53,  10.39,  10.97,  11.15,  10.97,  10.87,  10.43,   9.95,  10.17,  10.06,  10.04
19980906, 1800,  , EX, 49.5N,  50.0W,  55,  966, -999, -999, -999, -999, -999, -999, -999, -999, -999, -999, -999, -999, -999,  11.95,  12.07,  11.88,  11.81,  11.66,  11.38,  11.15,  11.16,  11.19,  11.36,  11.41,  11.15,  11.13,  11.32,  10.05,   9.80,   9.93,  10.22,  10.26,  10.45,  10.44,  10.36,  10.82,  11.08,  10.74,  10.73,  10.79,   9.89,   9.74,   9.77,   9.63
19980907, 0000,  , EX, 50.0N,  48.0W,  55,  968, -999, -999, -999, -999, -999, -999, -999, -999, -999, -999, -999, -999, -999,  12.32,  12.41,  12.45,  12.51,  12.05,  12.01,  12.05,  12.39,  12.45,  12.42,  11.82,  11.26,  11.19,  10.75,  11.01,  11.53,  11.79,  11.85,  12.04,  12.04,  11.52,  11.58,  11.61,  11.37,  11.13,  11.13,  10.62,  10.73,  10.78,  10.69,  10.60
19980907, 0600,  , EX, 50.5N,  45.0W,  50,  970, -999, -999, -999, -999, -999, -999, -999, -999, -999, -999, -999, -999, -999,  14.78,  14.86,  14.81,  14.80,  14.45,  14.33,  14.34,  14.53,  14.59,  14.66,  14.90,  15.02,  15.41,  15.29,  14.79,  14.54,  14.61,  14.91,  14.98,  14.90,  14.83,  14.69,  14.75,  14.88,  14.83,  14.50,  14.34,  14.11,  14.06,  13.96,  13.85
19980907, 1200,  , EX, 51.0N,  41.0W,  45,  978, -999, -999, -999, -999, -999, -999, -999, -999, -999, -999, -999, -999, -999,  15.24,  15.39,  15.46,  15.05,  14.45,  14.11,  14.35,  14.81,  14.91,  14.90,  14.58,  14.66,  14.63,  15.10,  15.44,  15.43,  15.13,  14.84,  14.83,  14.96,  15.22,  14.69,  14.18,  14.18,  14.16,  13.60,  13.25,  13.25,  13.02,  12.83,  12.92
19980907, 1800,  , EX, 51.0N,  37.0W,  45,  978, -999, -999, -999, -999, -999, -999, -999, -999, -999, -999, -999, -999, -999,  15.91,  15.95,  16.21,  16.28,  16.24,  16.28,  15.67,  15.25,  15.21,  15.28,  15.50,  15.47,  15.59,  15.62,  15.37,  15.44,  15.43,  15.21,  15.63,  16.65,  15.95,  15.67,  15.36,  15.22,  14.74,  14.80,  14.96,  14.43,  14.57,  14.80,  14.78
19980908, 0000,  , EX, 51.0N,  32.0W,  40,  982, -999, -999, -999, -999, -999, -999, -999, -999, -999, -999, -999, -999, -999,  16.41,  15.86,  15.20,  15.12,  15.39,  15.55,  15.78,  15.82,  15.93,  15.99,  15.98,  15.97,  16.00,  15.74,  14.89,  14.67,  14.64,  14.84,  15.24,  15.19,  15.11,  15.14,  15.14,  14.49,  14.46,  14.63,  14.63,  14.50,  14.53,  14.39,  14.06
19980908, 0600,  , EX, 51.5N,  28.5W,  40,  982, -999, -999, -999, -999, -999, -999, -999, -999, -999, -999, -999, -999, -999,  15.58,  15.23,  15.14,  14.98,  14.94,  15.37,  15.56,  15.60,  15.54,  15.45,  15.23,  15.26,  15.14,  15.22,  15.03,  15.12,  15.25,  14.88,  14.35,  14.25,  15.20,  15.26,  15.31,  15.02,  14.66,  15.01,  15.19,  15.25,  15.31,  15.28,  15.00
19980908, 1200,  , EX, 52.0N,  25.0W,  35,  983, -999, -999, -999, -999, -999, -999, -999, -999, -999, -999, -999, -999, -999,  15.01,  15.49,  15.59,  15.46,  15.73,  15.99,  16.09,  16.06,  15.94,  15.81,  15.75,  15.55,  15.54,  15.41,  15.40,  14.97,  14.86,  14.89,  15.81,  16.12,  16.03,  15.57,  15.26,  14.97,  14.90,  15.22,  15.35,  15.46,  15.39,  15.27,  15.25
