AL051996,            EDOUARD,     73,
19960819, 1800,  , TD, 12.4N,  19.9W,  25, 1007, -999, -999, -999, -999, -999, -999, -999, -999, -999, -999, -999, -999, -999,  27.48,  27.00,  27.57,  27.80,  27.94,  26.97,  26.71,  27.12,  28.17,  28.49,  28.76,  28.48,  28.37,  28.13,  28.46,  28.48,  27.39,  27.43,  27.50,  27.65,  27.66,  27.41,  27.40,  27.39,  27.41,  27.43,  27.90,  27.52,  27.18,  27.23,  27.80
19960820, 0000,  , TD, 12.4N,  20.7W,  25, 1007, -999, -999, -999, -999, -999, -999, -999, -999, -999, -999, -999, -999, -999,  28.12,  28.09,  27.98,  28.01,  26.55,  26.42,  26.71,  27.31,  27.69,  28.41,  28.33,  27.39,  27.51,  27.78,  27.74,  27.08,  27.22,  27.27,  27.48,  27.62,  27.68,  27.84,  27.84,  27.85,  27.85,  27.66,  27.53,  27.53,  27.56,  27.56,  27.66
19960820, 0600,  , TD, 12.4N,  21.6W,  25, 1007, -999, -999, -999, -999, -999, -999, -999, -999, -999, -999, -999, -999, -999,  27.49,  27.18,  26.95,  26.91,  26.04,  26.27,  26.92,  26.90,  27.38,  28.06,  27.72,  26.84,  26.92,  26.98,  27.24,  27.47,  27.71,  27.85,  28.03,  28.11,  27.98,  27.99,  28.06,  28.06,  28.06,  27.61,  27.71,  27.74,  27.40,  26.74,  27.11
19960820, 1200,  , TD, 12.5N,  22.6W,  25, 1007, -999, -999, -999, -999, -999, -999, -999, -999, -999, -999, -999, -999, -999,  27.18,  27.23,  27.32,  27.26,  25.99,  26.16,  26.68,  26.67,  27.33,  27.96,  27.57,  26.81,  26.79,  26.76,  26.68,  27.27,  27.59,  27.75,  27.82,  27.94,  27.95,  28.06,  28.20,  28.16,  28.04,  28.08,  28.70,  28.62,  27.42,  26.88,  27.02
19960820, 1800,  , TD, 12.6N,  23.8W,  25, 1007, -999, -999, -999, -999, -999, -999, -999, -999, -999, -999, -999, -999, -999,  27.05,  26.90,  27.05,  26.78,  25.99,  26.22,  26.83,  26.84,  26.89,  27.79,  27.76,  27.10,  26.94,  26.61,  26.62,  27.69,  27.81,  27.86,  27.82,  27.94,  27.84,  27.85,  27.52,  27.58,  27.33,  26.56,  27.27,  27.32,  27.35,  27.21,  26.99
19960821, 0000,  , TD, 12.6N,  25.3W,  25, 1007, -999, -999, -999, -999, -999, -999, -999, -999, -999, -999, -999, -999, -999,  27.47,  27.53,  26.41,  25.90,  26.29,  26.78,  27.44,  27.60,  27.72,  27.73,  27.84,  27.52,  26.85,  26.88,  27.76,  27.90,  27.54,  27.51,  27.90,  27.90,  27.20,  26.79,  27.40,  27.41,  26.90,  27.07,  27.39,  27.54,  27.57,  27.18,  27.15
19960821, 0600,  , TD, 12.8N,  26.7W,  25, 1007, -999, -999, -999, -999, -999, -999, -999, -999, -999, -999, -999, -999, -999,  26.26,  28.02,  28.74,  26.25,  25.36,  26.12,  26.91,  27.45,  27.68,  27.41,  27.33,  27.28,  27.18,  26.97,  26.52,  26.93,  27.37,  27.33,  27.50,  27.81,  26.46,  26.55,  27.38,  27.11,  26.90,  27.23,  27.43,  27.58,  27.60,  26.94,  27.18
19960821, 1200,  , TD, 12.9N,  27.9W,  25, 1007, -999, -999, -999, -999, -999, -999, -999, -999, -999, -999, -999, -999, -999,  26.86,  28.21,  28.93,  26.61,  25.89,  26.53,  27.36,  27.64,  27.63,  27.63,  26.08,  25.98,  27.16,  26.47,  26.52,  26.67,  27.71,  27.83,  27.85,  27.40,  26.35,  26.71,  27.22,  27.15,  26.61,  26.81,  27.26,  27.51,  27.05,  26.58,  27.15
19960821, 1800,  , TD, 13.0N,  29.2W,  25, 1006, -999, -999, -999, -999, -999, -999, -999, -999, -999, -999, -999, -999, -999,  27.60,  27.58,  27.80,  26.61,  26.29,  26.70,  27.29,  27.64,  27.84,  27.91,  27.17,  26.81,  27.39,  26.24,  26.15,  26.29,  27.52,  27.78,  27.82,  27.10,  26.96,  27.35,  27.31,  27.22,  27.27,  27.33,  26.95,  26.96,  26.16,  26.16,  27.01
19960822, 0000,  , TD, 13.1N,  30.3W,  30, 1006, -999, -999, -999, -999, -999, -999, -999, -999, -999, -999, -999, -999, -999,  27.83,  28.89,  27.18,  26.27,  26.29,  27.05,  27.66,  27.54,  28.46,  29.06,  27.22,  27.24,  26.92,  27.30,  27.30,  27.54,  27.51,  27.55,  27.02,  26.88,  27.25,  27.33,  27.36,  27.31,  27.00,  26.89,  26.70,  26.27,  26.30,  26.86,  27.96
19960822, 0600,  , TS, 13.2N,  31.6W,  35, 1005, -999, -999, -999, -999, -999, -999, -999, -999, -999, -999, -999, -999, -999,  27.63,  28.29,  27.50,  26.74,  26.58,  27.38,  28.07,  28.04,  28.81,  28.83,  27.35,  26.99,  27.31,  27.38,  27.43,  27.92,  27.98,  28.03,  27.53,  27.57,  27.56,  27.78,  27.64,  27.78,  27.58,  26.59,  27.19,  27.44,  26.78,  27.23,  27.93
19960822, 1200,  , TS, 13.4N,  32.9W,  40, 1003, -999, -999, -999, -999, -999, -999, -999, -999, -999, -999, -999, -999, -999,  26.64,  27.20,  27.39,  26.66,  26.39,  26.73,  28.01,  27.87,  27.48,  27.96,  27.60,  26.59,  26.08,  26.09,  26.07,  26.68,  26.71,  26.90,  27.13,  27.04,  26.73,  26.91,  27.17,  26.97,  26.60,  26.37,  27.56,  27.43,  26.66,  27.00,  28.02
19960822, 1800,  , TS, 13.5N,  34.4W,  40, 1002, -999, -999, -999, -999, -999, -999, -999, -999, -999, -999, -999, -999, -999,  26.42,  27.20,  27.71,  27.24,  26.50,  26.47,  27.68,  27.80,  27.54,  28.37,  27.77,  27.17,  26.98,  26.27,  26.18,  26.24,  26.39,  26.70,  26.76,  26.62,  26.65,  26.69,  27.51,  27.03,  26.66,  26.64,  27.34,  27.13,  26.36,  26.61,  27.47
19960823, 0000,  , TS, 13.7N,  35.8W,  45, 1000, -999, -999, -999, -999, -999, -999, -999, -999, -999, -999, -999, -999, -999,  26.50,  27.48,  27.17,  26.32,  26.12,  27.60,  28.51,  28.24,  27.98,  27.55,  26.87,  26.46,  26.09,  25.97,  25.99,  26.02,  26.11,  26.48,  26.61,  26.55,  26.60,  27.51,  27.92,  27.76,  27.52,  27.81,  27.45,  26.55,  26.45,  28.07,  28.43
19960823, 0600,  , TS, 13.8N,  37.0W,  50,  996, -999, -999, -999, -999, -999, -999, -999, -999, -999, -999, -999, -999, -999,  26.32,  27.02,  26.92,  26.16,  25.96,  27.89,  28.11,  27.91,  27.57,  27.25,  26.54,  26.49,  26.91,  26.99,  26.98,  27.00,  27.21,  26.96,  26.70,  26.64,  26.40,  27.36,  27.53,  27.10,  26.41,  26.77,  27.28,  27.19,  26.67,  27.48,  28.00
19960823, 1200,  , HU, 13.9N,  38.3W,  65,  988, -999, -999, -999, -999, -999, -999, -999, -999, -999, -999, -999, -999, -999,  26.13,  26.72,  26.98,  26.13,  26.52,  27.02,  27.59,  27.64,  27.52,  27.30,  27.18,  26.31,  26.76,  26.92,  26.94,  26.94,  27.34,  27.50,  27.01,  26.58,  26.51,  26.67,  27.18,  27.09,  26.36,  27.04,  27.16,  27.22,  26.55,  27.41,  28.12
19960823, 1800,  , HU, 14.0N,  39.8W,  65,  986, -999, -999, -999, -999, -999, -999, -999, -999, -999, -999, -999, -999, -999,  26.07,  26.73,  26.95,  26.34,  27.11,  27.59,  27.64,  27.72,  27.82,  27.63,  27.43,  26.62,  27.08,  27.12,  27.12,  26.82,  27.44,  27.56,  27.52,  27.19,  26.95,  26.73,  28.62,  28.88,  27.08,  26.75,  26.94,  27.36,  27.28,  27.44,  27.97
19960824, 0000,  , HU, 14.1N,  41.1W,  70,  983, -999, -999, -999, -999, -999, -999, -999, -999, -999, -999, -999, -999, -999,  26.63,  26.44,  26.03,  25.80,  26.88,  27.36,  27.45,  27.58,  27.15,  27.11,  26.20,  26.30,  27.03,  27.08,  27.00,  26.96,  26.98,  27.01,  26.80,  26.66,  26.48,  28.90,  28.66,  26.26,  27.08,  27.25,  27.29,  27.52,  27.33,  27.80,  27.10
19960824, 0600,  , HU, 14.1N,  42.4W,  75,  980, -999, -999, -999, -999, -999, -999, -999, -999, -999, -999, -999, -999, -999,  26.57,  26.87,  26.27,  25.99,  27.15,  27.73,  27.63,  27.70,  27.12,  27.02,  26.11,  25.95,  26.60,  26.13,  26.03,  26.34,  26.40,  26.58,  26.63,  26.74,  26.88,  27.78,  27.42,  26.60,  26.95,  27.35,  27.29,  27.34,  27.04,  27.51,  28.20
19960824, 1200,  , HU, 14.4N,  43.6W,  90,  970, -999, -999, -999, -999, -999, -999, -999, -999, -999, -999, -999, -999, -999,  26.46,  26.51,  26.31,  26.17,  26.87,  27.53,  27.64,  27.77,  27.10,  27.11,  26.95,  26.86,  26.55,  25.55,  25.54,  25.98,  26.43,  26.69,  26.69,  27.25,  27.35,  28.53,  28.72,  28.20,  27.79,  27.50,  27.30,  27.29,  26.56,  27.77,  28.29
19960824, 1800,  , HU, 14.6N,  44.7W, 100,  960, -999, -999, -999, -999, -999, -999, -999, -999, -999, -999, -999, -999, -999,  26.39,  26.44,  26.41,  26.59,  27.21,  27.58,  27.73,  27.86,  27.13,  27.30,  27.44,  27.40,  27.06,  26.11,  25.75,  25.93,  26.23,  26.57,  26.80,  27.20,  26.95,  27.18,  28.43,  29.06,  27.91,  27.07,  26.91,  26.95,  26.94,  28.09,  28.35
19960825, 0000,  , HU, 15.0N,  45.8W, 120,  942, -999, -999, -999, -999, -999, -999, -999, -999, -999, -999, -999, -999, -999,  26.70,  26.70,  26.61,  26.80,  27.51,  27.71,  27.82,  27.29,  27.31,  27.33,  27.34,  27.30,  27.44,  27.75,  27.91,  27.21,  26.87,  26.88,  27.10,  26.87,  26.90,  27.51,  27.64,  27.54,  27.18,  27.09,  27.06,  27.59,  27.68,  28.02,  27.98
19960825, 0600,  , HU, 15.4N,  47.0W, 125,  933, -999, -999, -999, -999, -999, -999, -999, -999, -999, -999, -999, -999, -999,  26.78,  26.90,  26.78,  26.87,  27.37,  27.66,  27.83,  27.15,  26.91,  26.91,  27.15,  25.98,  25.66,  25.88,  26.46,  26.48,  26.70,  26.72,  26.76,  26.73,  26.75,  26.70,  27.05,  27.19,  26.69,  26.62,  26.80,  27.46,  27.53,  27.64,  27.56
19960825, 1200,  , HU, 15.9N,  48.3W, 125,  934, -999, -999, -999, -999, -999, -999, -999, -999, -999, -999, -999, -999, -999,  27.30,  27.58,  27.05,  27.21,  27.55,  27.76,  27.82,  27.43,  26.78,  26.73,  26.86,  26.28,  26.09,  25.83,  25.88,  26.36,  26.77,  26.77,  26.97,  26.76,  26.92,  26.19,  26.61,  27.19,  26.40,  26.36,  26.03,  26.91,  27.49,  27.66,  27.81
19960825, 1800,  , HU, 16.5N,  49.6W, 125,  935, -999, -999, -999, -999, -999, -999, -999, -999, -999, -999, -999, -999, -999,  26.95,  27.14,  26.86,  27.23,  27.41,  27.75,  27.81,  27.77,  27.20,  27.23,  27.07,  27.34,  27.09,  26.09,  25.92,  25.90,  26.11,  26.31,  27.03,  27.20,  27.38,  26.71,  28.50,  28.08,  27.82,  27.84,  26.52,  26.29,  26.99,  27.33,  27.03
19960826, 0000,  , HU, 17.0N,  50.9W, 125,  936, -999, -999, -999, -999, -999, -999, -999, -999, -999, -999, -999, -999, -999,  27.31,  27.18,  27.12,  27.33,  27.66,  27.71,  27.34,  27.11,  27.06,  26.92,  27.19,  26.35,  26.01,  25.98,  26.39,  26.67,  26.94,  27.18,  27.29,  27.21,  27.42,  28.53,  28.10,  27.95,  27.96,  26.92,  26.80,  27.11,  27.62,  27.67,  27.60
19960826, 0600,  , HU, 17.5N,  52.0W, 125,  936, -999, -999, -999, -999, -999, -999, -999, -999, -999, -999, -999, -999, -999,  26.98,  26.44,  26.62,  27.01,  27.52,  27.61,  27.21,  27.29,  27.28,  27.08,  27.16,  26.83,  26.22,  25.84,  25.93,  26.16,  26.18,  26.20,  26.60,  26.90,  27.13,  27.79,  27.82,  27.84,  27.93,  27.94,  27.35,  27.21,  27.22,  27.10,  27.35
19960826, 1200,  , HU, 17.9N,  53.2W, 125,  937, -999, -999, -999, -999, -999, -999, -999, -999, -999, -999, -999, -999, -999,  27.30,  27.19,  26.91,  27.18,  27.58,  27.72,  27.39,  27.36,  27.45,  27.11,  27.07,  27.38,  27.31,  26.11,  25.98,  26.04,  26.10,  26.13,  26.16,  26.86,  27.33,  27.99,  27.89,  27.78,  27.62,  27.62,  27.07,  26.90,  26.92,  27.17,  27.24
19960826, 1800,  , HU, 18.4N,  54.5W, 125,  938, -999, -999, -999, -999, -999, -999, -999, -999, -999, -999, -999, -999, -999,  27.23,  27.27,  27.17,  27.11,  27.09,  27.44,  27.44,  27.23,  27.03,  27.28,  27.13,  27.69,  27.77,  27.09,  27.11,  27.14,  27.03,  26.99,  26.88,  27.04,  27.52,  27.78,  27.69,  26.91,  26.72,  26.74,  27.11,  27.06,  27.03,  27.07,  27.09
19960827, 0000,  , HU, 18.9N,  55.6W, 125,  942, -999, -999, -999, -999, -999, -999, -999, -999, -999, -999, -999, -999, -999,  27.67,  27.59,  27.57,  27.83,  27.95,  28.00,  27.74,  27.50,  27.34,  26.97,  27.47,  27.44,  26.67,  26.72,  26.72,  26.69,  26.57,  26.54,  26.66,  26.85,  27.03,  27.05,  26.61,  26.68,  26.71,  26.73,  26.72,  27.12,  27.17,  27.24,  27.23
19960827, 0600,  , HU, 19.5N,  56.9W, 120,  948, -999, -999, -999, -999, -999, -999, -999, -999, -999, -999, -999, -999, -999,  27.72,  27.78,  27.64,  28.01,  27.86,  27.53,  27.18,  27.40,  27.51,  27.53,  27.80,  27.90,  26.19,  26.23,  26.26,  26.84,  26.92,  26.93,  26.82,  26.46,  26.57,  27.72,  27.48,  26.88,  26.49,  26.54,  26.63,  26.63,  26.63,  26.74,  26.91
19960827, 1200,  , HU, 20.0N,  58.1W, 115,  952, -999, -999, -999, -999, -999, -999, -999, -999, -999, -999, -999, -999, -999,  27.54,  27.26,  27.19,  27.65,  27.64,  27.58,  27.48,  27.32,  27.23,  27.24,  27.46,  27.50,  26.90,  27.06,  27.28,  27.34,  27.40,  27.58,  27.62,  27.46,  27.69,  28.48,  28.23,  27.59,  27.02,  26.70,  26.56,  26.56,  26.55,  26.76,  27.39
19960827, 1800,  , HU, 20.4N,  59.3W, 115,  951, -999, -999, -999, -999, -999, -999, -999, -999, -999, -999, -999, -999, -999,  27.36,  27.38,  27.74,  27.61,  27.57,  27.59,  27.69,  27.70,  27.61,  27.46,  27.43,  27.47,  27.62,  27.43,  26.92,  26.81,  26.63,  26.63,  26.58,  26.42,  26.51,  27.86,  28.02,  27.50,  27.06,  27.13,  26.65,  26.31,  26.33,  26.41,  27.02
19960828, 0000,  , HU, 20.9N,  60.4W, 125,  944, -999, -999, -999, -999, -999, -999, -999, -999, -999, -999, -999, -999, -999,  27.08,  27.68,  27.74,  27.67,  27.69,  27.72,  27.63,  27.38,  27.37,  27.38,  27.55,  27.43,  27.27,  26.73,  26.86,  26.78,  26.60,  26.62,  26.54,  26.71,  27.97,  28.03,  27.82,  27.68,  27.34,  26.63,  26.67,  26.71,  27.09,  27.14,  27.05
19960828, 0600,  , HU, 21.3N,  61.7W, 115,  952, -999, -999, -999, -999, -999, -999, -999, -999, -999, -999, -999, -999, -999,  27.72,  27.56,  27.55,  27.71,  27.74,  27.83,  27.83,  28.00,  27.83,  27.66,  27.93,  27.95,  27.83,  27.55,  27.58,  27.61,  27.99,  28.00,  27.87,  27.91,  28.28,  27.84,  27.48,  27.47,  27.49,  27.21,  27.14,  27.13,  27.29,  27.27,  27.32
19960828, 1200,  , HU, 21.9N,  63.2W, 110,  960, -999, -999, -999, -999, -999, -999, -999, -999, -999, -999, -999, -999, -999,  27.46,  27.46,  27.61,  27.84,  27.82,  27.95,  27.89,  27.85,  27.83,  27.71,  27.80,  27.88,  27.69,  27.58,  27.38,  27.30,  27.03,  26.97,  26.98,  27.01,  27.35,  27.41,  27.44,  27.42,  27.44,  27.21,  27.09,  27.15,  27.18,  27.26,  26.95
19960828, 1800,  , HU, 22.3N,  64.6W, 110,  956, -999, -999, -999, -999, -999, -999, -999, -999, -999, -999, -999, -999, -999,  27.40,  27.51,  27.76,  27.89,  27.97,  27.93,  27.76,  27.73,  27.77,  27.82,  27.89,  27.92,  27.85,  27.92,  27.72,  27.94,  28.09,  28.08,  28.17,  28.16,  28.01,  27.23,  27.08,  27.24,  27.11,  26.66,  26.61,  26.65,  26.70,  26.73,  26.87
19960829, 0000,  , HU, 22.9N,  65.9W, 110,  957, -999, -999, -999, -999, -999, -999, -999, -999, -999, -999, -999, -999, -999,  27.79,  27.79,  27.99,  28.14,  28.04,  28.07,  28.09,  27.83,  27.81,  27.81,  27.93,  28.07,  28.13,  27.85,  27.49,  27.37,  27.56,  27.63,  27.65,  27.58,  27.14,  27.56,  27.62,  27.54,  27.41,  27.34,  27.43,  27.42,  26.89,  27.05,  27.19
19960829, 0600,  , HU, 23.4N,  67.1W, 110,  961, -999, -999, -999, -999, -999, -999, -999, -999, -999, -999, -999, -999, -999,  28.18,  28.00,  28.10,  28.02,  28.04,  28.06,  28.02,  28.25,  28.25,  28.01,  27.93,  28.13,  28.44,  28.61,  28.28,  28.00,  28.02,  27.80,  27.11,  26.92,  26.53,  27.37,  27.55,  27.52,  27.69,  27.30,  27.37,  27.35,  27.23,  26.72,  27.07
19960829, 1200,  , HU, 24.0N,  68.1W, 115,  950, -999, -999, -999, -999, -999, -999, -999, -999, -999, -999, -999, -999, -999,  28.14,  27.96,  28.13,  28.06,  28.15,  28.20,  28.52,  28.43,  28.33,  28.10,  28.15,  28.36,  28.39,  28.48,  28.50,  28.27,  27.77,  27.66,  27.47,  27.45,  26.56,  26.89,  27.31,  27.37,  27.35,  27.16,  27.12,  27.12,  27.05,  26.89,  27.13
19960829, 1800,  , HU, 24.7N,  69.0W, 120,  948, -999, -999, -999, -999, -999, -999, -999, -999, -999, -999, -999, -999, -999,  28.57,  28.30,  28.36,  28.19,  28.27,  28.34,  29.09,  28.99,  28.85,  28.51,  28.45,  28.91,  28.96,  28.88,  28.84,  28.03,  27.39,  27.19,  27.21,  27.26,  26.65,  26.35,  26.40,  26.83,  26.30,  26.91,  26.98,  26.86,  26.86,  26.88,  27.01
19960830, 0000,  , HU, 25.5N,  69.5W, 120,  941, -999, -999, -999, -999, -999, -999, -999, -999, -999, -999, -999, -999, -999,  28.39,  28.45,  28.27,  28.24,  28.10,  28.68,  28.82,  28.85,  28.63,  28.65,  28.93,  29.03,  28.95,  28.86,  27.66,  27.31,  27.29,  27.30,  27.34,  27.05,  26.93,  27.09,  27.46,  26.90,  27.89,  27.91,  27.89,  27.88,  27.26,  27.36,  27.48
19960830, 0600,  , HU, 26.4N,  69.9W, 120,  939, -999, -999, -999, -999, -999, -999, -999, -999, -999, -999, -999, -999, -999,  28.85,  28.73,  28.48,  28.44,  28.23,  28.40,  28.76,  28.76,  28.61,  28.77,  28.79,  28.90,  28.93,  29.02,  28.04,  27.70,  27.96,  28.04,  27.88,  27.67,  26.73,  26.87,  27.50,  26.99,  27.75,  27.81,  27.78,  27.73,  26.70,  26.44,  26.90
19960830, 1200,  , HU, 27.4N,  70.2W, 120,  938, -999, -999, -999, -999, -999, -999, -999, -999, -999, -999, -999, -999, -999,  28.96,  28.78,  28.80,  28.81,  28.55,  28.36,  28.46,  28.36,  28.47,  28.68,  28.96,  29.29,  29.35,  29.31,  29.30,  26.81,  26.82,  26.95,  27.11,  27.21,  26.72,  26.60,  27.04,  26.98,  27.39,  27.42,  27.39,  27.33,  26.44,  25.81,  26.32
19960830, 1800,  , HU, 28.5N,  70.5W, 120,  934, -999, -999, -999, -999, -999, -999, -999, -999, -999, -999, -999, -999, -999,  28.43,  28.65,  28.75,  28.78,  28.55,  28.51,  28.71,  28.81,  29.03,  29.16,  29.31,  29.38,  29.35,  29.28,  29.20,  26.74,  26.76,  26.90,  26.83,  26.79,  26.39,  26.36,  26.64,  26.76,  27.40,  27.48,  27.38,  27.20,  26.96,  26.11,  25.96
19960831, 0000,  , HU, 29.5N,  70.5W, 110,  944, -999, -999, -999, -999, -999, -999, -999, -999, -999, -999, -999, -999, -999,  28.86,  28.54,  28.49,  28.28,  28.00,  28.32,  28.45,  28.65,  28.85,  28.75,  29.11,  29.14,  28.75,  28.46,  25.91,  25.29,  25.32,  25.33,  25.27,  25.49,  25.48,  25.57,  26.41,  26.95,  27.18,  27.21,  27.06,  27.05,  26.83,  26.48,  26.38
19960831, 0600,  , HU, 30.4N,  70.6W, 105,  950, -999, -999, -999, -999, -999, -999, -999, -999, -999, -999, -999, -999, -999,  27.95,  27.93,  27.95,  27.61,  27.39,  27.72,  28.03,  28.36,  28.55,  28.42,  28.52,  28.53,  28.21,  28.02,  26.05,  25.48,  25.65,  25.68,  25.49,  25.32,  25.08,  25.01,  26.26,  26.53,  26.81,  26.99,  26.95,  26.93,  26.65,  26.32,  26.29
19960831, 1200,  , HU, 31.6N,  70.3W, 105,  952, -999, -999, -999, -999, -999, -999, -999, -999, -999, -999, -999, -999, -999,  27.23,  27.23,  27.01,  26.79,  26.93,  27.29,  27.47,  27.62,  27.64,  27.60,  27.61,  27.61,  27.50,  27.34,  27.29,  24.92,  25.03,  25.20,  24.98,  24.97,  24.96,  24.92,  25.95,  26.00,  26.18,  26.44,  26.52,  26.38,  25.92,  25.95,  25.97
19960831, 1800,  , HU, 32.7N,  70.1W, 100,  953, -999, -999, -999, -999, -999, -999, -999, -999, -999, -999, -999, -999, -999,  26.88,  26.98,  27.50,  27.52,  27.50,  27.50,  27.35,  27.22,  27.04,  27.13,  27.19,  27.22,  27.26,  27.07,  27.02,  24.99,  25.34,  25.92,  26.09,  25.95,  25.75,  25.75,  26.33,  26.32,  26.25,  26.13,  26.33,  26.38,  26.09,  26.08,  26.09
19960901, 0000,  , HU, 34.0N,  70.1W, 100,  959, -999, -999, -999, -999, -999, -999, -999, -999, -999, -999, -999, -999, -999,  25.69,  26.11,  26.25,  26.47,  26.61,  26.72,  26.78,  27.17,  27.64,  27.86,  27.43,  27.05,  26.85,  26.77,  24.92,  25.25,  25.70,  26.20,  25.83,  25.65,  25.77,  26.60,  26.61,  26.43,  26.27,  26.33,  26.32,  26.21,  25.99,  25.96,  26.68
19960901, 0600,  , HU, 35.2N,  70.1W, 100,  958, -999, -999, -999, -999, -999, -999, -999, -999, -999, -999, -999, -999, -999,  26.38,  26.95,  26.99,  26.95,  26.92,  26.77,  26.59,  27.07,  27.36,  27.56,  27.67,  27.63,  27.58,  27.42,  25.20,  24.91,  25.38,  26.35,  26.45,  24.71,  24.60,  25.19,  25.48,  25.64,  25.82,  26.03,  26.01,  25.93,  25.86,  25.91,  26.56
19960901, 1200,  , HU, 36.5N,  70.2W,  95,  958, -999, -999, -999, -999, -999, -999, -999, -999, -999, -999, -999, -999, -999,  27.54,  27.47,  26.68,  26.73,  27.54,  27.99,  27.98,  27.49,  27.33,  27.37,  27.39,  27.41,  27.74,  27.47,  27.25,  26.30,  26.47,  26.76,  26.62,  26.49,  25.89,  26.24,  26.41,  26.87,  27.19,  27.25,  27.26,  27.37,  27.18,  27.26,  27.45
19960901, 1800,  , HU, 37.5N,  70.0W,  85,  960, -999, -999, -999, -999, -999, -999, -999, -999, -999, -999, -999, -999, -999,  27.22,  27.13,  26.39,  26.17,  26.46,  27.09,  27.99,  27.98,  27.65,  27.74,  27.87,  27.68,  27.32,  26.71,  26.50,  26.63,  27.04,  27.18,  27.63,  27.57,  26.40,  26.24,  26.52,  26.32,  26.08,  25.91,  25.67,  25.73,  25.62,  25.70,  25.70
19960902, 0000,  , HU, 38.7N,  69.5W,  80,  964, -999, -999, -999, -999, -999, -999, -999, -999, -999, -999, -999, -999, -999,  24.71,  24.85,  24.91,  24.64,  24.75,  24.74,  24.69,  24.63,  25.01,  25.03,  25.07,  25.08,  24.70,  24.53,  24.61,  23.40,  23.97,  24.33,  24.42,  24.50,  24.10,  24.02,  24.26,  24.32,  24.17,  24.30,  24.07,  23.40,  23.36,  23.37,  22.94
19960902, 0600,  , HU, 39.8N,  69.4W,  70,  961, -999, -999, -999, -999, -999, -999, -999, -999, -999, -999, -999, -999, -999,  20.29,  19.34,  19.53,  19.62,  19.83,  20.03,  19.81,  20.47,  21.39,  21.58,  20.66,  20.21,  20.25,  20.01,  19.97,  17.57,  17.50,  18.07,  17.99,  17.78,  17.72,  19.61,  20.68,  20.52,  19.67,  19.43,  18.08,  17.91,  17.97,  17.81,  17.78
19960902, 1200,  , HU, 40.5N,  68.3W,  70,  962, -999, -999, -999, -999, -999, -999, -999, -999, -999, -999, -999, -999, -999,  17.14,  16.72,  16.54,  16.64,  16.98,  17.58,  17.74,  18.36,  18.37,  18.32,  17.16,  16.82,  17.15,  16.84,  16.82,  15.96,  16.74,  17.21,  17.19,  17.05,  16.99,  16.44,  15.72,  15.70,  16.53,  16.47,  15.82,  15.93,  15.73,  15.60,  15.36
19960902, 1800,  , HU, 41.3N,  67.3W,  65,  972, -999, -999, -999, -999, -999, -999, -999, -999, -999, -999, -999, -999, -999,  15.81,  15.96,  16.17,  16.22,  16.04,  15.99,  16.48,  16.68,  16.53,  16.54,  16.33,  16.06,  16.28,  16.19,  16.13,  15.21,  14.93,  15.24,  14.89,  14.97,  15.11,  14.96,  14.76,  14.62,  14.67,  14.59,  14.38,  14.41,  14.85,  14.86,  14.31
19960903, 0000,  , TS, 42.0N,  66.8W,  60,  978, -999, -999, -999, -999, -999, -999, -999, -999, -999, -999, -999, -999, -999,  14.52,  14.76,  15.02,  14.98,  15.33,  15.52,  15.26,  15.22,  16.00,  15.65,  14.92,  15.09,  15.22,  15.21,  14.79,  14.02,  13.76,  13.67,  14.71,  14.72,  14.73,  14.76,  14.82,  15.02,  15.33,  15.43,  14.89,  14.36,  14.34,  13.81,  13.58
19960903, 0600,  , EX, 42.2N,  66.0W,  55,  985, -999, -999, -999, -999, -999, -999, -999, -999, -999, -999, -999, -999, -999,  14.63,  14.86,  15.09,  15.04,  15.08,  15.10,  14.95,  14.94,  15.79,  15.43,  14.61,  14.74,  14.83,  14.84,  14.87,  14.55,  14.47,  14.15,  15.39,  15.44,  15.44,  15.53,  15.32,  14.99,  15.47,  15.78,  15.57,  15.10,  15.28,  15.23,  14.90
19960903, 1200,  , EX, 42.5N,  65.0W,  50,  992, -999, -999, -999, -999, -999, -999, -999, -999, -999, -999, -999, -999, -999,  15.38,  15.74,  16.22,  16.32,  16.14,  16.26,  16.81,  16.69,  17.16,  17.23,  16.78,  17.25,  17.47,  17.53,  17.70,  17.61,  16.79,  16.05,  17.48,  17.75,  17.81,  17.91,  17.83,  17.59,  17.81,  17.90,  17.59,  17.51,  17.38,  17.35,  17.19
19960903, 1800,  , EX, 42.7N,  63.0W,  50,  995, -999, -999, -999, -999, -999, -999, -999, -999, -999, -999, -999, -999, -999,  18.21,  18.22,  18.70,  18.72,  18.57,  18.64,  18.91,  18.94,  19.26,  19.38,  18.58,  18.66,  18.86,  18.87,  18.71,  18.56,  18.35,  18.50,  18.77,  18.80,  18.77,  17.17,  16.91,  16.95,  17.11,  17.19,  15.83,  15.67,  15.86,  15.85,  16.39
19960904, 0000,  , EX, 43.2N,  59.8W,  50,  997, -999, -999, -999, -999, -999, -999, -999, -999, -999, -999, -999, -999, -999,  18.94,  18.61,  18.76,  19.53,  19.75,  20.07,  20.23,  20.37,  20.39,  19.88,  19.70,  19.65,  19.04,  18.52,  18.30,  19.52,  19.57,  19.35,  19.23,  19.24,  19.30,  19.31,  19.20,  18.95,  19.18,  16.72,  15.85,  16.03,  17.25,  17.57,  17.86
19960904, 0600,  , EX, 43.3N,  57.5W,  50,  994, -999, -999, -999, -999, -999, -999, -999, -999, -999, -999, -999, -999, -999,  19.78,  19.68,  19.54,  19.41,  19.38,  19.52,  19.82,  20.32,  20.17,  20.01,  19.52,  19.55,  19.53,  19.56,  19.56,  19.16,  18.96,  18.69,  18.46,  18.84,  19.25,  18.64,  18.43,  18.21,  17.89,  18.49,  18.67,  18.56,  18.37,  18.28,  18.29
19960904, 1200,  , EX, 43.4N,  55.5W,  50,  994, -999, -999, -999, -999, -999, -999, -999, -999, -999, -999, -999, -999, -999,  21.80,  21.96,  22.51,  22.61,  22.29,  22.25,  22.34,  22.75,  22.76,  22.57,  22.08,  22.22,  22.16,  21.61,  21.63,  21.48,  21.98,  21.88,  21.54,  21.43,  21.13,  20.93,  20.95,  20.93,  20.86,  20.27,  20.05,  20.19,  19.49,  19.74,  20.01
19960904, 1800,  , EX, 43.5N,  53.5W,  50,  995, -999, -999, -999, -999, -999, -999, -999, -999, -999, -999, -999, -999, -999,  20.56,  20.36,  20.23,  20.47,  21.24,  21.03,  20.50,  20.56,  20.96,  21.36,  21.48,  21.52,  21.20,  21.11,  21.33,  21.17,  21.01,  21.06,  20.51,  19.90,  19.38,  19.39,  19.20,  18.99,  19.01,  19.04,  19.06,  19.13,  18.98,  18.94,  18.91
19960905, 0000,  , EX, 43.5N,  51.5W,  50,  995, -999, -999, -999, -999, -999, -999, -999, -999, -999, -999, -999, -999, -999,  20.15,  19.31,  19.14,  19.76,  19.78,  20.28,  20.55,  20.59,  20.09,  20.13,  20.08,  19.92,  19.88,  20.13,  19.90,  18.64,  18.44,  18.19,  17.57,  16.89,  16.72,  16.58,  15.08,  14.40,  14.28,  14.62,  15.14,  16.21,  16.39,  16.46,  16.45
19960905, 0600,  , EX, 43.5N,  50.0W,  45,  994, -999, -999, -999, -999, -999, -999, -999, -999, -999, -999, -999, -999, -999,  19.79,  19.20,  18.86,  19.12,  19.44,  19.82,  19.97,  19.85,  19.12,  19.18,  19.43,  19.36,  19.34,  19.35,  18.58,  18.14,  18.19,  18.17,  17.99,  16.76,  16.23,  15.99,  16.11,  16.09,  15.90,  15.80,  15.67,  15.85,  15.87,  16.03,  16.01
19960905, 1200,  , EX, 43.5N,  48.5W,  45,  994, -999, -999, -999, -999, -999, -999, -999, -999, -999, -999, -999, -999, -999,  19.51,  18.95,  18.55,  18.79,  18.87,  19.10,  19.33,  19.50,  19.40,  19.25,  19.23,  19.13,  19.02,  18.92,  18.78,  18.66,  18.37,  18.02,  17.55,  17.08,  17.16,  17.13,  16.95,  16.77,  16.48,  16.30,  16.01,  16.80,  16.89,  16.82,  16.85
19960905, 1800,  , EX, 43.7N,  47.5W,  45,  995, -999, -999, -999, -999, -999, -999, -999, -999, -999, -999, -999, -999, -999,  18.82,  18.99,  18.73,  18.90,  19.26,  19.50,  20.12,  20.23,  20.50,  20.16,  19.74,  19.75,  19.75,  19.67,  19.41,  19.72,  20.14,  18.97,  18.62,  18.06,  17.80,  17.79,  17.80,  17.75,  17.70,  17.62,  17.45,  18.00,  18.08,  17.51,  17.14
19960906, 0000,  , EX, 44.5N,  46.0W,  40,  995, -999, -999, -999, -999, -999, -999, -999, -999, -999, -999, -999, -999, -999,  20.11,  20.62,  20.60,  20.85,  20.93,  21.91,  22.46,  22.36,  20.87,  19.87,  19.52,  19.72,  19.77,  19.78,  18.73,  18.30,  17.63,  16.84,  16.60,  16.42,  16.39,  16.30,  16.04,  15.91,  15.76,  15.53,  15.52,  15.91,  16.09,  15.65,  15.35
19960906, 0600,  , EX, 46.0N,  44.0W,  40,  994, -999, -999, -999, -999, -999, -999, -999, -999, -999, -999, -999, -999, -999,  17.67,  17.65,  17.74,  18.38,  18.73,  19.21,  19.52,  19.57,  19.05,  18.73,  18.93,  18.52,  18.58,  18.49,  18.42,  18.52,  18.28,  18.19,  16.88,  15.49,  15.43,  15.65,  15.79,  15.87,  15.85,  15.73,  15.62,  15.37,  16.57,  16.83,  16.60
19960906, 1200,  , EX, 48.0N,  43.0W,  40,  992, -999, -999, -999, -999, -999, -999, -999, -999, -999, -999, -999, -999, -999,  13.85,  15.00,  15.18,  15.56,  15.74,  15.73,  15.26,  15.16,  15.16,  15.34,  15.50,  15.50,  15.19,  15.42,  14.58,  13.56,  13.89,  14.00,  14.01,  14.00,  13.69,  13.69,  13.36,  13.36,  13.72,  13.92,  13.91,  14.02,  14.12,  13.94,  13.56
19960906, 1800,  , EX, 50.0N,  41.0W,  40,  990, -999, -999, -999, -999, -999, -999, -999, -999, -999, -999, -999, -999, -999,  17.23,  18.00,  17.71,  17.57,  17.48,  17.41,  17.37,  17.39,  17.35,  17.01,  17.21,  17.15,  16.94,  16.10,  15.95,  16.03,  15.19,  15.11,  15.12,  15.25,  15.25,  15.06,  14.80,  14.57,  14.51,  14.41,  14.61,  14.63,  14.36,  14.42,  14.53
