AL052008,            EDOUARD,     14,
20080803, 1200,  , TD, 28.1N,  87.4W,  25, 1010,    0,    0,    0,    0,    0,    0,    0,    0,    0,    0,    0,    0, -999,  28.87,  29.04,  29.00,  28.86,  28.68,  29.48,  29.73,  29.77,  29.59,  28.79,  29.02,  29.06,  29.03,  28.81,  28.89,  29.12,  29.35,  28.86,  28.77,  28.79,  28.83,  28.71,  28.69,  28.69,  28.50,  27.53,  27.83,  28.11,  28.29,  27.97,  28.07
20080803, 1800,  , TD, 28.1N,  87.8W,  30, 1009,    0,    0,    0,    0,    0,    0,    0,    0,    0,    0,    0,    0, -999,  29.10,  29.38,  29.36,  29.17,  28.99,  29.86,  30.31,  30.32,  30.01,  29.12,  29.15,  29.07,  29.11,  28.98,  29.02,  29.16,  29.43,  28.97,  28.83,  28.84,  28.86,  28.69,  28.69,  28.71,  28.70,  27.78,  28.10,  28.29,  28.39,  27.98,  28.02
20080804, 0000,  , TS, 28.1N,  88.5W,  45, 1002,   20,   30,    0,    0,    0,    0,    0,    0,    0,    0,    0,    0, -999,  29.94,  29.98,  29.72,  29.50,  29.79,  30.11,  30.21,  30.01,  29.31,  28.94,  28.83,  29.05,  29.05,  28.96,  28.89,  29.09,  28.89,  28.88,  28.88,  28.81,  28.66,  28.80,  28.84,  28.84,  28.26,  28.31,  28.36,  28.38,  27.94,  27.93,  28.13
20080804, 0600,  , TS, 28.1N,  89.6W,  40, 1005,   30,    0,    0,    0,    0,    0,    0,    0,    0,    0,    0,    0, -999,  29.37,  29.27,  29.08,  28.92,  28.84,  28.84,  29.20,  29.31,  29.12,  28.82,  28.80,  28.91,  29.02,  28.59,  28.36,  28.40,  28.58,  28.67,  28.67,  28.60,  28.38,  28.73,  28.94,  28.70,  28.52,  28.36,  28.24,  28.24,  28.05,  28.14,  28.82
20080804, 1200,  , TS, 28.1N,  90.3W,  40, 1002,   30,    0,    0,    0,    0,    0,    0,    0,    0,    0,    0,    0, -999,  29.61,  29.73,  29.20,  28.50,  28.68,  29.08,  29.24,  29.03,  28.73,  28.53,  28.56,  28.81,  29.04,  28.75,  28.66,  28.82,  28.86,  28.79,  28.90,  28.86,  28.62,  28.76,  29.02,  28.77,  28.94,  28.74,  28.42,  28.35,  28.51,  28.63,  28.87
20080804, 1800,  , TS, 28.3N,  91.0W,  40, 1001,   60,   60,    0,   60,    0,    0,    0,    0,    0,    0,    0,    0, -999,  29.91,  30.30,  30.19,  29.43,  29.15,  29.27,  29.29,  29.07,  29.06,  29.01,  28.97,  29.07,  29.19,  28.86,  28.71,  28.74,  28.52,  28.54,  28.69,  28.60,  28.18,  28.27,  28.48,  28.47,  28.56,  28.30,  28.03,  28.00,  28.08,  28.29,  28.61
20080805, 0000,  , TS, 28.5N,  91.7W,  50,  999,   60,   60,   45,   60,   30,    0,    0,    0,    0,    0,    0,    0, -999,  30.11,  30.16,  29.63,  28.92,  28.68,  28.75,  28.81,  28.96,  29.31,  29.35,  29.12,  29.25,  29.22,  29.09,  29.02,  28.70,  28.77,  28.87,  28.87,  28.47,  28.60,  28.90,  28.91,  28.76,  28.48,  28.39,  28.27,  28.15,  28.56,  28.68,  28.98
20080805, 0600,  , TS, 29.0N,  92.9W,  55,  997,   60,   60,   45,   60,   30,    0,    0,    0,    0,    0,    0,    0, -999,  30.49,  30.49,  30.04,  29.68,  29.54,  29.06,  29.12,  29.41,  29.76,  29.87,  29.19,  29.17,  29.51,  29.71,  29.63,  28.69,  28.83,  29.28,  29.23,  28.70,  28.92,  28.95,  28.94,  28.31,  28.26,  28.59,  28.80,  28.97,  28.78,  28.80,  28.86
20080805, 1200, L, TS, 29.6N,  94.2W,  55,  996,   60,   60,   45,   45,   20,    0,    0,    0,    0,    0,    0,    0, -999,  30.25,  30.24,  29.92,  29.74,  29.80,  29.71,  29.57,  29.59,  29.71,  29.78,  29.61,  29.78,  29.83,  29.75,  29.56,  29.59,  29.27,  29.06,  29.05,  29.15,  29.40,  29.34,  29.17,  29.20,  29.40,  29.45,  29.32,  29.00,  28.94,  28.85,  28.72
20080805, 1800,  , TS, 30.0N,  94.8W,  40,  999,    0,   60,    0,    0,    0,    0,    0,    0,    0,    0,    0,    0, -999,    nan,    nan,    nan,    nan,    nan,    nan,    nan,    nan,    nan,    nan,    nan,    nan,    nan,    nan,    nan,    nan,    nan,    nan,    nan,    nan,    nan,    nan,    nan,    nan,    nan,    nan,    nan,    nan,    nan,    nan,    nan
20080806, 0000,  , TD, 30.6N,  95.7W,  30, 1003,    0,    0,    0,    0,    0,    0,    0,    0,    0,    0,    0,    0, -999,    nan,    nan,    nan,    nan,    nan,    nan,    nan,    nan,    nan,    nan,    nan,    nan,    nan,    nan,    nan,    nan,    nan,    nan,    nan,    nan,    nan,    nan,    nan,    nan,    nan,    nan,    nan,    nan,    nan,    nan,    nan
20080806, 0600,  , LO, 31.4N,  97.0W,  25, 1008,    0,    0,    0,    0,    0,    0,    0,    0,    0,    0,    0,    0, -999,    nan,    nan,    nan,    nan,    nan,    nan,    nan,    nan,    nan,    nan,    nan,    nan,    nan,    nan,    nan,    nan,    nan,    nan,    nan,    nan,    nan,    nan,    nan,    nan,    nan,    nan,    nan,    nan,    nan,    nan,    nan
20080806, 1200,  , LO, 32.0N,  98.0W,  20, 1011,    0,    0,    0,    0,    0,    0,    0,    0,    0,    0,    0,    0, -999,    nan,    nan,    nan,    nan,    nan,    nan,    nan,    nan,    nan,    nan,    nan,    nan,    nan,    nan,    nan,    nan,    nan,    nan,    nan,    nan,    nan,    nan,    nan,    nan,    nan,    nan,    nan,    nan,    nan,    nan,    nan
20080806, 1800,  , LO, 32.7N,  98.7W,  20, 1012,    0,    0,    0,    0,    0,    0,    0,    0,    0,    0,    0,    0, -999,    nan,    nan,    nan,    nan,    nan,    nan,    nan,    nan,    nan,    nan,    nan,    nan,    nan,    nan,    nan,    nan,    nan,    nan,    nan,    nan,    nan,    nan,    nan,    nan,    nan,    nan,    nan,    nan,    nan,    nan,    nan
