AL052002,            EDOUARD,     21,
20020901, 1800,  , TD, 29.2N,  78.8W,  30, 1013, -999, -999, -999, -999, -999, -999, -999, -999, -999, -999, -999, -999, -999,  28.87,  29.17,  29.14,  29.20,  29.07,  28.95,  28.87,  28.91,  29.06,  29.14,  29.11,  29.03,  29.08,  27.87,  27.57,  27.95,  28.38,  27.99,  28.19,  28.52,  28.79,  28.66,  28.64,  28.90,  28.74,  28.70,  28.40,  28.42,  28.33,  28.45,  29.12
20020902, 0000,  , TD, 29.7N,  79.1W,  30, 1011, -999, -999, -999, -999, -999, -999, -999, -999, -999, -999, -999, -999, -999,  29.07,  28.95,  29.18,  29.17,  29.04,  29.02,  28.97,  29.01,  29.04,  28.99,  29.12,  29.37,  28.28,  27.84,  28.16,  28.36,  27.70,  27.65,  27.79,  28.22,  28.27,  28.44,  28.87,  28.87,  28.74,  28.20,  28.15,  28.14,  28.25,  28.65,  28.67
20020902, 0600,  , TS, 30.1N,  79.7W,  35, 1007, -999, -999, -999, -999, -999, -999, -999, -999, -999, -999, -999, -999, -999,  29.62,  29.40,  29.40,  29.40,  29.32,  29.21,  29.38,  29.46,  29.43,  29.15,  29.19,  29.24,  29.09,  28.18,  28.16,  28.24,  27.72,  27.79,  28.08,  28.53,  28.45,  28.41,  28.96,  29.12,  28.99,  28.73,  28.71,  28.68,  28.60,  28.51,  28.49
20020902, 1200,  , TS, 30.4N,  79.6W,  35, 1007, -999, -999, -999, -999, -999, -999, -999, -999, -999, -999, -999, -999, -999,  29.74,  29.52,  29.50,  29.47,  29.36,  29.13,  29.39,  29.44,  29.40,  29.11,  29.09,  29.12,  29.06,  28.05,  27.80,  27.92,  27.44,  27.48,  27.73,  28.32,  28.30,  28.36,  28.85,  29.00,  28.95,  28.85,  28.85,  28.79,  28.54,  28.41,  28.51
20020902, 1800,  , TS, 30.5N,  79.0W,  35, 1005, -999, -999, -999, -999, -999, -999, -999, -999, -999, -999, -999, -999, -999,  28.95,  28.78,  29.16,  29.17,  29.09,  28.83,  29.15,  29.39,  29.41,  29.28,  29.39,  29.40,  28.67,  28.00,  28.00,  27.99,  27.38,  27.41,  27.44,  28.07,  27.83,  27.67,  28.08,  27.87,  27.91,  27.91,  27.96,  28.16,  28.11,  27.99,  28.23
20020903, 0000,  , TS, 30.5N,  78.6W,  35, 1003, -999, -999, -999, -999, -999, -999, -999, -999, -999, -999, -999, -999, -999,  28.60,  29.12,  29.17,  29.08,  28.83,  29.11,  29.33,  29.35,  29.20,  29.22,  29.19,  28.29,  27.77,  27.95,  27.99,  27.58,  27.72,  27.75,  28.19,  27.85,  27.68,  28.06,  27.79,  27.79,  27.78,  27.85,  28.12,  28.10,  27.90,  28.08,  28.43
20020903, 0600,  , TS, 30.4N,  78.5W,  35, 1003, -999, -999, -999, -999, -999, -999, -999, -999, -999, -999, -999, -999, -999,  28.60,  29.12,  29.17,  29.08,  28.83,  29.11,  29.33,  29.35,  29.20,  29.22,  29.19,  28.29,  27.77,  27.95,  27.99,  27.58,  27.72,  27.75,  28.19,  27.85,  27.68,  28.06,  27.79,  27.79,  27.78,  27.85,  28.12,  28.10,  27.90,  28.08,  28.43
20020903, 1200,  , TS, 30.4N,  78.4W,  55, 1002, -999, -999, -999, -999, -999, -999, -999, -999, -999, -999, -999, -999, -999,  28.51,  29.16,  29.18,  29.03,  28.80,  28.98,  29.12,  29.14,  28.99,  28.97,  28.89,  27.93,  27.63,  27.98,  28.02,  27.85,  28.08,  28.08,  28.29,  27.97,  27.83,  28.13,  27.85,  27.82,  27.80,  27.99,  28.26,  28.26,  27.94,  27.99,  28.23
20020903, 1800,  , TS, 30.0N,  79.0W,  45, 1004, -999, -999, -999, -999, -999, -999, -999, -999, -999, -999, -999, -999, -999,  28.67,  29.09,  29.10,  28.98,  28.82,  29.01,  29.15,  29.16,  29.06,  29.31,  29.46,  28.50,  27.82,  27.92,  28.07,  27.48,  27.43,  27.46,  27.93,  27.81,  27.79,  28.22,  28.14,  28.04,  27.86,  27.88,  28.08,  28.11,  28.19,  28.39,  28.67
20020904, 0000,  , TS, 29.9N,  79.1W,  40, 1005, -999, -999, -999, -999, -999, -999, -999, -999, -999, -999, -999, -999, -999,  29.15,  29.16,  29.03,  29.00,  29.02,  29.08,  29.11,  29.02,  29.27,  29.56,  28.61,  27.93,  28.10,  28.23,  27.47,  27.43,  27.53,  27.99,  28.02,  28.16,  28.67,  28.73,  28.57,  28.09,  28.03,  28.08,  28.13,  28.37,  28.46,  28.59,  28.55
20020904, 0600,  , TS, 29.9N,  79.5W,  35, 1002, -999, -999, -999, -999, -999, -999, -999, -999, -999, -999, -999, -999, -999,  29.29,  29.29,  29.18,  29.12,  29.13,  29.18,  29.23,  29.05,  29.23,  29.47,  28.89,  28.16,  28.37,  28.45,  27.84,  27.79,  27.97,  28.38,  28.28,  28.33,  28.87,  28.98,  28.81,  28.32,  28.29,  28.23,  28.31,  28.44,  28.46,  28.56,  28.66
20020904, 1200,  , TS, 29.9N,  79.8W,  35, 1006, -999, -999, -999, -999, -999, -999, -999, -999, -999, -999, -999, -999, -999,  29.58,  29.60,  29.44,  29.32,  29.48,  29.59,  29.59,  29.26,  29.12,  29.16,  29.00,  28.43,  28.58,  28.71,  28.31,  28.41,  28.72,  28.91,  28.66,  28.58,  29.08,  29.15,  29.06,  28.92,  28.89,  28.69,  28.62,  28.62,  28.59,  28.68,  28.85
20020904, 1800,  , TS, 29.7N,  80.5W,  35, 1009, -999, -999, -999, -999, -999, -999, -999, -999, -999, -999, -999, -999, -999,  29.22,  29.28,  28.95,  28.79,  29.01,  29.14,  29.24,  29.03,  28.70,  28.41,  28.24,  28.15,  27.75,  27.86,  27.49,  27.41,  28.07,  27.93,  27.89,  28.09,  28.30,  28.23,  28.18,  27.55,  27.48,  27.46,  27.95,  28.32,  28.85,  28.84,  28.80
20020905, 0000,  , TS, 29.4N,  81.0W,  35, 1008, -999, -999, -999, -999, -999, -999, -999, -999, -999, -999, -999, -999, -999,  29.07,  28.79,  28.77,  29.17,  29.23,  29.33,  29.17,  28.90,  28.29,  27.99,  27.89,  27.50,  27.66,  27.45,  27.27,  27.76,  27.62,  27.76,  28.05,  28.31,  28.35,  28.24,  26.97,  26.84,  26.90,  27.68,  28.16,  28.61,  28.75,  28.74,  28.30
20020905, 0045, L, TS, 29.4N,  81.1W,  35, 1009, -999, -999, -999, -999, -999, -999, -999, -999, -999, -999, -999, -999, -999,    nan,    nan,    nan,    nan,    nan,    nan,    nan,    nan,    nan,    nan,    nan,    nan,    nan,    nan,    nan,    nan,    nan,    nan,    nan,    nan,    nan,    nan,    nan,    nan,    nan,    nan,    nan,    nan,    nan,    nan,    nan
20020905, 0600,  , TD, 29.2N,  81.6W,  25, 1011, -999, -999, -999, -999, -999, -999, -999, -999, -999, -999, -999, -999, -999,    nan,    nan,    nan,    nan,    nan,    nan,    nan,    nan,    nan,    nan,    nan,    nan,    nan,    nan,    nan,    nan,    nan,    nan,    nan,    nan,    nan,    nan,    nan,    nan,    nan,    nan,    nan,    nan,    nan,    nan,    nan
20020905, 1200,  , TD, 28.9N,  82.4W,  20, 1011, -999, -999, -999, -999, -999, -999, -999, -999, -999, -999, -999, -999, -999,    nan,    nan,    nan,    nan,    nan,    nan,    nan,    nan,    nan,    nan,    nan,    nan,    nan,    nan,    nan,    nan,    nan,    nan,    nan,    nan,    nan,    nan,    nan,    nan,    nan,    nan,    nan,    nan,    nan,    nan,    nan
20020905, 1800,  , TD, 28.6N,  83.4W,  20, 1011, -999, -999, -999, -999, -999, -999, -999, -999, -999, -999, -999, -999, -999,  30.15,  30.18,  29.95,  29.80,  29.80,  29.70,  29.43,  29.36,  29.14,  29.31,  29.40,  29.34,  29.24,  29.21,  29.22,  29.18,  29.13,  29.07,  28.99,  28.81,  28.88,  28.91,  28.85,  28.72,  28.01,  28.24,  28.93,  29.12,  28.96,  28.76,  28.30
20020906, 0000,  , TD, 28.4N,  83.9W,  20, 1009, -999, -999, -999, -999, -999, -999, -999, -999, -999, -999, -999, -999, -999,  29.62,  29.51,  29.55,  29.73,  29.57,  29.30,  29.32,  29.03,  29.16,  28.97,  29.08,  29.22,  29.26,  29.31,  29.29,  29.25,  28.89,  28.62,  28.47,  28.82,  28.96,  28.74,  28.53,  27.81,  28.13,  28.84,  29.00,  28.62,  28.45,  28.09,  28.00
20020906, 0600,  , TD, 28.3N,  84.7W,  20, 1010, -999, -999, -999, -999, -999, -999, -999, -999, -999, -999, -999, -999, -999,  29.28,  29.19,  29.21,  29.57,  29.32,  29.35,  29.40,  29.20,  29.24,  28.85,  28.70,  28.81,  28.94,  29.07,  29.14,  29.14,  28.76,  27.93,  27.86,  28.26,  28.42,  28.09,  27.88,  27.41,  27.70,  28.27,  28.43,  28.20,  28.11,  28.14,  28.33
20020906, 1200,  , TD, 28.5N,  86.0W,  20, 1008, -999, -999, -999, -999, -999, -999, -999, -999, -999, -999, -999, -999, -999,  29.60,  29.74,  29.84,  29.84,  29.49,  29.37,  29.40,  29.39,  29.48,  29.59,  29.52,  29.27,  29.16,  29.15,  29.14,  29.13,  28.86,  28.13,  27.90,  27.91,  28.07,  27.94,  27.87,  27.72,  28.00,  28.37,  28.45,  28.53,  28.35,  28.32,  28.53
