AL062010,           DANIELLE,     51,
20100821, 1200,  , LO, 10.7N,  31.1W,  25, 1009,    0,    0,    0,    0,    0,    0,    0,    0,    0,    0,    0,    0, -999,  28.51,  28.45,  28.58,  28.72,  29.00,  28.49,  28.13,  28.70,  29.02,  28.77,  28.73,  28.62,  28.60,  28.59,  28.16,  28.53,  28.64,  27.89,  27.81,  28.10,  28.14,  28.02,  27.76,  27.41,  27.39,  27.62,  27.64,  27.30,  28.01,  28.04,  27.84
20100821, 1800,  , TD, 11.0N,  31.7W,  25, 1008,    0,    0,    0,    0,    0,    0,    0,    0,    0,    0,    0,    0, -999,  28.21,  28.30,  28.36,  28.57,  28.68,  28.28,  28.12,  28.82,  29.10,  28.69,  28.60,  28.68,  28.67,  28.48,  27.99,  28.29,  28.44,  27.91,  27.71,  28.03,  28.08,  27.86,  27.72,  27.48,  27.48,  27.62,  27.64,  27.73,  28.22,  28.18,  28.23
20100822, 0000,  , TD, 11.4N,  32.4W,  30, 1007,    0,    0,    0,    0,    0,    0,    0,    0,    0,    0,    0,    0, -999,  28.43,  28.65,  28.80,  28.79,  28.44,  28.23,  28.67,  28.73,  28.49,  28.37,  28.34,  28.36,  28.29,  27.99,  28.04,  28.06,  27.83,  27.78,  28.00,  28.04,  28.01,  27.97,  27.76,  27.77,  27.75,  27.93,  27.97,  28.32,  28.29,  28.32,  28.74
20100822, 0600,  , TS, 11.8N,  33.1W,  35, 1005,   30,   30,    0,    0,    0,    0,    0,    0,    0,    0,    0,    0, -999,  28.17,  28.43,  28.37,  28.53,  28.07,  28.00,  28.43,  28.50,  28.31,  28.21,  28.19,  28.32,  28.52,  28.51,  28.48,  28.49,  28.13,  27.94,  28.10,  28.10,  27.97,  27.93,  27.67,  27.68,  27.86,  28.17,  28.31,  28.64,  28.39,  28.38,  28.93
20100822, 1200,  , TS, 12.4N,  33.9W,  35, 1005,   30,   30,    0,    0,    0,    0,    0,    0,    0,    0,    0,    0, -999,  27.86,  27.93,  27.98,  28.31,  27.97,  27.92,  28.23,  28.36,  28.23,  28.38,  28.52,  28.65,  28.73,  28.64,  27.94,  28.12,  27.96,  27.71,  27.71,  27.95,  28.00,  27.98,  27.54,  27.43,  27.81,  28.16,  28.33,  28.47,  28.26,  28.43,  28.95
20100822, 1800,  , TS, 13.2N,  34.8W,  35, 1004,   30,   30,    0,    0,    0,    0,    0,    0,    0,    0,    0,    0, -999,  27.55,  26.97,  26.94,  27.69,  27.77,  27.80,  27.94,  28.06,  28.10,  28.41,  28.66,  28.90,  28.74,  28.41,  27.76,  27.67,  27.70,  27.42,  27.23,  27.66,  28.30,  28.32,  27.32,  27.24,  27.69,  27.99,  28.26,  28.48,  28.36,  28.50,  28.83
20100823, 0000,  , TS, 13.8N,  35.9W,  45, 1000,   30,   30,   45,   45,    0,    0,    0,    0,    0,    0,    0,    0, -999,  27.26,  27.78,  28.26,  28.16,  28.00,  28.31,  28.16,  28.09,  28.52,  28.81,  29.60,  28.95,  28.56,  28.17,  27.41,  27.47,  27.70,  27.39,  27.83,  27.77,  27.86,  26.85,  26.88,  27.73,  28.09,  28.30,  28.61,  28.35,  29.38,  30.04,  29.62
20100823, 0600,  , TS, 14.2N,  37.4W,  50,  997,   45,   45,   45,   60,   20,    0,    0,   20,    0,    0,    0,    0, -999,  27.37,  27.44,  27.81,  27.52,  27.22,  27.94,  27.70,  27.48,  27.46,  28.02,  29.00,  28.51,  28.26,  27.94,  27.72,  27.95,  28.03,  27.75,  27.48,  27.83,  27.67,  27.52,  27.40,  27.75,  27.89,  28.20,  28.39,  28.31,  28.76,  29.35,  29.37
20100823, 1200,  , TS, 14.7N,  39.1W,  55,  994,   45,   45,   45,   60,   20,    0,    0,   20,    0,    0,    0,    0, -999,  28.07,  27.62,  27.59,  27.66,  27.55,  27.85,  27.75,  27.29,  27.10,  28.44,  28.44,  28.42,  28.02,  27.90,  27.72,  27.61,  27.59,  27.27,  27.50,  27.66,  27.67,  27.55,  27.22,  27.42,  27.50,  28.16,  28.24,  28.27,  28.62,  28.79,  28.94
20100823, 1800,  , HU, 15.2N,  40.9W,  65,  987,   60,   45,   45,   60,   20,   20,    0,   20,   15,   10,    0,   15, -999,  28.25,  27.85,  27.79,  27.74,  28.10,  28.00,  27.95,  27.80,  28.08,  28.09,  28.31,  28.43,  28.16,  28.14,  27.88,  27.84,  27.36,  27.44,  27.91,  27.78,  27.84,  27.91,  27.63,  27.06,  27.40,  27.55,  27.90,  28.09,  27.87,  28.35,  28.54
20100824, 0000,  , HU, 15.4N,  42.6W,  75,  982,   75,   60,   60,   75,   40,   30,   20,   40,   20,   15,    0,   20, -999,  28.51,  28.21,  27.83,  28.37,  28.35,  28.29,  28.28,  28.38,  28.33,  28.45,  28.65,  28.69,  28.36,  27.79,  27.99,  27.75,  27.33,  27.42,  27.87,  27.93,  27.92,  27.83,  27.24,  27.63,  27.98,  28.10,  28.05,  27.98,  28.41,  28.64,  28.63
20100824, 0600,  , HU, 15.6N,  44.2W,  80,  977,   90,   60,   60,   90,   50,   35,   25,   40,   25,   15,   10,   25, -999,  28.55,  28.28,  27.87,  28.23,  28.36,  28.35,  28.35,  27.77,  27.75,  28.52,  28.73,  28.96,  28.64,  27.70,  28.22,  28.14,  27.52,  27.65,  28.05,  27.88,  28.06,  28.10,  27.91,  28.01,  28.16,  28.14,  27.97,  28.58,  28.71,  28.80,  28.73
20100824, 1200,  , HU, 16.2N,  45.8W,  70,  984,  120,   90,   60,   90,   60,   45,   30,   60,   25,   15,   10,   25, -999,  28.56,  28.32,  28.16,  28.22,  28.70,  28.87,  28.88,  27.81,  27.83,  28.67,  28.85,  28.91,  28.52,  28.17,  28.53,  28.39,  27.74,  27.94,  28.39,  28.33,  28.16,  28.14,  28.09,  28.14,  28.42,  28.57,  28.55,  28.79,  28.65,  28.61,  28.62
20100824, 1800,  , HU, 17.0N,  47.5W,  65,  987,  120,   90,   60,   90,   60,   45,   30,   45,   25,   15,   10,   25, -999,  28.82,  28.54,  28.48,  28.70,  29.00,  28.95,  28.35,  28.12,  27.94,  28.77,  28.96,  28.95,  28.58,  28.31,  28.49,  28.42,  27.96,  27.91,  28.21,  28.25,  28.18,  28.22,  28.07,  28.12,  28.41,  28.43,  28.42,  28.59,  28.68,  28.68,  28.57
20100825, 0000,  , HU, 17.7N,  49.0W,  70,  984,  120,   90,   60,   90,   60,   45,   30,   45,   25,   15,    0,   25, -999,  28.58,  28.58,  28.78,  29.27,  29.04,  28.63,  28.43,  28.48,  29.02,  29.16,  29.04,  28.90,  28.78,  28.70,  28.83,  28.56,  28.47,  28.22,  28.18,  28.33,  28.52,  28.35,  28.35,  28.68,  28.60,  28.81,  28.89,  28.86,  28.81,  28.64,  28.38
20100825, 0600,  , HU, 18.4N,  50.4W,  70,  984,  120,   90,   60,   90,   60,   45,   30,   45,   25,   15,   10,   25, -999,  28.67,  28.38,  28.84,  29.04,  28.80,  28.71,  28.10,  28.46,  28.73,  28.98,  28.92,  29.01,  28.79,  28.33,  28.82,  28.78,  28.57,  28.11,  28.08,  28.25,  28.28,  27.82,  28.02,  28.59,  29.08,  29.02,  28.89,  28.85,  28.83,  28.78,  28.69
20100825, 1200,  , HU, 19.4N,  51.6W,  70,  984,  120,   90,   60,   90,   60,   45,   30,   45,   25,   15,   10,   25, -999,  28.55,  28.38,  28.70,  28.92,  28.85,  28.88,  28.11,  28.41,  28.62,  28.90,  28.93,  28.88,  28.44,  28.27,  28.54,  28.61,  28.22,  27.93,  27.88,  27.72,  27.72,  27.72,  27.85,  28.21,  28.58,  28.72,  28.58,  28.50,  28.62,  28.56,  28.63
20100825, 1800,  , HU, 20.7N,  52.6W,  75,  980,  120,   90,   60,   90,   60,   45,   30,   45,   25,   15,   10,   25, -999,  28.73,  29.00,  28.78,  28.90,  28.95,  29.17,  28.36,  28.35,  28.30,  28.34,  28.62,  28.72,  28.85,  28.30,  28.71,  28.89,  28.16,  28.14,  27.97,  27.50,  27.47,  27.58,  27.35,  27.87,  28.13,  28.25,  28.23,  28.04,  28.25,  28.39,  28.39
20100826, 0000,  , HU, 22.0N,  53.6W,  80,  977,  150,  105,   90,  120,   75,   50,   40,   60,   35,   25,   20,   30, -999,  29.02,  28.71,  28.95,  29.24,  29.12,  28.35,  28.20,  28.08,  28.14,  28.82,  29.23,  29.08,  28.89,  29.33,  29.31,  28.65,  28.70,  28.58,  27.89,  27.93,  28.42,  28.00,  27.66,  28.43,  28.83,  28.62,  28.42,  28.47,  28.59,  28.45,  28.43
20100826, 0600,  , HU, 23.1N,  54.6W,  85,  973,  150,  105,   90,  120,   75,   50,   40,   60,   35,   25,   20,   30, -999,  28.26,  28.29,  28.66,  29.03,  28.91,  28.27,  27.87,  27.77,  28.31,  28.69,  28.78,  28.69,  28.69,  28.96,  28.77,  27.93,  27.68,  27.70,  27.14,  27.20,  27.10,  26.95,  26.92,  27.69,  28.16,  28.25,  28.18,  28.28,  28.41,  28.34,  28.26
20100826, 1200,  , HU, 24.0N,  55.4W,  85,  973,  150,  105,   90,  120,   75,   50,   40,   60,   35,   25,   20,   30, -999,  28.32,  28.44,  28.70,  29.02,  29.01,  28.57,  28.15,  28.14,  28.65,  28.87,  29.10,  29.02,  28.85,  29.18,  29.07,  28.57,  27.87,  27.88,  27.41,  27.32,  27.43,  27.02,  27.29,  28.12,  28.11,  28.13,  28.23,  28.30,  28.45,  28.45,  28.41
20100826, 1800,  , HU, 24.8N,  56.4W,  90,  970,  150,  105,   90,  120,   75,   50,   40,   60,   40,   25,   20,   40, -999,  28.48,  28.91,  29.09,  29.14,  29.06,  28.68,  28.14,  28.03,  28.44,  28.79,  29.00,  29.04,  28.90,  29.20,  28.93,  28.88,  27.53,  27.45,  27.64,  27.56,  27.52,  27.47,  27.86,  28.41,  28.45,  28.56,  28.58,  28.37,  28.39,  28.35,  28.25
20100827, 0000,  , HU, 25.6N,  57.3W,  95,  966,  180,  120,  105,  120,   90,   60,   50,   75,   40,   35,   20,   40, -999,  28.50,  28.72,  28.83,  29.01,  29.01,  28.56,  28.24,  28.69,  28.91,  28.98,  28.99,  28.94,  29.14,  29.02,  28.90,  28.69,  27.32,  27.64,  27.86,  27.80,  27.48,  27.09,  27.72,  28.10,  28.21,  28.22,  28.15,  28.47,  28.63,  28.61,  28.71
20100827, 0600,  , HU, 26.2N,  58.3W, 110,  953,  180,  120,  105,  120,   90,   60,   60,   90,   50,   40,   30,   45, -999,  28.46,  28.68,  28.84,  28.74,  28.69,  28.54,  28.31,  28.69,  28.85,  28.99,  29.05,  29.17,  29.27,  29.23,  29.13,  28.97,  28.37,  27.97,  28.01,  28.00,  27.75,  27.82,  28.26,  28.83,  28.92,  28.93,  28.71,  28.81,  28.94,  29.04,  28.95
20100827, 1200,  , HU, 26.5N,  59.3W, 110,  948,  180,  120,  105,  150,   90,   60,   60,   90,   50,   40,   30,   45, -999,  28.49,  28.69,  28.71,  28.71,  28.77,  28.70,  28.73,  28.93,  28.96,  28.98,  29.09,  29.29,  29.28,  29.22,  29.13,  29.09,  28.45,  28.05,  28.08,  27.92,  27.77,  27.98,  28.26,  28.61,  28.58,  28.35,  28.34,  28.58,  28.82,  28.99,  28.84
20100827, 1800,  , HU, 27.1N,  60.1W, 115,  942,  180,  150,  130,  150,   90,   75,   75,   90,   50,   50,   35,   50, -999,  28.68,  28.66,  28.88,  28.78,  28.79,  28.87,  28.82,  28.76,  28.94,  28.98,  29.07,  29.24,  29.12,  29.09,  29.13,  29.13,  27.59,  27.14,  26.67,  26.63,  26.27,  26.34,  26.89,  27.29,  27.33,  27.43,  27.47,  27.86,  28.09,  28.22,  28.32
20100828, 0000,  , HU, 27.7N,  60.5W, 105,  946,  180,  150,  130,  150,   90,   75,   75,   90,   50,   50,   35,   50, -999,  28.99,  28.82,  28.77,  28.86,  29.02,  28.92,  28.77,  29.02,  29.11,  29.14,  29.24,  29.18,  29.26,  29.27,  29.26,  26.79,  26.22,  25.75,  25.65,  25.32,  25.33,  26.22,  26.76,  26.93,  27.05,  27.13,  27.45,  27.70,  27.89,  28.17,  28.05
20100828, 0600,  , HU, 28.3N,  61.0W,  95,  950,  180,  150,  150,  150,   90,   75,   75,   90,   50,   50,   35,   50, -999,  28.94,  28.64,  28.46,  28.64,  28.86,  28.90,  28.86,  29.01,  29.02,  29.08,  29.21,  29.29,  29.45,  29.46,  29.44,  26.35,  25.56,  25.09,  24.94,  24.56,  24.37,  24.92,  25.44,  25.94,  26.30,  26.57,  26.80,  27.12,  27.36,  27.58,  27.31
20100828, 1200,  , HU, 28.9N,  60.8W,  95,  952,  180,  150,  150,  150,   90,   75,   75,   90,   50,   50,   35,   50, -999,  28.78,  28.63,  28.49,  28.65,  28.77,  28.58,  28.50,  28.67,  28.73,  28.85,  29.00,  29.15,  29.33,  29.35,  29.35,  26.50,  25.82,  25.61,  25.43,  25.15,  25.04,  25.24,  25.65,  26.17,  26.42,  26.56,  26.77,  26.93,  27.08,  27.25,  27.17
20100828, 1800,  , HU, 29.6N,  60.2W,  90,  955,  210,  150,  150,  150,   90,   75,   75,   90,   60,   60,   40,   55, -999,  28.42,  28.44,  28.48,  28.68,  28.83,  28.65,  28.46,  28.47,  28.55,  28.73,  28.94,  29.28,  29.46,  29.44,  29.40,  26.93,  26.38,  26.26,  26.11,  25.99,  25.80,  25.50,  25.81,  26.18,  26.25,  26.65,  26.99,  27.13,  27.32,  27.38,  27.06
20100829, 0000,  , HU, 30.9N,  59.2W,  85,  958,  210,  180,  180,  180,   90,   75,   75,   90,   60,   60,   40,   55, -999,  28.19,  28.06,  28.10,  28.25,  28.25,  28.27,  28.39,  28.31,  28.43,  28.60,  29.02,  29.28,  29.29,  29.25,  26.38,  25.94,  26.40,  26.72,  26.90,  26.37,  26.38,  26.87,  26.76,  26.89,  27.20,  27.47,  27.33,  27.19,  27.16,  26.73,  26.97
20100829, 0600,  , HU, 32.4N,  57.9W,  80,  964,  210,  180,  180,  180,   90,   75,   90,   90,   60,   60,   40,   55, -999,  28.02,  27.40,  27.24,  27.48,  27.91,  27.80,  27.77,  28.00,  28.02,  28.21,  28.39,  28.63,  28.52,  28.53,  27.97,  26.12,  26.28,  26.32,  26.37,  26.68,  26.90,  26.69,  26.42,  26.93,  27.70,  27.25,  27.02,  27.00,  27.03,  26.95,  27.16
20100829, 1200,  , HU, 34.7N,  56.2W,  75,  966,  210,  240,  180,  180,   90,  120,   90,   90,   45,   60,   45,   40, -999,  27.80,  26.90,  26.71,  26.69,  26.86,  27.23,  26.91,  27.00,  27.20,  27.44,  27.52,  27.19,  27.20,  27.35,  27.54,  26.31,  25.46,  25.52,  25.57,  25.65,  25.75,  25.76,  25.81,  25.92,  26.17,  26.26,  26.41,  26.37,  26.41,  25.85,  26.15
20100829, 1800,  , HU, 37.3N,  55.0W,  75,  968,  210,  270,  180,  210,  120,  150,   90,   90,   60,   75,   60,    0, -999,  26.45,  26.31,  26.45,  26.65,  26.81,  27.08,  26.76,  26.25,  26.35,  26.32,  26.16,  25.97,  26.08,  25.91,  25.87,  25.85,  24.36,  24.04,  24.01,  24.15,  24.37,  24.66,  24.53,  24.51,  24.87,  24.94,  25.04,  25.06,  25.12,  24.78,  24.83
20100830, 0000,  , HU, 38.7N,  53.8W,  70,  969,  210,  270,  180,  210,  120,  150,   90,   90,   60,   75,   60,    0, -999,  26.38,  26.31,  26.39,  26.22,  26.44,  26.23,  25.94,  25.94,  25.94,  25.55,  25.81,  26.27,  26.09,  25.77,  25.72,  24.33,  24.42,  24.26,  24.25,  24.63,  24.92,  24.78,  24.87,  26.03,  26.29,  25.98,  25.88,  25.72,  25.02,  24.91,  25.16
20100830, 0600,  , HU, 40.0N,  52.8W,  65,  970,  240,  270,  180,  240,  120,  150,   90,   90,   60,   75,   60,    0, -999,  26.31,  26.61,  26.50,  26.49,  26.73,  25.88,  25.05,  25.25,  25.57,  25.50,  25.69,  25.70,  25.30,  24.88,  24.86,  23.48,  23.60,  24.29,  24.49,  25.18,  25.00,  24.96,  24.71,  25.08,  24.80,  24.38,  24.24,  24.21,  24.19,  24.42,  25.06
20100830, 1200,  , HU, 40.6N,  51.6W,  65,  970,  240,  270,  180,  210,  120,  150,   90,   90,   60,   75,   60,    0, -999,  25.40,  25.25,  25.56,  25.66,  25.43,  25.08,  25.19,  25.05,  25.12,  24.85,  24.07,  23.83,  23.84,  23.85,  23.88,  22.96,  22.75,  22.31,  22.59,  23.42,  23.78,  23.87,  23.80,  24.38,  25.57,  25.36,  24.98,  24.45,  24.15,  23.69,  23.39
20100830, 1800,  , TS, 41.0N,  50.2W,  60,  973,  240,  270,  240,  210,   90,  150,   90,   90,    0,    0,    0,    0, -999,  25.02,  22.75,  23.42,  23.86,  23.81,  23.34,  23.38,  23.10,  23.33,  21.62,  20.53,  20.24,  20.87,  21.53,  21.71,  21.96,  22.50,  22.67,  22.83,  23.64,  23.39,  23.07,  22.65,  22.79,  22.40,  22.25,  21.36,  20.84,  21.97,  22.73,  22.40
20100831, 0000,  , LO, 41.1N,  48.0W,  60,  976,  240,  300,  300,  240,   90,  150,   90,   90,    0,    0,    0,    0, -999,  23.43,  23.06,  23.16,  23.19,  22.45,  22.11,  22.02,  21.17,  21.11,  20.96,  20.90,  21.50,  21.50,  20.68,  21.40,  20.75,  20.24,  20.18,  20.49,  20.57,  20.75,  20.29,  20.29,  19.90,  19.50,  19.65,  19.56,  19.55,  19.33,  19.38,  19.53
20100831, 0600,  , LO, 41.2N,  44.8W,  55,  981,  270,  360,  300,  240,   90,  150,   90,   90,    0,    0,    0,    0, -999,  26.04,  26.01,  26.10,  25.67,  25.02,  24.75,  24.67,  24.65,  24.61,  24.43,  24.44,  23.97,  23.73,  23.56,  23.47,  22.98,  22.80,  23.09,  22.91,  22.79,  23.66,  23.86,  23.77,  23.65,  23.74,  23.52,  23.72,  23.75,  23.61,  23.58,  23.52
20100831, 1200,  , LO, 41.3N,  41.0W,  55,  985,  270,  300,  300,  210,   45,  150,   90,   90,    0,    0,    0,    0, -999,  25.46,  25.35,  24.81,  24.64,  24.57,  24.32,  24.28,  24.47,  24.59,  24.30,  24.41,  24.03,  23.37,  23.04,  23.02,  22.70,  22.38,  21.80,  21.74,  21.93,  22.39,  22.62,  22.53,  22.36,  22.20,  22.15,  22.25,  22.48,  22.66,  23.16,  23.30
20100831, 1800,  , EX, 42.1N,  35.9W,  50,  987,  180,  240,  240,  180,   45,  150,   90,   90,    0,    0,    0,    0, -999,  25.66,  25.61,  25.40,  24.24,  23.99,  24.08,  24.51,  24.51,  24.42,  24.27,  24.17,  23.70,  22.21,  21.50,  21.34,  21.12,  21.05,  20.92,  21.05,  21.24,  21.37,  21.62,  21.55,  21.58,  21.78,  21.79,  22.04,  21.87,  21.87,  22.13,  22.10
20100901, 0000,  , EX, 43.5N,  30.4W,  45,  988,  180,  180,  180,   90,    0,    0,    0,    0,    0,    0,    0,    0, -999,  23.82,  23.51,  23.14,  22.97,  22.76,  22.67,  22.70,  22.49,  22.63,  22.44,  21.56,  21.13,  20.95,  21.05,  20.90,  20.86,  20.65,  20.09,  19.91,  20.01,  20.09,  20.03,  20.06,  20.13,  20.18,  20.32,  20.61,  20.68,  20.73,  20.79,  20.77
20100901, 0600,  , EX, 44.8N,  26.3W,  40,  990,  180,  120,  120,   90,    0,    0,    0,    0,    0,    0,    0,    0, -999,  22.52,  22.21,  21.62,  21.76,  21.82,  21.61,  21.57,  21.02,  20.58,  20.58,  20.52,  20.15,  20.02,  20.15,  20.18,  19.83,  19.63,  19.61,  19.62,  19.39,  19.32,  19.09,  19.38,  19.54,  19.63,  19.82,  20.03,  20.24,  20.33,  20.27,  20.08
20100901, 1200,  , EX, 46.2N,  24.0W,  40,  991,  180,  120,  120,   90,    0,    0,    0,    0,    0,    0,    0,    0, -999,  21.07,  21.03,  21.01,  20.81,  20.82,  20.95,  21.04,  21.07,  20.14,  20.27,  19.73,  19.46,  19.38,  19.55,  19.71,  19.82,  19.70,  19.78,  19.64,  19.46,  19.16,  19.29,  19.51,  19.21,  19.20,  18.97,  19.39,  19.67,  19.70,  19.70,  19.59
20100901, 1800,  , EX, 47.9N,  22.0W,  40,  992,  180,  120,  120,   90,    0,    0,    0,    0,    0,    0,    0,    0, -999,  18.00,  18.04,  18.63,  18.98,  18.93,  18.83,  18.84,  18.68,  18.00,  18.15,  18.23,  18.26,  18.46,  18.54,  18.33,  18.05,  18.06,  18.25,  18.11,  17.87,  17.76,  17.74,  17.99,  17.95,  17.87,  17.82,  17.98,  18.24,  18.27,  18.25,  18.09
20100902, 0000,  , EX, 49.5N,  20.7W,  40,  994,  240,    0,    0,    0,    0,    0,    0,    0,    0,    0,    0,    0, -999,  17.76,  17.61,  17.64,  17.60,  17.39,  17.31,  17.07,  17.19,  17.12,  16.89,  16.78,  16.80,  16.73,  16.44,  17.37,  17.50,  17.74,  17.54,  17.26,  17.20,  17.26,  17.43,  17.40,  17.31,  17.45,  17.34,  17.32,  17.58,  17.61,  17.54,  17.47
20100902, 0600,  , EX, 51.1N,  19.9W,  40,  995,  240,    0,    0,    0,    0,    0,    0,    0,    0,    0,    0,    0, -999,  16.00,  16.17,  15.89,  15.99,  15.98,  16.09,  16.31,  16.20,  16.19,  16.23,  16.13,  16.09,  16.01,  15.60,  15.56,  15.76,  16.37,  16.45,  16.37,  16.25,  16.23,  16.42,  16.45,  16.28,  16.22,  16.02,  15.88,  16.10,  16.08,  15.99,  15.42
20100902, 1200,  , EX, 53.0N,  20.3W,  35,  996,  240,    0,    0,    0,    0,    0,    0,    0,    0,    0,    0,    0, -999,  15.90,  15.73,  15.65,  15.68,  15.65,  15.45,  15.42,  15.80,  15.74,  15.93,  16.16,  16.11,  15.92,  15.36,  15.50,  15.68,  15.70,  15.66,  15.51,  15.64,  15.55,  15.62,  15.64,  15.49,  15.46,  15.64,  15.78,  15.67,  15.33,  15.24,  15.32
20100902, 1800,  , EX, 55.0N,  21.5W,  35,  998,  180,    0,    0,    0,    0,    0,    0,    0,    0,    0,    0,    0, -999,  14.50,  14.95,  15.02,  14.89,  14.78,  14.71,  14.92,  15.18,  15.18,  15.28,  15.37,  15.48,  15.37,  15.27,  15.23,  15.06,  15.01,  15.03,  15.09,  15.09,  15.34,  15.45,  15.28,  15.32,  15.25,  15.18,  15.11,  15.16,  15.18,  14.83,  15.20
20100903, 0000,  , EX, 57.5N,  23.0W,  30,  998,    0,    0,    0,    0,    0,    0,    0,    0,    0,    0,    0,    0, -999,  13.76,  13.77,  13.65,  13.57,  13.33,  13.41,  13.78,  13.86,  13.79,  13.69,  13.75,  13.75,  13.71,  13.51,  13.48,  13.98,  13.98,  13.46,  13.87,  14.03,  14.11,  14.31,  14.23,  13.90,  13.75,  13.72,  13.83,  13.95,  13.96,  13.77,  13.40
