AL062008,                FAY,     60,
20080815, 1200,  , TD, 18.4N,  67.4W,  30, 1011,    0,    0,    0,    0,    0,    0,    0,    0,    0,    0,    0,    0, -999,  28.48,  28.51,  28.69,  28.66,  28.96,  28.93,  28.80,  28.60,  28.48,  29.00,  28.85,  28.76,  28.77,  28.80,  28.74,  28.76,  28.60,  28.58,  28.87,  29.07,  29.08,  29.10,  28.91,  28.66,  28.51,  28.44,  28.41,  29.17,  29.16,  29.23,  29.40
20080815, 1430, L, TS, 18.5N,  68.4W,  35, 1009, -999, -999, -999, -999, -999, -999, -999, -999, -999, -999, -999, -999, -999,  28.12,  28.28,  28.43,  28.52,  28.58,  28.54,  28.63,  28.48,  28.17,  28.68,  28.51,  28.56,  28.42,  28.45,  28.81,  28.93,  28.69,  28.53,  28.82,  28.92,  28.89,  28.96,  28.90,  28.53,  28.33,  28.23,  28.16,  29.07,  29.25,  29.25,  29.30
20080815, 1800,  , TS, 18.5N,  68.8W,  35, 1009,   75,    0,    0,   75,    0,    0,    0,    0,    0,    0,    0,    0, -999,    nan,    nan,    nan,    nan,    nan,    nan,    nan,    nan,    nan,    nan,    nan,    nan,    nan,    nan,    nan,    nan,    nan,    nan,    nan,    nan,    nan,    nan,    nan,    nan,    nan,    nan,    nan,    nan,    nan,    nan,    nan
20080816, 0000,  , TS, 18.6N,  70.2W,  40, 1008,   90,   60,    0,   75,    0,    0,    0,    0,    0,    0,    0,    0, -999,    nan,    nan,    nan,    nan,    nan,    nan,    nan,    nan,    nan,    nan,    nan,    nan,    nan,    nan,    nan,    nan,    nan,    nan,    nan,    nan,    nan,    nan,    nan,    nan,    nan,    nan,    nan,    nan,    nan,    nan,    nan
20080816, 0600,  , TS, 18.7N,  71.4W,  40, 1008,   90,   60,    0,   75,    0,    0,    0,    0,    0,    0,    0,    0, -999,    nan,    nan,    nan,    nan,    nan,    nan,    nan,    nan,    nan,    nan,    nan,    nan,    nan,    nan,    nan,    nan,    nan,    nan,    nan,    nan,    nan,    nan,    nan,    nan,    nan,    nan,    nan,    nan,    nan,    nan,    nan
20080816, 1145, L, TS, 18.8N,  72.8W,  40, 1007, -999, -999, -999, -999, -999, -999, -999, -999, -999, -999, -999, -999, -999,  30.39,  30.76,  30.68,  30.25,  30.03,  30.17,  29.94,  29.37,  29.32,  29.58,  29.58,  29.82,  29.88,  29.97,  29.86,  29.88,  29.19,  29.31,  29.55,  29.80,  31.88,  31.07,  30.46,  30.24,  29.81,  29.77,  29.79,  29.57,  29.50,  29.50,  29.50
20080816, 1200,  , TS, 18.8N,  72.9W,  40, 1007,   90,   60,    0,   75,    0,    0,    0,    0,    0,    0,    0,    0, -999,  30.39,  30.76,  30.68,  30.25,  30.03,  30.17,  29.94,  29.37,  29.32,  29.58,  29.58,  29.82,  29.88,  29.97,  29.86,  29.88,  29.19,  29.31,  29.55,  29.80,  31.88,  31.07,  30.46,  30.24,  29.81,  29.77,  29.79,  29.57,  29.50,  29.50,  29.50
20080816, 1800,  , TS, 19.1N,  74.6W,  40, 1007,   90,   60,    0,    0,    0,    0,    0,    0,    0,    0,    0,    0, -999,  29.43,  29.53,  29.42,  29.45,  29.43,  29.54,  29.37,  29.11,  29.15,  29.20,  29.25,  29.76,  29.78,  29.78,  29.80,  29.81,  29.24,  29.24,  29.47,  30.18,  30.20,  29.86,  29.82,  29.58,  29.29,  29.28,  29.24,  29.11,  29.25,  29.44,  29.37
20080817, 0000,  , TS, 19.3N,  75.7W,  45, 1005,   90,   60,    0,    0,    0,    0,    0,    0,    0,    0,    0,    0, -999,  29.27,  29.25,  29.41,  29.54,  29.61,  29.43,  29.10,  29.21,  29.07,  28.96,  29.89,  29.96,  30.03,  30.13,  30.13,  29.68,  29.65,  30.26,  30.59,  30.43,  30.25,  30.23,  29.78,  29.53,  29.59,  29.58,  29.57,  29.58,  29.66,  29.53,  29.49
20080817, 0600,  , TS, 19.6N,  76.9W,  45, 1004,   90,   50,    0,    0,    0,    0,    0,    0,    0,    0,    0,    0, -999,  29.33,  29.49,  29.57,  29.37,  29.41,  29.43,  29.20,  29.31,  29.31,  29.48,  29.89,  30.05,  30.02,  30.02,  29.95,  29.94,  29.86,  30.39,  30.70,  31.35,  30.76,  30.35,  29.93,  29.72,  29.60,  29.28,  29.01,  28.55,  28.14,  28.78,  29.29
20080817, 0900, L, TS, 19.9N,  77.4W,  45, 1003, -999, -999, -999, -999, -999, -999, -999, -999, -999, -999, -999, -999, -999,  29.41,  29.82,  30.11,  29.87,  29.84,  29.86,  29.67,  29.64,  29.70,  30.42,  30.21,  30.04,  30.04,  29.98,  30.02,  30.05,  29.97,  30.34,  30.81,  31.34,  30.60,  30.24,  29.94,  29.72,  29.59,  29.24,  28.95,  28.38,  27.73,  28.18,  28.88
20080817, 1200,  , TS, 20.0N,  78.1W,  45, 1003,   90,   50,    0,    0,    0,    0,    0,    0,    0,    0,    0,    0, -999,  29.55,  29.90,  29.91,  29.93,  30.00,  29.93,  29.83,  29.90,  29.99,  30.90,  30.79,  30.47,  30.60,  30.50,  30.49,  30.48,  30.32,  30.31,  31.36,  31.81,  30.72,  30.25,  30.02,  29.82,  29.84,  29.79,  29.59,  29.05,  28.63,  28.72,  28.88
20080817, 1800,  , TS, 20.7N,  79.6W,  45, 1006,   90,   90,    0,    0,    0,    0,    0,    0,    0,    0,    0,    0, -999,  29.74,  29.77,  29.30,  29.12,  29.44,  29.20,  29.11,  29.27,  29.40,  29.65,  29.86,  30.00,  30.15,  30.02,  29.95,  29.89,  29.61,  29.32,  29.57,  29.94,  29.90,  29.97,  30.04,  29.83,  29.70,  29.34,  28.94,  28.92,  28.89,  28.73,  28.75
20080818, 0000,  , TS, 21.1N,  80.3W,  45, 1001,   90,   90,    0,    0,    0,    0,    0,    0,    0,    0,    0,    0, -999,  29.55,  29.56,  29.55,  29.56,  29.28,  29.27,  29.32,  29.51,  29.56,  29.87,  30.07,  30.18,  30.08,  29.98,  29.87,  29.56,  29.05,  30.23,  30.62,  30.46,  30.26,  30.00,  29.72,  29.64,  29.38,  29.25,  29.30,  29.00,  28.99,  29.01,  28.96
20080818, 0600,  , TS, 21.9N,  80.8W,  45, 1003,   30,   90,    0,    0,    0,    0,    0,    0,    0,    0,    0,    0, -999,  29.46,  29.50,  29.56,  29.57,  29.44,  29.46,  29.46,  29.66,  29.62,  29.80,  30.08,  30.00,  29.99,  29.87,  29.71,  29.62,  29.14,  30.18,  30.46,  30.20,  29.99,  29.84,  29.68,  29.66,  29.66,  29.71,  29.56,  29.55,  29.55,  29.13,  28.86
20080818, 0700, L, TS, 22.1N,  80.8W,  45, 1003, -999, -999, -999, -999, -999, -999, -999, -999, -999, -999, -999, -999, -999,    nan,    nan,    nan,    nan,    nan,    nan,    nan,    nan,    nan,    nan,    nan,    nan,    nan,    nan,    nan,    nan,    nan,    nan,    nan,    nan,    nan,    nan,    nan,    nan,    nan,    nan,    nan,    nan,    nan,    nan,    nan
20080818, 1200,  , TS, 23.2N,  81.2W,  50, 1002,  100,   90,    0,    0,   65,    0,    0,    0,    0,    0,    0,    0, -999,  28.58,  28.55,  28.55,  28.84,  28.99,  29.28,  29.36,  29.40,  29.49,  29.69,  29.53,  29.39,  29.45,  29.45,  29.44,  28.88,  28.76,  29.06,  29.19,  29.11,  29.21,  28.87,  28.81,  28.99,  29.03,  28.92,  28.92,  28.89,  28.08,  28.01,  27.84
20080818, 1800,  , TS, 24.3N,  81.7W,  50, 1000,  110,   90,   30,   30,   60,    0,    0,    0,    0,    0,    0,    0, -999,  29.45,  29.42,  29.40,  29.51,  29.60,  29.66,  29.57,  29.41,  29.57,  29.61,  29.72,  29.97,  29.96,  30.07,  30.11,  29.52,  29.11,  29.21,  29.38,  29.42,  29.41,  29.36,  29.43,  29.58,  29.80,  30.08,  29.89,  29.79,  29.14,  28.96,  28.91
20080818, 2030, L, TS, 24.5N,  81.8W,  50,  998, -999, -999, -999, -999, -999, -999, -999, -999, -999, -999, -999, -999, -999,  29.84,  29.79,  29.77,  29.90,  30.02,  30.09,  29.92,  29.37,  29.72,  29.84,  30.03,  30.25,  30.30,  30.52,  30.53,  30.16,  29.68,  29.62,  29.69,  29.64,  29.58,  29.62,  29.67,  29.78,  29.88,  29.97,  29.97,  29.99,  29.39,  29.42,  29.32
20080819, 0000,  , TS, 25.0N,  81.9W,  50,  997,  110,   90,   30,   30,   60,    0,    0,    0,    0,    0,    0,    0, -999,  30.09,  30.17,  30.20,  30.28,  30.29,  30.20,  29.71,  30.14,  30.29,  30.29,  30.40,  30.45,  30.61,  30.62,  30.55,  30.04,  29.74,  29.76,  29.64,  29.57,  29.56,  29.58,  29.72,  29.90,  30.19,  30.22,  30.19,  29.64,  29.55,  29.43,  29.42
20080819, 0600,  , TS, 25.5N,  81.8W,  55,  994,  110,   90,   30,   30,   60,   60,   15,    0,    0,    0,    0,    0, -999,  30.04,  30.13,  30.14,  30.22,  30.20,  30.12,  29.92,  30.07,  30.10,  30.00,  30.19,  30.25,  30.41,  30.38,  30.34,  29.85,  29.40,  29.40,  29.30,  29.30,  29.26,  29.27,  29.51,  29.76,  30.12,  30.10,  30.09,  29.54,  29.45,  29.38,  29.40
20080819, 0845, L, TS, 25.9N,  81.6W,  55,  991, -999, -999, -999, -999, -999, -999, -999, -999, -999, -999, -999, -999, -999,  30.13,  30.23,  30.24,  30.19,  30.07,  30.09,  30.18,  29.88,  29.62,  29.56,  29.68,  29.88,  30.13,  30.11,  30.06,  29.77,  28.89,  28.51,  28.36,  28.37,  28.40,  28.59,  28.86,  29.24,  29.99,  30.08,  30.03,  29.33,  29.11,  29.12,  29.23
20080819, 1200,  , TS, 26.4N,  81.4W,  55,  988,  100,   90,   30,   30,   30,   30,    0,    0,    0,    0,    0,    0, -999,    nan,    nan,    nan,    nan,    nan,    nan,    nan,    nan,    nan,    nan,    nan,    nan,    nan,    nan,    nan,    nan,    nan,    nan,    nan,    nan,    nan,    nan,    nan,    nan,    nan,    nan,    nan,    nan,    nan,    nan,    nan
20080819, 1800,  , TS, 27.0N,  81.1W,  60,  986,  120,  150,   30,   30,   20,   20,    0,    0,    0,    0,    0,    0, -999,    nan,    nan,    nan,    nan,    nan,    nan,    nan,    nan,    nan,    nan,    nan,    nan,    nan,    nan,    nan,    nan,    nan,    nan,    nan,    nan,    nan,    nan,    nan,    nan,    nan,    nan,    nan,    nan,    nan,    nan,    nan
20080820, 0000,  , TS, 27.5N,  80.9W,  55,  988,  120,  120,   30,   30,   20,   20,    0,    0,    0,    0,    0,    0, -999,    nan,    nan,    nan,    nan,    nan,    nan,    nan,    nan,    nan,    nan,    nan,    nan,    nan,    nan,    nan,    nan,    nan,    nan,    nan,    nan,    nan,    nan,    nan,    nan,    nan,    nan,    nan,    nan,    nan,    nan,    nan
20080820, 0600,  , TS, 28.0N,  80.6W,  50,  992,  120,  100,   30,   40,   20,   20,    0,    0,    0,    0,    0,    0, -999,    nan,    nan,    nan,    nan,    nan,    nan,    nan,    nan,    nan,    nan,    nan,    nan,    nan,    nan,    nan,    nan,    nan,    nan,    nan,    nan,    nan,    nan,    nan,    nan,    nan,    nan,    nan,    nan,    nan,    nan,    nan
20080820, 1200,  , TS, 28.4N,  80.6W,  45,  994,  100,   90,    0,    0,    0,    0,    0,    0,    0,    0,    0,    0, -999,    nan,    nan,    nan,    nan,    nan,    nan,    nan,    nan,    nan,    nan,    nan,    nan,    nan,    nan,    nan,    nan,    nan,    nan,    nan,    nan,    nan,    nan,    nan,    nan,    nan,    nan,    nan,    nan,    nan,    nan,    nan
20080820, 1800,  , TS, 28.7N,  80.6W,  45,  997,  120,  100,    0,   30,    0,    0,    0,    0,    0,    0,    0,    0, -999,  26.14,  27.09,  27.09,  26.86,  26.47,  26.67,  26.87,  26.40,  26.12,  25.65,  25.14,  25.05,  25.02,  25.29,  25.35,  24.75,  24.62,  25.09,  25.58,  27.14,  27.45,  27.13,  27.50,  27.93,  27.70,  27.46,  27.24,  27.43,  27.60,  27.42,  27.54
20080821, 0000,  , TS, 28.9N,  80.5W,  50,  993,  130,  100,   40,  100,   40,   40,    0,    0,    0,    0,    0,    0, -999,  27.63,  27.32,  26.85,  26.75,  27.22,  27.08,  26.45,  26.10,  25.90,  25.57,  25.53,  25.39,  25.56,  25.51,  24.73,  24.42,  24.91,  25.36,  27.13,  27.40,  27.11,  27.26,  27.72,  27.71,  27.59,  27.35,  27.51,  27.54,  27.36,  27.43,  27.70
20080821, 0600,  , TS, 29.1N,  80.7W,  50,  993,  130,  100,   40,  100,   60,   40,    0,    0,    0,    0,    0,    0, -999,  28.17,  27.65,  27.18,  27.24,  27.94,  27.69,  27.14,  26.65,  26.50,  26.28,  26.19,  25.87,  25.88,  25.71,  24.87,  24.35,  24.84,  25.27,  27.26,  27.38,  27.02,  27.14,  27.68,  27.93,  27.88,  27.72,  27.85,  27.70,  27.53,  27.54,  27.84
20080821, 1200,  , TS, 29.2N,  80.7W,  50,  993,  130,  100,   40,  100,   60,   40,    0,    0,    0,    0,    0,    0, -999,  28.17,  27.65,  27.18,  27.24,  27.94,  27.69,  27.14,  26.65,  26.50,  26.28,  26.19,  25.87,  25.88,  25.71,  24.87,  24.35,  24.84,  25.27,  27.26,  27.38,  27.02,  27.14,  27.68,  27.93,  27.88,  27.72,  27.85,  27.70,  27.53,  27.54,  27.84
20080821, 1800,  , TS, 29.3N,  81.0W,  55,  993,  130,  100,   40,  100,   60,   40,    0,    0,    0,    0,    0,    0, -999,  27.75,  27.53,  27.49,  27.57,  27.78,  27.75,  27.54,  27.19,  27.06,  26.74,  26.29,  25.75,  25.67,  25.58,  25.06,  24.56,  25.05,  25.41,  27.06,  27.03,  26.79,  26.90,  27.58,  27.89,  27.89,  27.71,  27.72,  27.48,  27.45,  27.43,  27.73
20080821, 1900, L, TS, 29.3N,  81.1W,  55,  993, -999, -999, -999, -999, -999, -999, -999, -999, -999, -999, -999, -999, -999,    nan,    nan,    nan,    nan,    nan,    nan,    nan,    nan,    nan,    nan,    nan,    nan,    nan,    nan,    nan,    nan,    nan,    nan,    nan,    nan,    nan,    nan,    nan,    nan,    nan,    nan,    nan,    nan,    nan,    nan,    nan
20080822, 0000,  , TS, 29.3N,  81.2W,  50,  994,  150,  130,   50,  100,   50,   40,    0,    0,    0,    0,    0,    0, -999,    nan,    nan,    nan,    nan,    nan,    nan,    nan,    nan,    nan,    nan,    nan,    nan,    nan,    nan,    nan,    nan,    nan,    nan,    nan,    nan,    nan,    nan,    nan,    nan,    nan,    nan,    nan,    nan,    nan,    nan,    nan
20080822, 0600,  , TS, 29.5N,  81.9W,  50,  995,  150,  120,    0,    0,   40,   30,    0,    0,    0,    0,    0,    0, -999,    nan,    nan,    nan,    nan,    nan,    nan,    nan,    nan,    nan,    nan,    nan,    nan,    nan,    nan,    nan,    nan,    nan,    nan,    nan,    nan,    nan,    nan,    nan,    nan,    nan,    nan,    nan,    nan,    nan,    nan,    nan
20080822, 1200,  , TS, 29.6N,  82.4W,  45,  996,  120,  100,    0,    0,    0,    0,    0,    0,    0,    0,    0,    0, -999,    nan,    nan,    nan,    nan,    nan,    nan,    nan,    nan,    nan,    nan,    nan,    nan,    nan,    nan,    nan,    nan,    nan,    nan,    nan,    nan,    nan,    nan,    nan,    nan,    nan,    nan,    nan,    nan,    nan,    nan,    nan
20080822, 1800,  , TS, 29.8N,  83.0W,  40,  997,  120,  100,   40,    0,    0,    0,    0,    0,    0,    0,    0,    0, -999,    nan,    nan,    nan,    nan,    nan,    nan,    nan,    nan,    nan,    nan,    nan,    nan,    nan,    nan,    nan,    nan,    nan,    nan,    nan,    nan,    nan,    nan,    nan,    nan,    nan,    nan,    nan,    nan,    nan,    nan,    nan
20080823, 0000,  , TS, 29.7N,  83.8W,  45,  996,    0,   80,   80,    0,    0,    0,    0,    0,    0,    0,    0,    0, -999,  29.16,  29.09,  29.19,  29.19,  28.76,  27.88,  27.68,  27.74,  27.67,  27.35,  27.57,  27.88,  27.92,  27.92,  27.97,  27.43,  26.95,  26.73,  27.03,  27.46,  28.24,  28.63,  28.72,  28.37,  27.58,  27.45,  28.03,  28.37,  28.45,  28.51,  28.72
20080823, 0600,  , TS, 29.8N,  84.7W,  45,  997,    0,   80,   80,    0,    0,    0,    0,    0,    0,    0,    0,    0, -999,  28.87,  28.79,  28.81,  28.68,  28.53,  27.70,  27.50,  27.39,  27.26,  27.04,  27.04,  27.05,  27.06,  27.14,  27.22,  26.32,  26.56,  26.60,  26.80,  27.64,  27.91,  28.18,  28.35,  28.32,  27.88,  27.84,  28.11,  28.06,  28.32,  28.57,  28.82
20080823, 0615, L, TS, 29.8N,  84.7W,  45,  997, -999, -999, -999, -999, -999, -999, -999, -999, -999, -999, -999, -999, -999,  28.87,  28.79,  28.81,  28.68,  28.53,  27.70,  27.50,  27.39,  27.26,  27.04,  27.04,  27.05,  27.06,  27.14,  27.22,  26.32,  26.56,  26.60,  26.80,  27.64,  27.91,  28.18,  28.35,  28.32,  27.88,  27.84,  28.11,  28.06,  28.32,  28.57,  28.82
20080823, 1200,  , TS, 30.0N,  85.2W,  40,  998,    0,   80,   80,    0,    0,    0,    0,    0,    0,    0,    0,    0, -999,    nan,    nan,    nan,    nan,    nan,    nan,    nan,    nan,    nan,    nan,    nan,    nan,    nan,    nan,    nan,    nan,    nan,    nan,    nan,    nan,    nan,    nan,    nan,    nan,    nan,    nan,    nan,    nan,    nan,    nan,    nan
20080823, 1800,  , TS, 30.5N,  85.9W,  40,  999,    0,   80,   30,    0,    0,    0,    0,    0,    0,    0,    0,    0, -999,    nan,    nan,    nan,    nan,    nan,    nan,    nan,    nan,    nan,    nan,    nan,    nan,    nan,    nan,    nan,    nan,    nan,    nan,    nan,    nan,    nan,    nan,    nan,    nan,    nan,    nan,    nan,    nan,    nan,    nan,    nan
20080824, 0000,  , TD, 30.8N,  86.7W,  30,  999,    0,    0,    0,    0,    0,    0,    0,    0,    0,    0,    0,    0, -999,    nan,    nan,    nan,    nan,    nan,    nan,    nan,    nan,    nan,    nan,    nan,    nan,    nan,    nan,    nan,    nan,    nan,    nan,    nan,    nan,    nan,    nan,    nan,    nan,    nan,    nan,    nan,    nan,    nan,    nan,    nan
20080824, 0600,  , TD, 31.1N,  87.7W,  30,  999,    0,    0,    0,    0,    0,    0,    0,    0,    0,    0,    0,    0, -999,    nan,    nan,    nan,    nan,    nan,    nan,    nan,    nan,    nan,    nan,    nan,    nan,    nan,    nan,    nan,    nan,    nan,    nan,    nan,    nan,    nan,    nan,    nan,    nan,    nan,    nan,    nan,    nan,    nan,    nan,    nan
20080824, 1200,  , TD, 31.8N,  88.4W,  30, 1000,    0,    0,    0,    0,    0,    0,    0,    0,    0,    0,    0,    0, -999,    nan,    nan,    nan,    nan,    nan,    nan,    nan,    nan,    nan,    nan,    nan,    nan,    nan,    nan,    nan,    nan,    nan,    nan,    nan,    nan,    nan,    nan,    nan,    nan,    nan,    nan,    nan,    nan,    nan,    nan,    nan
20080824, 1800,  , TD, 31.5N,  89.7W,  30, 1001,    0,    0,    0,    0,    0,    0,    0,    0,    0,    0,    0,    0, -999,    nan,    nan,    nan,    nan,    nan,    nan,    nan,    nan,    nan,    nan,    nan,    nan,    nan,    nan,    nan,    nan,    nan,    nan,    nan,    nan,    nan,    nan,    nan,    nan,    nan,    nan,    nan,    nan,    nan,    nan,    nan
20080825, 0000,  , TD, 31.3N,  90.0W,  30, 1001,    0,    0,    0,    0,    0,    0,    0,    0,    0,    0,    0,    0, -999,    nan,    nan,    nan,    nan,    nan,    nan,    nan,    nan,    nan,    nan,    nan,    nan,    nan,    nan,    nan,    nan,    nan,    nan,    nan,    nan,    nan,    nan,    nan,    nan,    nan,    nan,    nan,    nan,    nan,    nan,    nan
20080825, 0600,  , TD, 31.5N,  89.9W,  30, 1002,    0,    0,    0,    0,    0,    0,    0,    0,    0,    0,    0,    0, -999,    nan,    nan,    nan,    nan,    nan,    nan,    nan,    nan,    nan,    nan,    nan,    nan,    nan,    nan,    nan,    nan,    nan,    nan,    nan,    nan,    nan,    nan,    nan,    nan,    nan,    nan,    nan,    nan,    nan,    nan,    nan
20080825, 1200,  , TD, 32.0N,  89.4W,  25, 1002,    0,    0,    0,    0,    0,    0,    0,    0,    0,    0,    0,    0, -999,    nan,    nan,    nan,    nan,    nan,    nan,    nan,    nan,    nan,    nan,    nan,    nan,    nan,    nan,    nan,    nan,    nan,    nan,    nan,    nan,    nan,    nan,    nan,    nan,    nan,    nan,    nan,    nan,    nan,    nan,    nan
20080825, 1800,  , TD, 32.4N,  89.0W,  25, 1002,    0,    0,    0,    0,    0,    0,    0,    0,    0,    0,    0,    0, -999,    nan,    nan,    nan,    nan,    nan,    nan,    nan,    nan,    nan,    nan,    nan,    nan,    nan,    nan,    nan,    nan,    nan,    nan,    nan,    nan,    nan,    nan,    nan,    nan,    nan,    nan,    nan,    nan,    nan,    nan,    nan
20080826, 0000,  , TD, 32.7N,  88.6W,  20, 1002,    0,    0,    0,    0,    0,    0,    0,    0,    0,    0,    0,    0, -999,    nan,    nan,    nan,    nan,    nan,    nan,    nan,    nan,    nan,    nan,    nan,    nan,    nan,    nan,    nan,    nan,    nan,    nan,    nan,    nan,    nan,    nan,    nan,    nan,    nan,    nan,    nan,    nan,    nan,    nan,    nan
20080826, 0600,  , TD, 33.3N,  87.9W,  20, 1003,    0,    0,    0,    0,    0,    0,    0,    0,    0,    0,    0,    0, -999,    nan,    nan,    nan,    nan,    nan,    nan,    nan,    nan,    nan,    nan,    nan,    nan,    nan,    nan,    nan,    nan,    nan,    nan,    nan,    nan,    nan,    nan,    nan,    nan,    nan,    nan,    nan,    nan,    nan,    nan,    nan
20080826, 1200,  , TD, 33.9N,  87.2W,  20, 1003,    0,    0,    0,    0,    0,    0,    0,    0,    0,    0,    0,    0, -999,    nan,    nan,    nan,    nan,    nan,    nan,    nan,    nan,    nan,    nan,    nan,    nan,    nan,    nan,    nan,    nan,    nan,    nan,    nan,    nan,    nan,    nan,    nan,    nan,    nan,    nan,    nan,    nan,    nan,    nan,    nan
20080826, 1800,  , TD, 34.6N,  86.5W,  20, 1004,    0,    0,    0,    0,    0,    0,    0,    0,    0,    0,    0,    0, -999,    nan,    nan,    nan,    nan,    nan,    nan,    nan,    nan,    nan,    nan,    nan,    nan,    nan,    nan,    nan,    nan,    nan,    nan,    nan,    nan,    nan,    nan,    nan,    nan,    nan,    nan,    nan,    nan,    nan,    nan,    nan
20080827, 0000,  , TD, 35.0N,  85.8W,  15, 1005,    0,    0,    0,    0,    0,    0,    0,    0,    0,    0,    0,    0, -999,    nan,    nan,    nan,    nan,    nan,    nan,    nan,    nan,    nan,    nan,    nan,    nan,    nan,    nan,    nan,    nan,    nan,    nan,    nan,    nan,    nan,    nan,    nan,    nan,    nan,    nan,    nan,    nan,    nan,    nan,    nan
20080827, 0600,  , EX, 35.5N,  85.1W,  15, 1006,    0,    0,    0,    0,    0,    0,    0,    0,    0,    0,    0,    0, -999,    nan,    nan,    nan,    nan,    nan,    nan,    nan,    nan,    nan,    nan,    nan,    nan,    nan,    nan,    nan,    nan,    nan,    nan,    nan,    nan,    nan,    nan,    nan,    nan,    nan,    nan,    nan,    nan,    nan,    nan,    nan
20080827, 1200,  , EX, 36.1N,  84.4W,  15, 1007,    0,    0,    0,    0,    0,    0,    0,    0,    0,    0,    0,    0, -999,    nan,    nan,    nan,    nan,    nan,    nan,    nan,    nan,    nan,    nan,    nan,    nan,    nan,    nan,    nan,    nan,    nan,    nan,    nan,    nan,    nan,    nan,    nan,    nan,    nan,    nan,    nan,    nan,    nan,    nan,    nan
20080827, 1800,  , EX, 36.9N,  83.6W,  15, 1008,    0,    0,    0,    0,    0,    0,    0,    0,    0,    0,    0,    0, -999,    nan,    nan,    nan,    nan,    nan,    nan,    nan,    nan,    nan,    nan,    nan,    nan,    nan,    nan,    nan,    nan,    nan,    nan,    nan,    nan,    nan,    nan,    nan,    nan,    nan,    nan,    nan,    nan,    nan,    nan,    nan
20080828, 0000,  , EX, 37.4N,  83.2W,  15, 1009,    0,    0,    0,    0,    0,    0,    0,    0,    0,    0,    0,    0, -999,    nan,    nan,    nan,    nan,    nan,    nan,    nan,    nan,    nan,    nan,    nan,    nan,    nan,    nan,    nan,    nan,    nan,    nan,    nan,    nan,    nan,    nan,    nan,    nan,    nan,    nan,    nan,    nan,    nan,    nan,    nan
20080828, 0600,  , EX, 37.7N,  82.6W,  15, 1010,    0,    0,    0,    0,    0,    0,    0,    0,    0,    0,    0,    0, -999,    nan,    nan,    nan,    nan,    nan,    nan,    nan,    nan,    nan,    nan,    nan,    nan,    nan,    nan,    nan,    nan,    nan,    nan,    nan,    nan,    nan,    nan,    nan,    nan,    nan,    nan,    nan,    nan,    nan,    nan,    nan
