AL061990,            EDOUARD,     44,
19900802, 1800,  , SD, 38.0N,  23.0W,  30, 1015, -999, -999, -999, -999, -999, -999, -999, -999, -999, -999, -999, -999, -999,  23.82,  23.17,  22.67,  22.77,  22.81,  22.90,  23.03,  22.94,  22.65,  22.78,  22.68,  22.38,  23.08,  23.02,  22.99,  23.04,  22.02,  21.95,  22.04,  22.28,  22.47,  22.62,  22.71,  22.75,  22.79,  22.26,  22.18,  22.18,  22.27,  22.25,  22.26
19900803, 0000,  , SD, 38.3N,  23.0W,  30, 1013, -999, -999, -999, -999, -999, -999, -999, -999, -999, -999, -999, -999, -999,  23.31,  22.75,  22.74,  22.71,  22.76,  22.88,  22.79,  22.55,  22.65,  22.51,  22.28,  23.05,  22.80,  22.76,  22.73,  21.86,  21.90,  21.95,  22.11,  22.22,  22.64,  22.73,  22.58,  22.60,  22.20,  21.74,  21.63,  21.80,  21.86,  22.02,  22.21
19900803, 0600,  , SD, 38.8N,  23.1W,  30, 1010, -999, -999, -999, -999, -999, -999, -999, -999, -999, -999, -999, -999, -999,  23.30,  22.55,  22.44,  22.34,  22.37,  22.42,  22.48,  22.23,  22.33,  22.15,  22.10,  22.75,  22.38,  22.33,  22.31,  21.43,  21.38,  21.49,  21.69,  21.82,  22.25,  22.40,  22.20,  21.95,  21.61,  21.36,  21.38,  21.64,  21.67,  21.79,  21.99
19900803, 1200,  , SS, 39.2N,  23.3W,  35, 1009, -999, -999, -999, -999, -999, -999, -999, -999, -999, -999, -999, -999, -999,  23.16,  22.34,  22.18,  22.10,  22.27,  22.28,  22.40,  22.14,  22.16,  21.98,  22.01,  22.60,  22.17,  22.12,  22.19,  21.23,  21.15,  21.28,  21.48,  21.65,  22.00,  22.14,  22.06,  21.69,  21.32,  21.11,  21.23,  21.47,  21.50,  21.58,  21.83
19900803, 1800,  , SS, 39.5N,  23.9W,  40, 1006, -999, -999, -999, -999, -999, -999, -999, -999, -999, -999, -999, -999, -999,  22.42,  22.36,  22.22,  22.08,  22.18,  22.17,  22.12,  21.93,  21.99,  21.83,  21.87,  22.08,  21.93,  21.99,  22.07,  21.30,  21.50,  21.64,  21.67,  21.95,  22.29,  22.35,  21.57,  21.04,  21.15,  21.31,  21.47,  21.43,  21.23,  21.39,  21.89
19900804, 0000,  , SS, 39.7N,  25.3W,  40, 1005, -999, -999, -999, -999, -999, -999, -999, -999, -999, -999, -999, -999, -999,  22.73,  22.66,  22.58,  22.59,  22.58,  22.45,  22.19,  22.23,  22.02,  21.90,  22.30,  21.88,  21.81,  22.04,  20.97,  21.15,  21.44,  21.56,  22.12,  22.28,  22.27,  21.75,  21.74,  21.86,  21.98,  22.43,  22.53,  22.01,  22.20,  22.75,  22.61
19900804, 0600,  , SS, 39.4N,  27.3W,  35, 1006, -999, -999, -999, -999, -999, -999, -999, -999, -999, -999, -999, -999, -999,  24.05,  23.79,  23.36,  23.21,  22.98,  22.79,  22.63,  22.69,  22.55,  22.10,  22.60,  22.66,  22.17,  21.88,  21.83,  21.23,  21.23,  21.21,  21.54,  21.65,  21.59,  21.40,  21.19,  21.29,  21.26,  21.66,  21.95,  22.03,  22.35,  22.51,  22.44
19900804, 1200,  , SS, 38.8N,  29.0W,  35, 1006, -999, -999, -999, -999, -999, -999, -999, -999, -999, -999, -999, -999, -999,  23.66,  23.27,  23.13,  23.34,  23.33,  22.93,  22.36,  22.83,  22.33,  22.11,  22.34,  22.45,  22.08,  21.74,  21.33,  21.15,  21.09,  20.76,  20.74,  20.87,  20.81,  20.53,  20.56,  20.95,  20.98,  21.42,  21.73,  22.25,  22.77,  22.48,  22.52
19900804, 1800,  , SD, 38.1N,  30.1W,  30, 1007, -999, -999, -999, -999, -999, -999, -999, -999, -999, -999, -999, -999, -999,  23.31,  23.23,  23.28,  23.58,  23.88,  23.37,  22.81,  23.19,  22.86,  22.83,  22.88,  22.59,  22.57,  22.23,  21.61,  21.16,  21.22,  21.29,  21.59,  21.69,  21.51,  21.35,  21.27,  21.49,  21.49,  21.76,  21.96,  22.26,  22.32,  22.21,  22.43
19900805, 0000,  , SD, 37.6N,  30.8W,  30, 1007, -999, -999, -999, -999, -999, -999, -999, -999, -999, -999, -999, -999, -999,  23.18,  23.25,  23.49,  23.69,  23.37,  22.83,  22.70,  22.68,  22.94,  22.88,  22.60,  22.47,  22.43,  22.20,  21.79,  21.68,  21.97,  22.14,  21.75,  21.81,  21.81,  21.79,  21.82,  21.82,  21.98,  22.09,  22.22,  22.29,  22.37,  22.38,  22.75
19900805, 0600,  , SD, 37.3N,  31.6W,  30, 1007, -999, -999, -999, -999, -999, -999, -999, -999, -999, -999, -999, -999, -999,  23.80,  23.86,  23.90,  23.94,  23.81,  23.22,  22.96,  22.93,  23.19,  23.32,  23.25,  22.93,  22.93,  22.79,  22.70,  22.49,  22.31,  22.38,  21.61,  21.68,  21.74,  21.72,  21.69,  21.67,  21.84,  21.92,  22.04,  22.20,  22.36,  22.37,  22.60
19900805, 1200,  , SD, 37.1N,  32.5W,  30, 1007, -999, -999, -999, -999, -999, -999, -999, -999, -999, -999, -999, -999, -999,  24.06,  24.29,  24.38,  24.46,  24.44,  23.70,  23.29,  23.15,  23.51,  23.82,  23.85,  23.21,  23.14,  22.75,  22.51,  22.31,  22.00,  22.22,  21.17,  21.31,  21.48,  21.61,  21.66,  21.71,  21.96,  21.86,  21.98,  22.11,  22.37,  22.67,  22.62
19900805, 1800,  , SD, 37.0N,  33.1W,  25, 1009, -999, -999, -999, -999, -999, -999, -999, -999, -999, -999, -999, -999, -999,  24.00,  24.36,  24.47,  24.55,  24.39,  23.63,  23.18,  23.13,  23.55,  23.84,  23.88,  23.21,  23.16,  22.89,  22.63,  22.53,  22.16,  22.41,  21.13,  21.20,  21.29,  21.35,  21.26,  21.26,  21.56,  21.51,  21.62,  21.75,  22.13,  22.66,  22.62
19900806, 0000,  , SD, 37.0N,  33.4W,  25, 1010, -999, -999, -999, -999, -999, -999, -999, -999, -999, -999, -999, -999, -999,  24.50,  24.65,  24.69,  24.52,  23.85,  23.32,  23.26,  23.62,  23.86,  23.90,  23.19,  23.14,  22.95,  22.76,  22.64,  22.32,  22.52,  21.14,  21.16,  21.23,  21.31,  21.23,  21.24,  21.53,  21.52,  21.65,  21.77,  22.20,  22.87,  22.78,  22.78
19900806, 0600,  , SD, 37.1N,  33.5W,  25, 1010, -999, -999, -999, -999, -999, -999, -999, -999, -999, -999, -999, -999, -999,  24.50,  24.65,  24.69,  24.52,  23.85,  23.32,  23.26,  23.62,  23.86,  23.90,  23.19,  23.14,  22.95,  22.76,  22.64,  22.32,  22.52,  21.14,  21.16,  21.23,  21.31,  21.23,  21.24,  21.53,  21.52,  21.65,  21.77,  22.20,  22.87,  22.78,  22.78
19900806, 1200,  , SD, 37.2N,  33.5W,  25, 1010, -999, -999, -999, -999, -999, -999, -999, -999, -999, -999, -999, -999, -999,  24.62,  24.75,  24.81,  24.65,  24.00,  23.26,  23.22,  23.65,  23.95,  23.99,  23.21,  23.21,  22.95,  22.85,  22.80,  22.55,  22.81,  21.18,  21.13,  21.15,  21.08,  21.12,  21.14,  21.51,  21.51,  21.66,  21.82,  22.34,  23.09,  22.97,  22.87
19900806, 1800,  , TD, 37.5N,  33.5W,  25, 1010, -999, -999, -999, -999, -999, -999, -999, -999, -999, -999, -999, -999, -999,  24.62,  24.75,  24.81,  24.65,  24.00,  23.26,  23.22,  23.65,  23.95,  23.99,  23.21,  23.21,  22.95,  22.85,  22.80,  22.55,  22.81,  21.18,  21.13,  21.15,  21.08,  21.12,  21.14,  21.51,  21.51,  21.66,  21.82,  22.34,  23.09,  22.97,  22.87
19900807, 0000,  , TD, 37.5N,  33.7W,  25, 1010, -999, -999, -999, -999, -999, -999, -999, -999, -999, -999, -999, -999, -999,  24.91,  24.89,  24.74,  24.20,  23.35,  23.32,  23.80,  24.01,  24.03,  23.20,  23.18,  22.97,  22.91,  22.79,  22.59,  23.08,  21.33,  21.22,  21.21,  21.11,  21.21,  21.23,  21.60,  21.61,  21.69,  21.85,  22.41,  23.23,  23.04,  22.87,  22.78
19900807, 0600,  , TD, 37.4N,  33.9W,  25, 1008, -999, -999, -999, -999, -999, -999, -999, -999, -999, -999, -999, -999, -999,  24.98,  24.89,  24.78,  24.33,  23.46,  23.52,  23.95,  24.07,  24.09,  23.23,  23.18,  23.02,  22.98,  22.77,  22.59,  23.24,  21.45,  21.32,  21.31,  21.26,  21.39,  21.42,  21.76,  21.77,  21.78,  21.97,  22.54,  23.33,  23.15,  22.93,  22.85
19900807, 1200,  , TD, 37.1N,  34.2W,  25, 1008, -999, -999, -999, -999, -999, -999, -999, -999, -999, -999, -999, -999, -999,  25.01,  24.92,  24.78,  24.81,  24.26,  24.14,  24.26,  24.21,  24.20,  23.45,  23.42,  23.39,  23.23,  22.84,  22.68,  23.14,  21.51,  21.41,  21.44,  21.58,  21.71,  21.82,  22.01,  22.10,  22.11,  22.31,  22.89,  23.55,  23.37,  23.09,  23.09
19900807, 1800,  , TD, 36.9N,  34.2W,  25, 1008, -999, -999, -999, -999, -999, -999, -999, -999, -999, -999, -999, -999, -999,  24.93,  24.91,  24.80,  25.03,  24.91,  24.62,  24.39,  24.27,  24.24,  23.61,  23.64,  23.66,  23.35,  22.90,  22.71,  22.93,  21.68,  21.63,  21.68,  21.99,  22.11,  22.20,  22.35,  22.50,  22.44,  22.62,  23.09,  23.62,  23.55,  23.33,  23.37
19900808, 0000,  , TD, 36.9N,  34.0W,  30, 1007, -999, -999, -999, -999, -999, -999, -999, -999, -999, -999, -999, -999, -999,  24.91,  24.80,  25.03,  24.91,  24.62,  24.39,  24.27,  24.24,  23.61,  23.64,  23.66,  23.35,  22.90,  22.71,  22.93,  21.68,  21.63,  21.68,  21.99,  22.11,  22.20,  22.35,  22.50,  22.44,  22.62,  23.09,  23.62,  23.55,  23.33,  23.37,  23.36
19900808, 0600,  , TD, 37.0N,  33.6W,  30, 1007, -999, -999, -999, -999, -999, -999, -999, -999, -999, -999, -999, -999, -999,  24.83,  24.64,  24.15,  23.59,  23.47,  23.82,  23.97,  23.98,  23.23,  23.19,  23.02,  22.90,  22.72,  22.39,  22.82,  21.28,  21.22,  21.26,  21.40,  21.38,  21.41,  21.67,  21.70,  21.76,  21.88,  22.35,  23.10,  22.97,  22.89,  22.86,  22.80
19900808, 1200,  , TD, 37.1N,  33.0W,  30, 1007, -999, -999, -999, -999, -999, -999, -999, -999, -999, -999, -999, -999, -999,  24.49,  24.39,  23.64,  23.24,  23.14,  23.53,  23.84,  23.88,  23.23,  23.14,  22.81,  22.54,  22.39,  22.08,  22.31,  21.14,  21.25,  21.36,  21.44,  21.43,  21.46,  21.73,  21.67,  21.76,  21.89,  22.20,  22.57,  22.56,  22.70,  22.77,  22.80
19900808, 1800,  , TS, 37.4N,  32.0W,  35, 1005, -999, -999, -999, -999, -999, -999, -999, -999, -999, -999, -999, -999, -999,  24.35,  24.33,  23.55,  23.15,  23.01,  23.40,  23.64,  23.61,  23.12,  23.11,  22.70,  22.75,  22.59,  22.45,  22.43,  21.36,  21.48,  21.66,  21.74,  21.75,  21.76,  21.90,  21.86,  21.96,  22.09,  22.37,  22.58,  22.60,  22.69,  22.77,  22.88
19900809, 0000,  , TS, 37.8N,  30.8W,  35, 1004, -999, -999, -999, -999, -999, -999, -999, -999, -999, -999, -999, -999, -999,  23.32,  22.66,  22.58,  22.50,  22.78,  22.82,  22.47,  22.33,  22.17,  21.81,  21.46,  21.41,  21.79,  22.07,  21.81,  21.89,  21.80,  21.63,  21.67,  21.75,  21.89,  22.01,  22.23,  22.31,  22.38,  22.41,  22.89,  22.89,  22.86,  22.84,  22.84
19900809, 0600,  , TS, 38.5N,  29.6W,  40, 1003, -999, -999, -999, -999, -999, -999, -999, -999, -999, -999, -999, -999, -999,  23.00,  22.49,  23.06,  22.52,  22.20,  22.40,  22.34,  22.22,  21.93,  21.52,  21.23,  21.18,  21.02,  21.11,  21.10,  20.65,  20.60,  20.80,  21.19,  21.13,  21.50,  21.85,  22.33,  22.59,  22.23,  22.43,  23.00,  23.15,  23.13,  22.79,  22.44
19900809, 1200,  , TS, 39.2N,  28.6W,  35, 1005, -999, -999, -999, -999, -999, -999, -999, -999, -999, -999, -999, -999, -999,  23.26,  22.76,  23.04,  22.48,  22.24,  22.51,  22.59,  22.31,  22.00,  21.58,  21.36,  21.33,  20.95,  20.94,  21.07,  21.17,  20.81,  20.60,  20.85,  20.84,  21.28,  21.67,  21.96,  22.62,  22.53,  22.50,  22.65,  22.99,  23.11,  23.20,  22.95
19900809, 1800,  , TS, 39.6N,  28.1W,  35, 1006, -999, -999, -999, -999, -999, -999, -999, -999, -999, -999, -999, -999, -999,  22.91,  22.79,  22.83,  22.37,  22.13,  22.47,  22.56,  22.39,  22.26,  22.15,  21.27,  21.11,  21.10,  21.50,  21.66,  21.77,  21.50,  20.84,  20.73,  20.71,  21.18,  21.80,  21.98,  22.37,  22.41,  22.21,  22.32,  22.66,  22.93,  23.14,  23.06
19900810, 0000,  , TS, 39.7N,  27.7W,  35, 1006, -999, -999, -999, -999, -999, -999, -999, -999, -999, -999, -999, -999, -999,  22.40,  22.51,  22.18,  21.90,  22.25,  22.32,  22.21,  22.12,  22.08,  20.97,  20.79,  20.97,  21.45,  21.55,  21.37,  21.13,  20.84,  20.66,  20.70,  21.31,  21.82,  21.99,  22.27,  22.35,  22.20,  22.43,  22.69,  22.84,  22.97,  22.79,  22.19
19900810, 0600,  , TS, 39.6N,  27.1W,  35, 1007, -999, -999, -999, -999, -999, -999, -999, -999, -999, -999, -999, -999, -999,  22.38,  22.49,  22.39,  21.91,  22.36,  22.41,  22.15,  21.98,  21.95,  21.07,  20.93,  21.06,  21.46,  21.56,  21.52,  21.33,  21.28,  21.32,  21.28,  21.66,  21.92,  22.01,  22.39,  22.66,  22.57,  22.61,  22.72,  22.81,  22.80,  22.59,  22.09
19900810, 1200,  , TD, 39.3N,  26.1W,  30, 1009, -999, -999, -999, -999, -999, -999, -999, -999, -999, -999, -999, -999, -999,  22.38,  22.57,  22.26,  22.35,  22.61,  22.49,  22.48,  21.96,  21.46,  21.04,  21.23,  21.49,  21.91,  21.90,  21.82,  21.59,  21.75,  21.80,  21.69,  22.00,  22.24,  22.14,  22.39,  22.76,  22.84,  22.51,  22.62,  22.80,  22.86,  22.62,  22.49
19900810, 1800,  , TD, 39.1N,  25.0W,  30, 1010, -999, -999, -999, -999, -999, -999, -999, -999, -999, -999, -999, -999, -999,  22.35,  22.59,  22.25,  22.22,  22.47,  22.26,  22.24,  21.94,  21.26,  21.35,  21.54,  21.75,  22.24,  22.36,  22.34,  21.64,  21.63,  21.77,  21.89,  22.24,  22.38,  22.09,  22.22,  22.75,  22.73,  22.42,  22.57,  22.86,  23.26,  22.40,  22.51
19900811, 0000,  , TD, 39.0N,  23.8W,  30, 1010, -999, -999, -999, -999, -999, -999, -999, -999, -999, -999, -999, -999, -999,  22.05,  21.97,  22.01,  22.21,  22.12,  22.17,  22.21,  21.50,  21.60,  21.67,  21.73,  22.09,  22.47,  22.55,  21.78,  21.31,  21.36,  21.49,  21.52,  21.50,  21.35,  21.44,  21.92,  21.96,  21.95,  21.96,  22.02,  22.31,  21.93,  22.15,  22.18
19900811, 0600,  , TD, 39.0N,  22.9W,  30, 1010, -999, -999, -999, -999, -999, -999, -999, -999, -999, -999, -999, -999, -999,  22.10,  21.88,  21.92,  22.87,  22.27,  22.10,  22.14,  21.14,  20.97,  21.09,  21.40,  21.57,  21.90,  22.03,  21.85,  21.67,  21.32,  21.22,  21.33,  21.64,  21.69,  21.76,  21.94,  22.25,  22.29,  22.19,  22.16,  22.03,  21.82,  22.15,  22.03
19900811, 1200,  , EX, 39.1N,  22.0W,  30, 1010, -999, -999, -999, -999, -999, -999, -999, -999, -999, -999, -999, -999, -999,  21.75,  21.64,  21.65,  22.49,  22.12,  22.00,  22.01,  21.58,  21.11,  21.31,  21.49,  21.50,  21.55,  22.51,  22.31,  22.23,  21.91,  21.71,  21.70,  21.85,  21.91,  21.86,  21.89,  22.15,  22.10,  21.89,  21.80,  21.75,  21.83,  22.04,  22.00
19900811, 1800,  , EX, 39.0N,  21.2W,  30, 1010, -999, -999, -999, -999, -999, -999, -999, -999, -999, -999, -999, -999, -999,  21.64,  21.54,  21.64,  22.17,  22.09,  22.05,  22.05,  22.09,  21.63,  21.35,  21.24,  21.22,  20.76,  22.31,  22.28,  22.29,  22.03,  21.82,  21.81,  22.01,  22.05,  21.96,  22.03,  22.09,  22.01,  21.86,  21.78,  21.82,  22.01,  22.09,  22.18
19900812, 0000,  , EX, 38.9N,  20.5W,  30, 1010, -999, -999, -999, -999, -999, -999, -999, -999, -999, -999, -999, -999, -999,  21.62,  21.74,  21.72,  21.92,  22.06,  22.08,  22.10,  22.17,  22.08,  21.59,  21.47,  21.06,  22.84,  22.83,  22.70,  22.47,  22.62,  22.62,  22.67,  22.61,  22.39,  22.37,  22.25,  22.22,  22.12,  22.13,  22.52,  22.61,  22.43,  22.49,  22.62
19900812, 0600,  , EX, 38.8N,  19.9W,  30, 1010, -999, -999, -999, -999, -999, -999, -999, -999, -999, -999, -999, -999, -999,  21.44,  21.52,  21.57,  21.85,  22.04,  22.15,  22.06,  22.23,  22.42,  22.20,  21.98,  21.63,  23.02,  22.95,  22.63,  22.49,  22.91,  23.00,  23.18,  23.11,  22.91,  22.86,  22.54,  22.83,  22.88,  22.63,  22.96,  22.83,  22.62,  22.72,  22.92
19900812, 1200,  , EX, 38.5N,  19.3W,  30, 1010, -999, -999, -999, -999, -999, -999, -999, -999, -999, -999, -999, -999, -999,  21.49,  21.54,  21.71,  21.88,  21.97,  22.22,  22.16,  22.28,  22.57,  22.54,  22.13,  21.73,  22.95,  23.02,  22.80,  22.66,  22.93,  23.01,  23.18,  23.14,  22.75,  22.67,  22.20,  22.65,  22.70,  22.48,  22.94,  22.90,  22.75,  22.79,  23.01
19900812, 1800,  , EX, 38.1N,  18.5W,  25, 1011, -999, -999, -999, -999, -999, -999, -999, -999, -999, -999, -999, -999, -999,  21.42,  21.65,  22.30,  22.10,  21.97,  22.12,  22.14,  22.35,  21.92,  21.57,  21.36,  21.30,  22.84,  23.28,  23.24,  23.05,  23.05,  23.01,  23.09,  22.99,  22.91,  23.23,  22.57,  22.70,  22.72,  22.56,  23.04,  22.84,  22.95,  23.35,  23.70
19900813, 0000,  , EX, 37.7N,  17.8W,  20, 1012, -999, -999, -999, -999, -999, -999, -999, -999, -999, -999, -999, -999, -999,  21.64,  22.39,  22.34,  22.37,  22.37,  22.34,  22.15,  20.86,  20.92,  21.51,  21.68,  22.38,  23.35,  23.46,  23.28,  23.25,  23.07,  23.11,  23.14,  23.11,  23.21,  22.58,  22.53,  22.55,  22.65,  23.25,  23.26,  23.01,  22.74,  23.27,  22.93
19900813, 0600,  , EX, 37.6N,  17.1W,  20, 1012, -999, -999, -999, -999, -999, -999, -999, -999, -999, -999, -999, -999, -999,  21.46,  21.84,  22.17,  22.80,  22.69,  22.54,  22.32,  20.97,  21.29,  21.71,  22.06,  22.34,  22.92,  23.18,  23.32,  22.96,  22.77,  22.88,  22.94,  23.07,  23.00,  22.48,  22.36,  22.22,  22.24,  22.71,  23.18,  23.13,  22.65,  22.99,  22.80
19900813, 1200,  , EX, 38.0N,  16.6W,  20, 1014, -999, -999, -999, -999, -999, -999, -999, -999, -999, -999, -999, -999, -999,  21.30,  21.50,  21.86,  22.34,  22.50,  22.46,  22.35,  21.43,  21.59,  21.84,  22.10,  22.10,  22.45,  22.78,  22.97,  22.93,  22.84,  23.01,  23.04,  22.98,  22.96,  22.51,  22.38,  22.00,  21.94,  22.23,  22.74,  22.77,  22.47,  22.79,  22.67
