AL061985,            UNNAMED,     21,
19850908, 1200,  , TD, 20.0N,  27.0W,  25, -999, -999, -999, -999, -999, -999, -999, -999, -999, -999, -999, -999, -999, -999,  25.96,  26.03,  25.55,  25.31,  25.08,  25.04,  25.22,  25.89,  25.84,  25.71,  25.69,  24.77,  24.68,  25.16,  25.56,  25.91,  25.96,  26.05,  26.68,  26.02,  25.26,  25.41,  25.64,  25.67,  25.67,  25.53,  25.19,  25.53,  26.42,  26.54,  25.23
19850908, 1800,  , TD, 20.5N,  28.0W,  25, -999, -999, -999, -999, -999, -999, -999, -999, -999, -999, -999, -999, -999, -999,  25.95,  26.13,  26.07,  25.66,  25.13,  24.91,  25.07,  25.84,  25.53,  25.35,  25.40,  24.28,  24.43,  24.99,  25.41,  25.77,  26.04,  26.49,  26.64,  26.68,  25.26,  25.25,  25.48,  25.37,  25.30,  25.20,  25.21,  26.62,  26.66,  26.55,  24.93
19850909, 0000,  , TD, 20.8N,  28.8W,  25, -999, -999, -999, -999, -999, -999, -999, -999, -999, -999, -999, -999, -999, -999,  25.67,  25.77,  25.92,  25.42,  25.09,  25.16,  25.89,  26.16,  26.16,  25.30,  24.72,  24.67,  25.24,  24.90,  25.20,  25.54,  25.97,  26.23,  26.19,  25.26,  25.44,  25.45,  25.41,  25.44,  25.41,  25.42,  26.27,  26.20,  27.14,  26.37,  25.35
19850909, 0600,  , TD, 21.0N,  29.5W,  30, -999, -999, -999, -999, -999, -999, -999, -999, -999, -999, -999, -999, -999, -999,  25.73,  25.82,  26.07,  25.58,  25.23,  25.10,  25.59,  25.28,  25.15,  24.25,  24.46,  24.48,  25.11,  25.00,  24.95,  25.43,  26.24,  26.32,  26.32,  25.63,  25.50,  25.48,  25.42,  25.76,  25.89,  25.88,  25.87,  25.83,  26.78,  26.75,  25.24
19850909, 1200,  , TD, 21.1N,  30.5W,  30, -999, -999, -999, -999, -999, -999, -999, -999, -999, -999, -999, -999, -999, -999,  25.46,  25.61,  25.81,  25.50,  25.30,  24.94,  25.28,  25.07,  25.00,  24.13,  25.32,  25.64,  25.60,  25.21,  24.86,  25.05,  26.13,  26.18,  25.38,  25.41,  25.51,  25.40,  25.40,  25.69,  25.83,  25.83,  25.80,  25.74,  26.72,  26.86,  25.97
19850909, 1800,  , TD, 21.3N,  32.0W,  30, -999, -999, -999, -999, -999, -999, -999, -999, -999, -999, -999, -999, -999, -999,  24.83,  25.71,  25.84,  25.71,  25.32,  24.68,  24.59,  24.55,  24.55,  24.50,  25.12,  25.07,  25.20,  25.08,  24.94,  24.98,  25.24,  25.24,  25.23,  25.55,  25.56,  25.46,  25.29,  25.16,  25.11,  25.12,  25.16,  26.98,  26.98,  26.81,  26.57
19850910, 0000,  , TD, 21.8N,  33.8W,  30, -999, -999, -999, -999, -999, -999, -999, -999, -999, -999, -999, -999, -999, -999,  25.61,  25.74,  25.63,  25.41,  25.05,  24.96,  25.08,  25.42,  25.48,  24.90,  24.88,  25.05,  25.10,  25.30,  25.43,  25.40,  26.37,  26.28,  25.75,  25.78,  25.63,  25.18,  25.45,  25.53,  25.67,  25.70,  27.26,  27.33,  27.59,  27.66,  25.66
19850910, 0600,  , TD, 22.0N,  35.2W,  30, -999, -999, -999, -999, -999, -999, -999, -999, -999, -999, -999, -999, -999, -999,  26.02,  26.12,  25.86,  25.45,  25.38,  25.42,  25.41,  25.61,  26.32,  25.38,  24.84,  24.70,  24.91,  25.02,  25.34,  25.80,  26.55,  26.57,  26.28,  26.22,  26.11,  25.52,  25.64,  25.63,  25.64,  25.26,  25.53,  26.54,  26.66,  26.71,  26.06
19850910, 1200,  , TD, 22.5N,  37.0W,  30, -999, -999, -999, -999, -999, -999, -999, -999, -999, -999, -999, -999, -999, -999,  25.99,  26.13,  25.81,  25.77,  25.76,  25.65,  25.76,  25.78,  25.79,  25.20,  25.00,  24.95,  25.21,  25.22,  25.25,  26.04,  26.18,  26.30,  26.54,  26.46,  26.43,  26.09,  25.98,  26.00,  26.08,  25.39,  25.49,  25.91,  26.00,  26.04,  26.04
19850910, 1800,  , TD, 23.2N,  38.0W,  30, -999, -999, -999, -999, -999, -999, -999, -999, -999, -999, -999, -999, -999, -999,  25.98,  25.89,  25.74,  25.90,  25.92,  25.11,  25.43,  25.82,  25.89,  25.40,  25.01,  25.05,  24.76,  24.72,  24.79,  25.66,  25.77,  26.02,  26.22,  26.32,  26.36,  26.17,  26.19,  26.19,  26.26,  25.53,  25.46,  25.73,  26.75,  26.86,  26.83
19850911, 0000,  , TD, 24.0N,  39.0W,  30, -999, -999, -999, -999, -999, -999, -999, -999, -999, -999, -999, -999, -999, -999,  26.16,  25.89,  26.03,  26.12,  25.20,  25.73,  26.03,  26.18,  25.89,  25.29,  25.31,  25.02,  25.04,  25.18,  25.81,  25.85,  26.19,  26.29,  26.42,  26.62,  26.79,  26.83,  26.80,  26.84,  25.62,  25.57,  25.86,  26.99,  27.52,  27.83,  26.88
19850911, 0600,  , TD, 25.0N,  40.0W,  30, -999, -999, -999, -999, -999, -999, -999, -999, -999, -999, -999, -999, -999, -999,  26.45,  26.36,  26.35,  26.37,  25.46,  26.20,  26.30,  26.40,  26.25,  25.72,  25.57,  25.38,  25.38,  25.57,  26.02,  26.09,  26.42,  26.45,  26.79,  27.04,  27.14,  27.14,  27.11,  27.12,  25.74,  25.98,  26.53,  27.07,  27.33,  27.43,  27.63
19850911, 1200,  , TD, 25.8N,  41.1W,  30, -999, -999, -999, -999, -999, -999, -999, -999, -999, -999, -999, -999, -999, -999,  27.38,  27.44,  27.44,  27.39,  25.92,  26.00,  26.58,  26.78,  26.64,  26.40,  25.77,  25.63,  26.18,  26.34,  26.71,  26.72,  26.54,  26.50,  26.72,  27.04,  27.07,  27.05,  27.04,  25.98,  25.05,  25.61,  25.81,  26.86,  27.57,  27.77,  27.62
19850911, 1800,  , TD, 26.5N,  42.0W,  30, -999, -999, -999, -999, -999, -999, -999, -999, -999, -999, -999, -999, -999, -999,  26.73,  26.68,  26.93,  26.10,  26.01,  26.34,  26.59,  26.84,  26.77,  26.81,  26.34,  26.05,  26.65,  26.34,  26.34,  26.47,  26.47,  26.59,  26.88,  27.16,  27.27,  27.17,  27.00,  25.94,  25.65,  26.05,  26.87,  27.21,  27.39,  27.37,  27.35
19850912, 0000,  , TD, 27.3N,  43.4W,  30, -999, -999, -999, -999, -999, -999, -999, -999, -999, -999, -999, -999, -999, -999,  26.32,  27.19,  25.58,  25.50,  26.31,  26.81,  26.91,  26.91,  27.18,  27.27,  27.18,  27.11,  26.36,  26.44,  26.65,  26.57,  26.78,  26.71,  26.65,  26.68,  26.64,  25.18,  25.67,  25.91,  25.99,  26.96,  27.21,  27.05,  26.97,  26.76,  26.67
19850912, 0600,  , TD, 28.2N,  44.8W,  30, -999, -999, -999, -999, -999, -999, -999, -999, -999, -999, -999, -999, -999, -999,  25.44,  26.49,  26.65,  26.65,  26.84,  27.25,  27.11,  27.06,  27.09,  26.82,  26.73,  26.82,  26.76,  26.31,  26.42,  26.44,  26.55,  26.70,  26.78,  26.75,  26.76,  26.77,  26.29,  25.91,  26.35,  26.41,  26.91,  27.03,  26.75,  26.55,  26.45
19850912, 1200,  , TD, 29.0N,  46.0W,  25, -999, -999, -999, -999, -999, -999, -999, -999, -999, -999, -999, -999, -999, -999,  26.27,  26.99,  26.94,  27.03,  27.18,  27.27,  27.03,  27.04,  27.13,  26.91,  26.87,  26.55,  26.52,  26.68,  26.94,  26.68,  26.68,  26.69,  26.65,  26.75,  26.36,  26.33,  26.31,  26.13,  26.68,  26.76,  26.95,  27.00,  27.00,  26.53,  26.38
19850912, 1800,  , TD, 30.0N,  47.0W,  25, -999, -999, -999, -999, -999, -999, -999, -999, -999, -999, -999, -999, -999, -999,  26.47,  26.67,  26.66,  26.87,  27.16,  27.30,  27.11,  26.87,  26.87,  26.91,  27.40,  27.44,  27.21,  27.36,  27.55,  27.24,  26.89,  26.83,  26.93,  26.79,  26.53,  26.22,  26.61,  26.82,  27.02,  27.05,  26.87,  26.67,  26.74,  26.39,  26.44
19850913, 0000,  , TD, 30.8N,  49.0W,  25, -999, -999, -999, -999, -999, -999, -999, -999, -999, -999, -999, -999, -999, -999,  26.86,  26.77,  26.56,  26.70,  26.86,  26.92,  26.93,  26.83,  26.64,  26.54,  26.51,  26.50,  26.93,  27.20,  27.16,  26.84,  26.69,  26.66,  26.76,  26.78,  26.72,  26.63,  26.33,  26.22,  26.88,  26.98,  26.92,  26.51,  26.41,  26.15,  26.10
19850913, 0600,  , TD, 31.2N,  50.2W,  20, -999, -999, -999, -999, -999, -999, -999, -999, -999, -999, -999, -999, -999, -999,  26.76,  26.67,  26.81,  26.74,  26.91,  26.98,  26.93,  26.81,  26.45,  26.46,  26.43,  26.46,  26.86,  26.89,  27.06,  27.14,  27.32,  26.82,  26.74,  26.65,  26.07,  25.92,  26.07,  26.24,  26.89,  27.15,  27.04,  26.41,  26.22,  25.87,  25.59
19850913, 1200,  , TD, 32.0N,  52.0W,  20, -999, -999, -999, -999, -999, -999, -999, -999, -999, -999, -999, -999, -999, -999,  26.38,  26.23,  26.56,  26.47,  26.50,  26.39,  26.58,  26.59,  26.49,  26.17,  26.17,  26.27,  26.72,  27.11,  27.22,  27.23,  26.59,  26.55,  26.57,  26.46,  26.17,  26.17,  26.25,  26.64,  26.70,  26.20,  26.22,  25.99,  26.00,  26.05,  25.79
