AL062018,           FLORENCE,     79,
20180830, 0600,  , LO, 12.8N,  16.9W,  20, 1008,    0,    0,    0,    0,    0,    0,    0,    0,    0,    0,    0,    0, -999,  27.79,  27.43,  27.19,  27.38,  28.08,  28.19,  28.10,  28.25,  28.52,  28.70,  28.77,  28.66,  28.34,  28.51,  28.53,  28.36,  27.64,  27.68,  27.64,  27.55,  27.54,  27.56,  27.41,  27.41,  27.41,  25.75,  25.47,  25.58,  27.37,  27.56,  27.23
20180830, 1200,  , LO, 12.8N,  17.9W,  25, 1007,    0,    0,    0,    0,    0,    0,    0,    0,    0,    0,    0,    0, -999,  26.87,  26.81,  26.78,  26.80,  27.36,  27.36,  27.31,  27.74,  28.03,  28.02,  27.91,  27.77,  27.55,  27.80,  28.04,  27.96,  26.99,  27.04,  26.97,  27.16,  27.22,  27.19,  26.91,  26.94,  26.97,  25.57,  25.66,  25.82,  26.42,  26.53,  26.55
20180830, 1800,  , LO, 12.8N,  19.0W,  25, 1007,    0,    0,    0,    0,    0,    0,    0,    0,    0,    0,    0,    0, -999,  27.23,  27.25,  27.21,  27.12,  27.49,  27.64,  27.66,  27.83,  27.93,  28.11,  28.04,  28.04,  28.03,  28.06,  28.08,  28.11,  26.98,  26.88,  26.89,  26.97,  26.98,  26.79,  26.65,  26.71,  26.77,  25.35,  25.41,  25.43,  25.86,  26.00,  26.20
20180831, 0000,  , LO, 13.1N,  20.2W,  30, 1006,    0,    0,    0,    0,    0,    0,    0,    0,    0,    0,    0,    0, -999,  27.68,  27.59,  27.56,  27.62,  27.66,  27.70,  27.75,  27.63,  27.84,  28.44,  28.46,  28.46,  28.04,  27.41,  27.23,  26.49,  26.54,  26.63,  26.68,  26.79,  26.78,  26.76,  26.91,  26.95,  25.21,  25.12,  24.90,  25.15,  25.67,  25.90,  25.96
20180831, 0600,  , LO, 13.4N,  21.4W,  30, 1006,    0,    0,    0,    0,    0,    0,    0,    0,    0,    0,    0,    0, -999,  27.45,  27.54,  27.50,  27.10,  27.03,  27.46,  27.46,  27.31,  27.91,  28.24,  28.38,  28.22,  28.00,  27.82,  27.80,  27.09,  27.21,  27.19,  26.93,  26.96,  27.01,  27.03,  26.97,  26.99,  25.09,  25.19,  25.11,  24.93,  25.40,  25.86,  25.81
20180831, 1200,  , LO, 13.6N,  22.6W,  30, 1006,    0,    0,    0,    0,    0,    0,    0,    0,    0,    0,    0,    0, -999,  27.08,  27.21,  27.03,  26.80,  26.73,  27.11,  27.44,  27.52,  27.90,  27.89,  27.85,  27.98,  28.02,  28.05,  28.15,  27.29,  27.29,  26.91,  26.86,  27.02,  26.99,  26.94,  26.74,  26.75,  24.46,  24.24,  24.36,  24.50,  24.61,  25.12,  25.07
20180831, 1800,  , TD, 13.8N,  23.8W,  30, 1006,    0,    0,    0,    0,    0,    0,    0,    0,    0,    0,    0,    0, -999,  27.11,  27.30,  27.06,  26.63,  26.44,  26.93,  27.10,  27.09,  27.33,  27.58,  27.57,  27.70,  27.93,  27.94,  27.95,  27.36,  27.13,  27.04,  26.82,  27.16,  27.20,  27.24,  27.24,  27.25,  25.43,  24.63,  24.65,  24.55,  25.29,  25.32,  25.18
20180901, 0000,  , TD, 14.0N,  24.9W,  30, 1006,    0,    0,    0,    0,    0,    0,    0,    0,    0,    0,    0,    0, -999,  27.59,  27.27,  26.92,  27.23,  27.51,  27.50,  27.52,  27.95,  28.16,  27.95,  27.73,  28.17,  28.29,  28.32,  28.02,  27.52,  27.13,  26.74,  27.11,  27.30,  27.22,  27.17,  26.91,  26.85,  24.97,  24.70,  24.68,  24.79,  25.12,  25.01,  24.96
20180901, 0600,  , TS, 14.3N,  26.1W,  35, 1005,   30,   30,    0,   30,    0,    0,    0,    0,    0,    0,    0,    0, -999,  27.09,  26.83,  26.63,  26.90,  27.05,  26.90,  26.96,  27.34,  27.54,  27.24,  26.93,  27.48,  27.53,  27.44,  27.44,  27.04,  26.83,  26.33,  26.34,  26.13,  26.04,  26.46,  26.71,  26.72,  25.98,  26.04,  25.94,  25.92,  26.12,  25.81,  25.88
20180901, 1200,  , TS, 14.8N,  27.2W,  35, 1004,   30,   30,    0,   30,    0,    0,    0,    0,    0,    0,    0,    0, -999,  26.90,  26.61,  26.26,  26.54,  26.64,  26.59,  26.68,  27.15,  27.27,  26.87,  26.87,  27.31,  27.30,  27.26,  27.26,  27.26,  27.14,  25.83,  25.92,  26.02,  25.88,  26.65,  26.85,  26.86,  25.87,  25.71,  25.87,  26.03,  25.88,  25.57,  25.68
20180901, 1800,  , TS, 15.4N,  28.3W,  40, 1002,   40,   40,   20,   40,    0,    0,    0,    0,    0,    0,    0,    0, -999,  26.83,  26.73,  26.58,  26.61,  26.65,  26.85,  26.94,  26.74,  26.90,  26.43,  27.01,  27.16,  27.17,  27.18,  27.18,  27.44,  26.70,  25.63,  25.62,  25.68,  26.04,  26.56,  26.56,  26.51,  25.55,  25.43,  25.56,  25.84,  25.98,  25.59,  25.58
20180902, 0000,  , TS, 15.9N,  29.6W,  45, 1000,   40,   40,   20,   40,    0,    0,    0,    0,    0,    0,    0,    0, -999,  25.85,  25.73,  25.76,  25.67,  25.95,  26.19,  25.85,  25.95,  25.74,  25.85,  26.18,  26.41,  26.42,  26.46,  26.73,  26.40,  25.80,  25.74,  25.74,  26.24,  26.29,  26.22,  26.11,  25.72,  25.61,  25.85,  26.09,  26.12,  25.56,  25.39,  25.82
20180902, 0600,  , TS, 16.4N,  30.9W,  50,  999,   40,   40,   20,   40,   20,    0,    0,   20,    0,    0,    0,    0, -999,  26.13,  26.24,  26.31,  26.07,  26.35,  26.34,  26.08,  26.05,  25.92,  26.22,  26.00,  26.36,  26.42,  26.44,  26.35,  25.88,  25.86,  25.82,  25.57,  26.01,  26.18,  26.21,  25.63,  25.50,  25.09,  25.17,  25.97,  25.98,  25.46,  25.18,  25.74
20180902, 1200,  , TS, 16.8N,  32.4W,  50,  998,   50,   40,   20,   50,   20,    0,    0,   20,    0,    0,    0,    0, -999,  25.58,  25.85,  26.06,  25.76,  25.99,  26.00,  25.83,  25.76,  25.68,  26.01,  26.41,  26.49,  26.46,  26.22,  26.14,  25.84,  25.90,  26.03,  26.00,  25.93,  25.88,  25.56,  24.87,  24.88,  25.18,  25.42,  25.99,  26.03,  25.85,  25.75,  25.79
20180902, 1800,  , TS, 17.1N,  33.8W,  50,  998,   50,   40,   20,   50,   20,    0,    0,   20,    0,    0,    0,    0, -999,  25.78,  26.15,  26.21,  26.18,  26.01,  25.90,  25.83,  25.39,  25.52,  25.78,  26.05,  26.08,  26.17,  25.84,  25.79,  25.85,  25.89,  25.63,  25.67,  25.65,  25.65,  24.97,  24.60,  24.85,  24.50,  24.37,  25.14,  24.94,  25.13,  25.19,  25.36
20180903, 0000,  , TS, 17.6N,  35.2W,  50,  997,   50,   40,   20,   50,   20,    0,    0,   20,    0,    0,    0,    0, -999,  26.05,  26.08,  26.04,  26.04,  25.89,  25.76,  25.41,  25.70,  25.85,  26.21,  26.43,  26.47,  26.34,  26.31,  26.18,  25.52,  25.34,  25.57,  25.65,  25.58,  25.36,  25.08,  25.42,  25.67,  26.06,  26.13,  26.18,  26.10,  25.65,  25.39,  25.80
20180903, 0600,  , TS, 17.9N,  36.6W,  50,  997,   50,   40,   20,   50,   20,   20,    0,   20,    0,    0,    0,    0, -999,  25.94,  25.95,  26.00,  26.10,  26.05,  25.92,  25.80,  25.91,  25.84,  26.22,  26.16,  25.85,  26.03,  25.98,  26.05,  25.65,  25.49,  25.72,  25.74,  25.59,  25.41,  25.27,  25.25,  25.61,  25.99,  25.91,  25.97,  26.00,  25.83,  25.73,  26.12
20180903, 1200,  , TS, 18.2N,  38.0W,  55,  996,   60,   50,   20,   60,   20,   20,    0,   20,    0,    0,    0,    0, -999,  25.79,  25.98,  26.07,  26.20,  26.08,  25.94,  25.83,  25.77,  25.54,  25.93,  26.07,  26.03,  25.93,  25.90,  25.94,  25.93,  25.86,  25.89,  25.87,  25.92,  25.85,  25.48,  25.53,  25.51,  26.31,  26.41,  26.52,  26.70,  26.44,  26.12,  26.63
20180903, 1800,  , TS, 18.4N,  39.2W,  60,  993,   60,   50,   30,   40,   20,   20,    0,   20,    0,    0,    0,    0, -999,  26.14,  26.21,  26.25,  26.35,  26.33,  26.27,  26.19,  25.95,  25.73,  25.94,  26.32,  26.36,  26.22,  25.71,  25.81,  25.84,  25.88,  25.89,  25.81,  25.97,  25.90,  25.91,  25.71,  25.35,  26.19,  26.64,  26.90,  26.99,  26.66,  26.16,  26.79
20180904, 0000,  , HU, 18.7N,  40.2W,  65,  990,   70,   60,   30,   70,   30,   20,    0,   30,   15,    0,    0,   15, -999,  26.31,  26.32,  26.34,  26.40,  26.28,  26.22,  25.76,  25.77,  26.11,  26.42,  26.47,  26.42,  26.11,  26.08,  26.06,  25.93,  25.89,  25.73,  26.08,  25.91,  26.05,  25.57,  25.31,  25.86,  26.55,  27.14,  27.15,  26.86,  26.52,  26.92,  27.04
20180904, 0600,  , HU, 19.1N,  41.2W,  65,  989,   70,   60,   40,   70,   30,   20,   20,   30,   15,    0,    0,   15, -999,  26.30,  26.31,  26.30,  26.43,  26.36,  26.28,  26.09,  26.26,  26.35,  26.55,  26.61,  26.26,  26.33,  26.19,  26.13,  25.86,  25.84,  25.89,  26.33,  26.16,  26.16,  25.94,  25.88,  26.14,  26.77,  27.32,  27.32,  27.05,  26.95,  27.13,  27.18
20180904, 1200,  , HU, 19.5N,  42.0W,  70,  986,   80,   60,   40,   80,   40,   30,   20,   40,   15,   10,   10,   15, -999,  26.38,  26.40,  26.40,  26.52,  26.65,  26.45,  26.18,  26.04,  26.24,  26.50,  26.55,  25.99,  26.20,  26.05,  26.12,  25.84,  25.71,  25.75,  26.20,  26.26,  26.26,  26.03,  26.07,  26.20,  26.78,  27.14,  27.18,  27.17,  27.12,  27.17,  27.26
20180904, 1800,  , HU, 20.0N,  42.7W,  75,  982,   80,   70,   50,   80,   40,   30,   20,   40,   15,   15,   10,   15, -999,  26.51,  26.52,  26.50,  26.59,  26.59,  26.40,  26.17,  25.87,  26.19,  26.48,  26.73,  26.30,  26.40,  26.43,  26.65,  26.31,  25.90,  25.84,  26.18,  26.34,  26.33,  25.89,  26.02,  26.10,  26.67,  27.18,  27.05,  27.18,  26.86,  27.08,  27.13
20180905, 0000,  , HU, 20.4N,  43.4W,  85,  975,   80,   70,   50,   80,   40,   30,   20,   40,   15,   15,   10,   15, -999,  26.61,  26.63,  26.72,  26.66,  26.55,  26.28,  26.21,  26.35,  26.41,  26.77,  26.59,  26.47,  26.54,  26.75,  26.76,  26.07,  26.10,  26.44,  26.63,  26.64,  26.39,  26.45,  26.41,  26.96,  27.50,  27.44,  27.63,  27.51,  27.44,  27.55,  27.68
20180905, 0600,  , HU, 21.1N,  44.3W,  95,  968,   90,   80,   50,   90,   40,   30,   20,   40,   15,   15,   10,   15, -999,  26.74,  26.76,  26.87,  26.74,  26.67,  26.47,  26.37,  26.51,  26.39,  26.89,  26.77,  26.50,  26.61,  26.47,  27.00,  26.99,  26.47,  26.28,  26.28,  26.28,  26.03,  26.10,  26.39,  26.67,  26.95,  27.01,  27.17,  27.24,  26.94,  27.29,  27.34
20180905, 1200,  , HU, 21.7N,  45.2W, 105,  960,   90,   80,   50,   90,   50,   30,   20,   50,   20,   15,   10,   20, -999,  26.95,  27.04,  27.06,  27.03,  26.98,  26.57,  26.46,  26.50,  26.46,  26.98,  26.80,  26.55,  26.67,  26.64,  26.61,  26.49,  26.31,  26.33,  26.37,  26.47,  26.33,  26.34,  26.56,  26.92,  26.96,  27.04,  27.30,  27.17,  27.14,  27.43,  27.45
20180905, 1800,  , HU, 22.4N,  46.2W, 115,  950,   90,   90,   50,   90,   50,   30,   20,   50,   20,   15,   10,   20, -999,  27.25,  27.30,  27.33,  27.37,  27.31,  27.09,  26.97,  27.00,  26.99,  27.24,  26.87,  26.72,  26.87,  26.96,  27.07,  26.84,  26.71,  26.62,  26.72,  26.99,  26.74,  26.16,  26.74,  27.35,  27.41,  27.42,  27.66,  27.54,  27.57,  27.84,  27.83
20180906, 0000,  , HU, 23.1N,  46.9W, 115,  950,   90,   90,   50,   90,   50,   30,   20,   50,   20,   15,   10,   20, -999,  27.36,  27.44,  27.39,  27.23,  27.16,  27.13,  27.15,  27.26,  27.36,  27.25,  26.97,  27.08,  27.04,  27.26,  26.93,  26.74,  26.68,  26.70,  26.68,  26.37,  25.91,  26.26,  27.12,  27.30,  27.39,  27.65,  27.61,  27.51,  27.83,  27.76,  27.71
20180906, 0600,  , HU, 23.8N,  47.6W, 105,  958,   90,   90,   50,   90,   50,   30,   20,   50,   20,   15,   10,   20, -999,  27.56,  27.60,  27.51,  27.39,  27.35,  27.26,  27.29,  27.32,  27.40,  27.37,  26.73,  27.36,  27.25,  27.38,  27.13,  26.99,  26.71,  26.43,  26.32,  25.97,  25.69,  25.73,  26.57,  26.85,  26.91,  27.19,  27.23,  27.20,  27.64,  27.62,  27.50
20180906, 1200,  , HU, 24.4N,  48.2W,  90,  970,   90,   90,   50,   90,   50,   30,   20,   40,   15,   15,   10,   15, -999,  27.72,  27.77,  27.66,  27.56,  27.51,  27.59,  27.55,  27.56,  27.65,  27.59,  26.78,  27.37,  27.56,  27.71,  27.50,  27.42,  27.10,  26.80,  26.56,  26.42,  25.93,  26.04,  26.77,  26.94,  27.09,  27.21,  27.30,  27.35,  27.70,  27.73,  27.59
20180906, 1800,  , HU, 24.8N,  49.0W,  75,  980,   90,   80,   40,   90,   50,   30,   20,   40,   15,   15,    0,   15, -999,  27.89,  27.97,  27.86,  27.84,  27.77,  28.00,  28.05,  27.99,  27.97,  27.94,  27.45,  27.43,  27.74,  27.85,  27.78,  27.71,  27.42,  27.33,  27.11,  26.99,  26.56,  26.44,  27.11,  27.17,  27.33,  27.47,  27.47,  27.41,  27.66,  27.75,  27.76
20180907, 0000,  , TS, 25.0N,  49.6W,  60,  990,  100,   70,   40,   90,   40,   30,   20,   40,    0,    0,    0,    0, -999,  27.95,  27.88,  27.83,  27.79,  27.96,  27.99,  27.93,  28.02,  28.03,  27.90,  27.59,  27.84,  27.87,  27.83,  27.83,  27.51,  27.36,  27.40,  27.31,  27.04,  26.78,  27.45,  27.50,  27.58,  27.74,  27.67,  27.84,  28.09,  28.05,  28.04,  28.18
20180907, 0600,  , TS, 25.0N,  50.3W,  55,  992,  100,   70,   40,  100,   40,   20,    0,   40,    0,    0,    0,    0, -999,  27.97,  27.90,  27.82,  27.72,  27.92,  27.96,  27.93,  28.04,  28.05,  27.82,  27.42,  27.66,  27.90,  27.85,  27.86,  27.80,  27.69,  27.73,  27.43,  27.07,  26.64,  27.46,  27.58,  27.74,  27.89,  27.66,  27.79,  28.00,  28.04,  28.06,  28.17
20180907, 1200,  , TS, 24.9N,  51.1W,  55,  993,  100,   70,   40,  100,   40,   20,    0,   40,    0,    0,    0,    0, -999,  28.03,  28.03,  27.95,  27.89,  28.06,  28.04,  28.01,  28.03,  28.05,  27.96,  27.63,  27.70,  28.14,  28.03,  28.05,  27.88,  27.50,  27.30,  27.24,  27.11,  26.58,  27.29,  27.31,  27.50,  27.60,  27.47,  27.47,  27.55,  27.73,  27.72,  27.83
20180907, 1800,  , TS, 24.8N,  52.0W,  55,  993,  100,   70,   40,  100,   30,   20,    0,   30,    0,    0,    0,    0, -999,  28.16,  28.28,  28.23,  28.25,  28.33,  28.26,  28.27,  28.25,  28.26,  28.26,  28.03,  27.94,  28.37,  28.33,  28.39,  28.13,  27.67,  27.35,  27.33,  26.86,  26.41,  27.16,  27.28,  27.49,  27.53,  27.54,  27.43,  27.53,  27.74,  27.75,  27.82
20180908, 0000,  , TS, 24.7N,  52.9W,  55,  993,  100,   70,   40,  100,   30,   20,    0,   30,    0,    0,    0,    0, -999,  28.27,  28.17,  28.17,  28.15,  28.07,  28.10,  28.03,  28.07,  28.12,  28.07,  27.91,  28.07,  28.10,  28.12,  28.05,  27.80,  27.64,  27.65,  27.27,  27.00,  27.58,  27.73,  27.80,  27.85,  27.84,  27.56,  27.51,  28.02,  28.00,  28.10,  27.73
20180908, 0600,  , TS, 24.6N,  53.6W,  55,  993,  100,   70,   40,  100,   30,   20,    0,   30,    0,    0,    0,    0, -999,  28.62,  28.64,  28.59,  28.51,  28.45,  28.45,  28.36,  28.43,  28.34,  28.09,  28.25,  28.07,  27.96,  27.87,  27.87,  27.81,  27.70,  27.93,  27.51,  27.34,  27.92,  28.12,  28.21,  28.23,  28.35,  28.29,  27.97,  28.33,  28.33,  28.43,  27.87
20180908, 1200,  , TS, 24.6N,  54.1W,  55,  992,  100,   70,   40,  100,   30,   20,    0,   30,    0,    0,    0,    0, -999,  28.51,  28.52,  28.42,  28.38,  28.34,  28.39,  28.33,  28.37,  28.30,  28.15,  28.22,  27.96,  27.87,  27.78,  27.85,  27.88,  27.48,  27.60,  27.26,  27.18,  27.74,  27.98,  28.19,  28.15,  28.32,  28.34,  28.07,  28.30,  28.39,  28.60,  28.06
20180908, 1800,  , TS, 24.6N,  54.5W,  60,  989,  100,   80,   40,  100,   30,   20,   10,   30,    0,    0,    0,    0, -999,  28.51,  28.45,  28.40,  28.39,  28.39,  28.43,  28.36,  28.41,  28.38,  28.32,  28.31,  27.98,  27.96,  27.91,  27.97,  28.09,  27.50,  27.22,  26.97,  26.83,  27.13,  27.41,  27.62,  27.59,  27.79,  27.87,  27.78,  27.91,  28.19,  28.37,  27.94
20180909, 0000,  , TS, 24.5N,  55.0W,  60,  989,  100,   80,   50,  100,   30,   20,   15,   30,    0,    0,    0,    0, -999,  28.50,  28.46,  28.45,  28.47,  28.55,  28.47,  28.52,  28.51,  28.52,  28.47,  28.17,  28.19,  28.15,  28.20,  28.27,  27.61,  26.98,  26.67,  26.52,  26.65,  27.07,  27.27,  27.32,  27.40,  27.45,  27.56,  27.69,  28.19,  28.20,  27.72,  27.68
20180909, 0600,  , TS, 24.4N,  55.5W,  60,  988,  100,   90,   50,  100,   30,   20,   15,   30,    0,    0,    0,    0, -999,  28.46,  28.36,  28.31,  28.28,  28.42,  28.40,  28.51,  28.45,  28.27,  28.21,  28.20,  28.23,  28.21,  28.21,  28.20,  27.70,  26.75,  26.74,  26.55,  26.51,  27.01,  27.37,  27.52,  27.69,  27.58,  27.82,  28.02,  28.51,  28.59,  28.07,  28.17
20180909, 1200,  , HU, 24.4N,  56.1W,  65,  984,  100,   90,   50,  100,   40,   30,   20,   40,   10,    0,    0,    0, -999,  28.41,  28.34,  28.32,  28.27,  28.38,  28.41,  28.52,  28.36,  28.20,  28.21,  28.28,  28.33,  28.30,  28.31,  28.36,  28.05,  27.11,  27.18,  27.07,  26.99,  27.43,  27.78,  27.91,  28.23,  28.18,  28.21,  28.31,  28.81,  28.70,  28.28,  28.42
20180909, 1800,  , HU, 24.4N,  56.7W,  70,  979,  110,  100,   50,  110,   40,   30,   20,   40,   15,   10,   10,   15, -999,  28.44,  28.39,  28.35,  28.29,  28.32,  28.40,  28.57,  28.34,  28.23,  28.27,  28.34,  28.42,  28.43,  28.42,  28.40,  28.39,  27.52,  27.59,  27.46,  27.33,  27.56,  28.20,  28.16,  28.36,  28.38,  28.13,  28.11,  28.67,  28.56,  28.40,  28.31
20180910, 0000,  , HU, 24.5N,  57.3W,  80,  973,  110,  100,   60,  110,   40,   30,   20,   40,   20,   15,   10,   20, -999,  28.50,  28.39,  28.35,  28.35,  28.48,  28.70,  28.55,  28.43,  28.50,  28.28,  28.41,  28.48,  28.34,  28.22,  28.20,  27.34,  27.13,  26.93,  26.71,  26.83,  27.51,  27.51,  27.73,  27.81,  27.52,  27.80,  28.60,  28.27,  28.32,  28.29,  28.22
20180910, 0600,  , HU, 24.7N,  58.4W,  90,  967,  110,  110,   60,  110,   40,   30,   20,   40,   20,   15,   10,   20, -999,  28.66,  28.60,  28.50,  28.46,  28.57,  28.76,  28.67,  28.61,  28.93,  28.72,  28.65,  28.64,  28.38,  28.29,  28.35,  27.42,  27.43,  27.39,  27.15,  27.27,  27.47,  27.93,  28.29,  28.27,  27.47,  27.90,  28.50,  28.29,  28.38,  28.10,  28.02
20180910, 1200,  , HU, 24.9N,  59.5W, 105,  954,  120,  110,   70,  120,   50,   40,   30,   50,   25,   20,   15,   25, -999,  28.68,  28.71,  28.68,  28.62,  28.74,  28.79,  28.72,  28.84,  28.83,  28.87,  28.99,  28.99,  28.74,  28.63,  28.70,  27.48,  27.38,  27.37,  27.30,  27.48,  27.95,  28.14,  28.07,  28.09,  27.71,  27.61,  27.99,  28.08,  28.29,  28.24,  28.04
20180910, 1800,  , HU, 25.2N,  60.6W, 120,  940,  120,  120,   80,  120,   60,   50,   40,   60,   30,   25,   20,   30, -999,  28.65,  28.79,  28.86,  28.66,  28.80,  28.88,  29.00,  28.98,  28.87,  28.91,  28.96,  29.07,  28.97,  29.02,  29.22,  28.56,  28.07,  27.87,  27.71,  27.69,  27.80,  27.99,  28.16,  28.13,  28.31,  28.14,  28.06,  28.30,  28.33,  28.36,  28.39
20180911, 0000,  , HU, 25.6N,  61.8W, 115,  944,  130,  130,   90,  130,   60,   60,   50,   60,   35,   30,   25,   35, -999,  28.69,  28.66,  28.60,  28.61,  28.78,  28.87,  28.92,  28.93,  28.89,  28.92,  29.06,  28.99,  29.08,  29.22,  29.20,  27.69,  27.61,  27.68,  27.93,  28.26,  28.24,  28.35,  28.45,  28.44,  28.15,  28.04,  28.37,  28.40,  28.36,  28.39,  28.34
20180911, 0600,  , HU, 26.0N,  63.2W, 115,  950,  130,  130,   90,  140,   60,   60,   50,   60,   35,   30,   25,   35, -999,  28.57,  28.59,  28.62,  28.64,  28.76,  28.86,  29.02,  29.05,  29.06,  29.07,  28.92,  29.03,  29.35,  29.20,  29.13,  28.39,  27.73,  27.74,  27.87,  28.03,  28.14,  28.21,  28.35,  28.43,  28.15,  28.05,  28.23,  28.06,  27.96,  27.87,  27.70
20180911, 1200,  , HU, 26.5N,  64.7W, 125,  947,  140,  130,   90,  120,   70,   60,   50,   70,   40,   35,   35,   40, -999,  28.62,  28.65,  28.68,  28.71,  28.83,  28.78,  28.79,  28.98,  29.02,  29.25,  29.12,  29.28,  29.52,  29.45,  29.31,  29.27,  27.62,  27.61,  27.47,  27.45,  27.42,  27.38,  27.33,  27.41,  27.64,  27.76,  27.74,  27.79,  27.80,  27.79,  27.74
20180911, 1800,  , HU, 27.2N,  66.4W, 130,  937,  150,  130,  100,  140,   80,   60,   50,   70,   50,   40,   40,   45, -999,  28.55,  28.53,  28.78,  28.82,  29.00,  28.71,  28.97,  29.14,  29.06,  29.02,  29.04,  29.28,  29.49,  29.52,  29.38,  29.33,  28.02,  28.08,  27.92,  28.04,  28.12,  28.09,  28.34,  28.48,  28.43,  28.44,  28.11,  27.90,  28.15,  28.30,  28.31
20180912, 0000,  , HU, 27.9N,  68.1W, 120,  943,  150,  130,  100,  140,   80,   60,   50,   70,   50,   45,   40,   45, -999,  28.78,  28.90,  28.98,  29.09,  28.95,  29.08,  29.39,  29.41,  29.41,  29.40,  29.47,  29.55,  29.45,  29.50,  29.54,  28.43,  28.29,  28.07,  28.11,  28.17,  28.16,  28.38,  28.77,  28.61,  28.27,  27.99,  27.92,  28.12,  28.20,  28.38,  28.31
20180912, 0600,  , HU, 28.7N,  69.5W, 115,  945,  150,  140,  110,  140,   80,   65,   60,   70,   60,   50,   40,   50, -999,  28.86,  28.86,  29.18,  29.25,  29.32,  29.44,  29.34,  29.37,  29.49,  29.45,  29.56,  29.62,  29.53,  29.51,  29.51,  29.40,  27.31,  26.93,  26.87,  27.47,  27.73,  28.08,  28.50,  28.27,  27.85,  27.76,  27.27,  27.54,  27.83,  28.04,  28.19
20180912, 1200,  , HU, 29.4N,  70.7W, 115,  945,  150,  140,  110,  130,   90,   80,   60,   70,   60,   60,   40,   50, -999,  29.21,  29.16,  29.33,  29.51,  29.42,  29.53,  29.50,  29.36,  29.43,  29.45,  29.42,  29.34,  29.41,  29.39,  29.56,  29.18,  27.08,  27.28,  27.51,  27.37,  27.23,  27.44,  27.52,  27.43,  27.40,  27.55,  27.08,  27.08,  27.66,  28.16,  28.41
20180912, 1800,  , HU, 30.4N,  71.9W, 110,  949,  170,  140,  110,  140,   90,   80,   60,   70,   60,   60,   40,   50, -999,  29.04,  28.95,  29.04,  29.32,  29.29,  29.29,  29.12,  29.16,  29.15,  29.11,  29.06,  29.02,  28.93,  29.00,  29.16,  29.06,  27.87,  27.76,  27.82,  27.24,  27.33,  27.64,  27.84,  28.00,  27.77,  27.76,  27.74,  27.75,  27.73,  28.03,  28.20
20180913, 0000,  , HU, 31.5N,  73.2W, 105,  955,  170,  140,  110,  140,  110,   80,   70,   80,   70,   60,   50,   60, -999,  29.19,  29.08,  28.88,  29.00,  28.91,  28.68,  28.61,  28.82,  28.88,  28.98,  29.14,  28.98,  28.98,  29.00,  28.50,  27.17,  27.20,  27.36,  26.67,  26.65,  26.79,  26.93,  27.09,  26.89,  27.27,  27.27,  27.72,  27.81,  27.73,  27.80,  27.83
20180913, 0600,  , HU, 32.4N,  74.2W, 100,  955,  170,  150,  110,  140,  100,   90,   70,   80,   70,   60,   50,   60, -999,  29.31,  29.57,  29.59,  29.52,  29.08,  28.60,  28.74,  28.90,  28.85,  28.95,  29.25,  29.07,  28.96,  28.93,  29.08,  29.16,  28.82,  28.36,  27.91,  27.96,  28.00,  28.14,  28.01,  27.83,  27.51,  27.50,  27.66,  27.70,  27.73,  27.61,  27.54
20180913, 1200,  , HU, 33.1N,  75.1W,  95,  954,  170,  150,  120,  140,  100,   90,   80,   80,   70,   60,   50,   60, -999,  29.24,  28.89,  29.00,  29.31,  29.12,  28.73,  28.81,  28.77,  28.74,  28.79,  28.91,  28.96,  28.73,  28.68,  28.81,  28.85,  28.77,  28.58,  27.35,  26.62,  26.87,  26.95,  26.82,  26.87,  26.88,  27.01,  27.27,  27.25,  27.76,  27.94,  27.97
20180913, 1800,  , HU, 33.6N,  76.0W,  90,  953,  170,  150,  120,  140,  100,   90,   80,   80,   70,   60,   50,   60, -999,  29.56,  29.57,  29.44,  29.94,  29.79,  29.71,  29.53,  29.11,  29.09,  28.97,  28.78,  28.94,  29.09,  29.12,  29.14,  29.16,  28.93,  28.88,  28.63,  28.57,  28.65,  28.75,  28.93,  28.66,  28.69,  28.87,  28.96,  28.93,  28.91,  29.13,  29.22
20180914, 0000,  , HU, 34.0N,  76.5W,  90,  952,  170,  150,  130,  100,  100,   80,   80,   70,   70,   60,   50,   50, -999,  29.23,  29.09,  29.62,  29.33,  29.22,  29.14,  29.00,  29.07,  29.05,  28.74,  28.68,  28.87,  29.11,  29.07,  29.02,  28.69,  28.49,  28.28,  28.02,  28.07,  28.11,  28.06,  27.65,  27.52,  27.79,  28.17,  28.13,  27.86,  27.99,  28.37,  28.45
20180914, 0600,  , HU, 34.2N,  77.2W,  85,  952,  170,  150,  130,  100,  100,   80,   80,   70,   70,   60,   60,   50, -999,  28.25,  28.21,  28.69,  28.70,  28.64,  28.71,  28.72,  28.86,  28.98,  28.90,  28.92,  29.05,  29.12,  28.94,  28.62,  27.99,  27.68,  27.53,  27.52,  27.76,  27.85,  27.74,  27.44,  27.45,  27.57,  27.67,  27.63,  27.62,  27.80,  27.97,  27.80
20180914, 1115, L, HU, 34.2N,  77.8W,  80,  956,  170,  150,  140,   90,  100,   80,   80,   60,   70,   60,   60,   40,   25,  27.85,  28.01,  28.07,  28.47,  28.68,  28.74,  28.62,  28.71,  28.81,  28.75,  28.76,  28.74,  28.82,  28.95,  28.72,  28.07,  27.46,  26.97,  26.62,  27.08,  27.53,  27.67,  27.42,  27.36,  27.43,  27.51,  27.53,  27.61,  27.81,  27.83,  27.54
20180914, 1200,  , HU, 34.1N,  77.9W,  80,  957,  170,  150,  140,   80,  100,   80,   80,   40,   60,   60,   60,   20, -999,  27.85,  28.01,  28.07,  28.47,  28.68,  28.74,  28.62,  28.71,  28.81,  28.75,  28.76,  28.74,  28.82,  28.95,  28.72,  28.07,  27.46,  26.97,  26.62,  27.08,  27.53,  27.67,  27.42,  27.36,  27.43,  27.51,  27.53,  27.61,  27.81,  27.83,  27.54
20180914, 1800,  , HU, 34.0N,  78.4W,  65,  969,  150,  130,  120,   70,   90,   70,   60,   30,    0,   30,   30,    0, -999,    nan,    nan,    nan,    nan,    nan,    nan,    nan,    nan,    nan,    nan,    nan,    nan,    nan,    nan,    nan,    nan,    nan,    nan,    nan,    nan,    nan,    nan,    nan,    nan,    nan,    nan,    nan,    nan,    nan,    nan,    nan
20180915, 0000,  , TS, 33.9N,  78.8W,  60,  978,  150,  150,  100,   60,   70,   70,   50,   30,    0,    0,    0,    0, -999,    nan,    nan,    nan,    nan,    nan,    nan,    nan,    nan,    nan,    nan,    nan,    nan,    nan,    nan,    nan,    nan,    nan,    nan,    nan,    nan,    nan,    nan,    nan,    nan,    nan,    nan,    nan,    nan,    nan,    nan,    nan
20180915, 0600,  , TS, 33.7N,  79.3W,  55,  986,  150,  150,   90,   50,   70,   70,    0,    0,    0,    0,    0,    0, -999,    nan,    nan,    nan,    nan,    nan,    nan,    nan,    nan,    nan,    nan,    nan,    nan,    nan,    nan,    nan,    nan,    nan,    nan,    nan,    nan,    nan,    nan,    nan,    nan,    nan,    nan,    nan,    nan,    nan,    nan,    nan
20180915, 1200,  , TS, 33.6N,  79.5W,  55,  992,  150,  130,   80,   40,   60,  100,    0,    0,    0,    0,    0,    0, -999,    nan,    nan,    nan,    nan,    nan,    nan,    nan,    nan,    nan,    nan,    nan,    nan,    nan,    nan,    nan,    nan,    nan,    nan,    nan,    nan,    nan,    nan,    nan,    nan,    nan,    nan,    nan,    nan,    nan,    nan,    nan
20180915, 1800,  , TS, 33.6N,  79.8W,  50,  997,  140,  130,    0,    0,    0,  110,    0,    0,    0,    0,    0,    0, -999,    nan,    nan,    nan,    nan,    nan,    nan,    nan,    nan,    nan,    nan,    nan,    nan,    nan,    nan,    nan,    nan,    nan,    nan,    nan,    nan,    nan,    nan,    nan,    nan,    nan,    nan,    nan,    nan,    nan,    nan,    nan
20180916, 0000,  , TS, 33.6N,  80.2W,  45,  998,  130,  130,    0,    0,    0,    0,    0,    0,    0,    0,    0,    0, -999,    nan,    nan,    nan,    nan,    nan,    nan,    nan,    nan,    nan,    nan,    nan,    nan,    nan,    nan,    nan,    nan,    nan,    nan,    nan,    nan,    nan,    nan,    nan,    nan,    nan,    nan,    nan,    nan,    nan,    nan,    nan
20180916, 0600,  , TS, 33.6N,  80.8W,  40,  999,  130,  130,    0,    0,    0,    0,    0,    0,    0,    0,    0,    0, -999,    nan,    nan,    nan,    nan,    nan,    nan,    nan,    nan,    nan,    nan,    nan,    nan,    nan,    nan,    nan,    nan,    nan,    nan,    nan,    nan,    nan,    nan,    nan,    nan,    nan,    nan,    nan,    nan,    nan,    nan,    nan
20180916, 1200,  , TS, 33.6N,  81.5W,  35, 1002,    0,  140,    0,    0,    0,    0,    0,    0,    0,    0,    0,    0, -999,    nan,    nan,    nan,    nan,    nan,    nan,    nan,    nan,    nan,    nan,    nan,    nan,    nan,    nan,    nan,    nan,    nan,    nan,    nan,    nan,    nan,    nan,    nan,    nan,    nan,    nan,    nan,    nan,    nan,    nan,    nan
20180916, 1800,  , TD, 34.1N,  82.1W,  30, 1006,    0,    0,    0,    0,    0,    0,    0,    0,    0,    0,    0,    0, -999,    nan,    nan,    nan,    nan,    nan,    nan,    nan,    nan,    nan,    nan,    nan,    nan,    nan,    nan,    nan,    nan,    nan,    nan,    nan,    nan,    nan,    nan,    nan,    nan,    nan,    nan,    nan,    nan,    nan,    nan,    nan
20180917, 0000,  , TD, 35.0N,  82.2W,  25, 1007,    0,    0,    0,    0,    0,    0,    0,    0,    0,    0,    0,    0, -999,    nan,    nan,    nan,    nan,    nan,    nan,    nan,    nan,    nan,    nan,    nan,    nan,    nan,    nan,    nan,    nan,    nan,    nan,    nan,    nan,    nan,    nan,    nan,    nan,    nan,    nan,    nan,    nan,    nan,    nan,    nan
20180917, 0600,  , TD, 36.4N,  82.6W,  25, 1008,    0,    0,    0,    0,    0,    0,    0,    0,    0,    0,    0,    0, -999,    nan,    nan,    nan,    nan,    nan,    nan,    nan,    nan,    nan,    nan,    nan,    nan,    nan,    nan,    nan,    nan,    nan,    nan,    nan,    nan,    nan,    nan,    nan,    nan,    nan,    nan,    nan,    nan,    nan,    nan,    nan
20180917, 1200,  , EX, 37.8N,  82.2W,  25, 1008,    0,    0,    0,    0,    0,    0,    0,    0,    0,    0,    0,    0, -999,    nan,    nan,    nan,    nan,    nan,    nan,    nan,    nan,    nan,    nan,    nan,    nan,    nan,    nan,    nan,    nan,    nan,    nan,    nan,    nan,    nan,    nan,    nan,    nan,    nan,    nan,    nan,    nan,    nan,    nan,    nan
20180917, 1800,  , EX, 38.8N,  82.0W,  25, 1008,    0,    0,    0,    0,    0,    0,    0,    0,    0,    0,    0,    0, -999,    nan,    nan,    nan,    nan,    nan,    nan,    nan,    nan,    nan,    nan,    nan,    nan,    nan,    nan,    nan,    nan,    nan,    nan,    nan,    nan,    nan,    nan,    nan,    nan,    nan,    nan,    nan,    nan,    nan,    nan,    nan
20180918, 0000,  , EX, 39.5N,  80.5W,  25, 1008,    0,    0,    0,    0,    0,    0,    0,    0,    0,    0,    0,    0, -999,    nan,    nan,    nan,    nan,    nan,    nan,    nan,    nan,    nan,    nan,    nan,    nan,    nan,    nan,    nan,    nan,    nan,    nan,    nan,    nan,    nan,    nan,    nan,    nan,    nan,    nan,    nan,    nan,    nan,    nan,    nan
20180918, 0600,  , EX, 41.3N,  76.8W,  25, 1007,    0,    0,    0,    0,    0,    0,    0,    0,    0,    0,    0,    0, -999,    nan,    nan,    nan,    nan,    nan,    nan,    nan,    nan,    nan,    nan,    nan,    nan,    nan,    nan,    nan,    nan,    nan,    nan,    nan,    nan,    nan,    nan,    nan,    nan,    nan,    nan,    nan,    nan,    nan,    nan,    nan
20180918, 1200,  , EX, 42.2N,  73.3W,  25, 1006,    0,    0,    0,    0,    0,    0,    0,    0,    0,    0,    0,    0, -999,    nan,    nan,    nan,    nan,    nan,    nan,    nan,    nan,    nan,    nan,    nan,    nan,    nan,    nan,    nan,    nan,    nan,    nan,    nan,    nan,    nan,    nan,    nan,    nan,    nan,    nan,    nan,    nan,    nan,    nan,    nan
