AL071984,             BERTHA,     22,
19840830, 1200,  , TD, 13.1N,  41.0W,  25, 1009, -999, -999, -999, -999, -999, -999, -999, -999, -999, -999, -999, -999, -999,  26.95,  26.94,  26.52,  25.62,  25.61,  26.08,  25.80,  25.81,  26.93,  26.67,  25.32,  25.15,  25.68,  26.43,  26.62,  26.67,  26.11,  25.57,  25.55,  25.50,  25.63,  25.85,  27.97,  28.11,  27.47,  27.38,  27.04,  26.53,  26.27,  25.50,  25.11
19840830, 1800,  , TD, 13.3N,  42.2W,  25, 1009, -999, -999, -999, -999, -999, -999, -999, -999, -999, -999, -999, -999, -999,  27.24,  27.18,  26.93,  26.34,  26.07,  26.00,  25.48,  25.91,  27.33,  27.08,  25.09,  25.17,  25.80,  26.39,  26.44,  27.49,  28.62,  26.61,  25.52,  25.49,  25.46,  25.56,  27.96,  28.17,  28.37,  27.73,  27.23,  27.25,  27.20,  26.62,  25.59
19840831, 0000,  , TD, 13.7N,  43.4W,  30, 1008, -999, -999, -999, -999, -999, -999, -999, -999, -999, -999, -999, -999, -999,  27.05,  26.74,  26.00,  25.48,  25.41,  25.46,  26.47,  27.43,  26.57,  25.23,  25.38,  26.04,  26.39,  26.73,  27.87,  28.32,  26.70,  25.77,  25.63,  25.47,  25.78,  27.94,  28.14,  28.27,  27.85,  27.32,  27.74,  27.55,  26.74,  25.19,  25.88
19840831, 0600,  , TD, 14.4N,  44.5W,  30, 1008, -999, -999, -999, -999, -999, -999, -999, -999, -999, -999, -999, -999, -999,  26.97,  26.67,  25.93,  25.29,  25.09,  25.96,  26.42,  26.34,  26.60,  25.26,  25.21,  25.50,  26.14,  26.91,  27.76,  27.82,  26.72,  25.83,  25.47,  25.36,  25.88,  27.35,  27.61,  27.78,  27.62,  27.24,  27.01,  27.20,  27.02,  25.57,  26.69
19840831, 1200,  , TS, 14.9N,  45.3W,  35, 1007, -999, -999, -999, -999, -999, -999, -999, -999, -999, -999, -999, -999, -999,  26.98,  26.91,  26.42,  25.32,  24.96,  26.86,  27.38,  26.63,  26.74,  25.63,  25.14,  25.15,  25.26,  25.93,  26.97,  27.24,  26.56,  25.53,  25.34,  25.36,  25.34,  27.49,  27.33,  27.32,  27.18,  27.08,  26.95,  27.23,  27.26,  26.00,  26.29
19840831, 1800,  , TS, 15.7N,  46.6W,  35, 1007, -999, -999, -999, -999, -999, -999, -999, -999, -999, -999, -999, -999, -999,  27.06,  27.14,  26.63,  24.96,  24.95,  26.91,  26.77,  26.29,  26.41,  25.67,  25.12,  24.77,  24.76,  26.66,  26.72,  27.04,  26.44,  25.59,  25.01,  25.14,  25.23,  27.74,  27.73,  27.31,  26.88,  27.10,  26.94,  27.00,  26.60,  25.04,  25.06
19840901, 0000,  , TS, 16.3N,  47.7W,  35, 1007, -999, -999, -999, -999, -999, -999, -999, -999, -999, -999, -999, -999, -999,  27.54,  27.32,  26.74,  26.06,  28.07,  27.75,  26.93,  26.56,  25.62,  24.92,  24.54,  24.33,  27.37,  27.65,  27.61,  26.18,  25.81,  25.28,  25.08,  25.07,  27.51,  27.60,  27.38,  27.23,  27.44,  26.77,  27.02,  26.82,  24.90,  24.88,  25.31
19840901, 0600,  , TS, 17.0N,  48.7W,  35, 1007, -999, -999, -999, -999, -999, -999, -999, -999, -999, -999, -999, -999, -999,  27.47,  27.21,  25.75,  25.39,  27.22,  27.31,  27.41,  26.97,  26.93,  26.72,  26.52,  28.31,  28.46,  28.22,  28.18,  26.54,  25.91,  25.36,  25.25,  26.31,  27.18,  27.43,  27.39,  27.35,  27.35,  26.93,  27.03,  27.07,  24.96,  25.12,  25.39
19840901, 1200,  , TD, 17.5N,  49.5W,  30, 1008, -999, -999, -999, -999, -999, -999, -999, -999, -999, -999, -999, -999, -999,  27.14,  27.12,  25.89,  25.63,  26.46,  26.48,  26.96,  26.74,  26.90,  26.95,  27.05,  28.64,  28.49,  28.20,  27.69,  27.28,  26.91,  26.62,  26.58,  27.66,  27.79,  27.59,  27.94,  27.63,  27.27,  27.71,  27.38,  27.18,  25.04,  25.19,  25.59
19840901, 1800,  , TD, 18.2N,  50.5W,  30, 1008, -999, -999, -999, -999, -999, -999, -999, -999, -999, -999, -999, -999, -999,  26.71,  27.60,  27.73,  27.37,  27.02,  26.94,  27.20,  26.63,  26.62,  26.11,  25.63,  27.34,  28.22,  28.01,  27.60,  27.42,  26.19,  25.78,  25.67,  26.85,  27.10,  27.26,  27.40,  27.38,  27.01,  27.70,  27.41,  25.87,  24.50,  24.37,  25.31
19840902, 0000,  , TD, 19.2N,  51.3W,  30, 1008, -999, -999, -999, -999, -999, -999, -999, -999, -999, -999, -999, -999, -999,  27.64,  27.71,  24.99,  25.69,  26.40,  27.16,  26.71,  26.35,  25.79,  25.46,  26.97,  28.05,  28.29,  28.10,  28.03,  27.05,  27.07,  27.03,  26.03,  26.10,  26.83,  27.21,  27.32,  26.91,  27.46,  27.47,  24.76,  24.62,  24.65,  25.67,  26.92
19840902, 0600,  , TD, 20.0N,  52.1W,  30, 1009, -999, -999, -999, -999, -999, -999, -999, -999, -999, -999, -999, -999, -999,  27.78,  27.82,  24.96,  25.01,  26.31,  27.41,  27.43,  26.67,  26.61,  26.07,  27.07,  27.28,  27.77,  28.01,  28.04,  26.99,  26.50,  26.39,  25.58,  25.83,  26.45,  26.88,  27.39,  27.15,  27.57,  27.63,  24.87,  24.70,  24.87,  25.83,  27.23
19840902, 1200,  , TD, 20.8N,  53.1W,  25, 1010, -999, -999, -999, -999, -999, -999, -999, -999, -999, -999, -999, -999, -999,  26.80,  26.61,  25.55,  25.32,  26.48,  27.65,  27.69,  27.34,  27.34,  26.46,  26.89,  27.37,  27.99,  27.96,  27.15,  26.50,  26.47,  25.22,  25.65,  26.52,  27.16,  27.62,  28.12,  28.17,  28.19,  28.07,  26.32,  25.22,  24.97,  25.89,  27.44
19840902, 1800,  , TD, 22.6N,  52.8W,  25, 1010, -999, -999, -999, -999, -999, -999, -999, -999, -999, -999, -999, -999, -999,  26.78,  26.56,  24.53,  24.64,  25.50,  27.16,  27.31,  27.77,  27.81,  27.52,  28.08,  28.16,  28.10,  28.01,  27.51,  26.51,  26.73,  25.91,  28.15,  28.02,  27.40,  27.50,  27.45,  27.91,  28.20,  28.42,  24.88,  24.88,  25.46,  26.52,  28.34
19840903, 0000,  , TD, 23.8N,  52.5W,  25, 1010, -999, -999, -999, -999, -999, -999, -999, -999, -999, -999, -999, -999, -999,  26.16,  24.59,  24.53,  24.84,  26.88,  26.98,  27.28,  27.13,  26.91,  27.73,  27.76,  27.77,  27.67,  27.29,  26.75,  26.55,  26.62,  28.44,  28.16,  27.50,  27.34,  27.38,  27.57,  28.11,  28.22,  27.95,  25.23,  25.36,  26.81,  27.58,  27.54
19840903, 0600,  , TD, 25.1N,  51.9W,  25, 1010, -999, -999, -999, -999, -999, -999, -999, -999, -999, -999, -999, -999, -999,  25.93,  24.42,  24.71,  26.84,  27.68,  27.73,  27.84,  27.88,  27.62,  28.09,  28.17,  28.20,  28.13,  27.53,  27.36,  27.35,  26.97,  27.76,  27.65,  27.47,  27.21,  27.49,  27.90,  28.22,  28.26,  25.16,  24.24,  24.73,  27.08,  27.79,  27.80
19840903, 1200,  , TD, 26.1N,  50.5W,  20, 1012, -999, -999, -999, -999, -999, -999, -999, -999, -999, -999, -999, -999, -999,  27.09,  25.84,  24.94,  26.61,  27.13,  26.90,  27.26,  27.52,  27.76,  27.65,  27.51,  27.40,  27.40,  26.86,  26.68,  26.71,  26.39,  26.83,  26.68,  26.68,  27.06,  27.29,  27.56,  27.53,  27.48,  26.46,  24.77,  24.94,  26.71,  27.27,  27.60
19840903, 1800,  , TD, 27.1N,  49.1W,  20, 1012, -999, -999, -999, -999, -999, -999, -999, -999, -999, -999, -999, -999, -999,  26.67,  26.77,  25.30,  25.80,  26.79,  26.43,  26.90,  26.96,  26.97,  26.97,  27.40,  27.41,  27.29,  26.95,  26.08,  25.81,  26.02,  26.57,  26.60,  26.59,  26.51,  26.57,  26.58,  26.85,  26.95,  26.98,  27.13,  27.40,  27.09,  26.88,  26.70
19840904, 0000,  , TD, 28.3N,  47.8W,  20, 1013, -999, -999, -999, -999, -999, -999, -999, -999, -999, -999, -999, -999, -999,  26.56,  26.23,  25.89,  25.98,  26.01,  26.29,  26.54,  27.22,  27.36,  27.55,  27.29,  27.34,  27.61,  25.98,  25.05,  24.98,  25.47,  25.26,  26.19,  26.42,  25.84,  26.07,  26.41,  26.70,  26.78,  27.00,  26.46,  26.56,  26.62,  26.14,  26.03
19840904, 0600,  , TD, 29.6N,  46.0W,  20, 1013, -999, -999, -999, -999, -999, -999, -999, -999, -999, -999, -999, -999, -999,  25.80,  25.88,  25.29,  25.34,  25.71,  26.12,  26.72,  26.70,  26.53,  26.48,  26.68,  26.60,  26.82,  26.37,  25.55,  25.59,  25.83,  26.13,  26.25,  26.19,  26.05,  26.00,  26.36,  26.80,  26.99,  26.92,  26.63,  26.68,  26.42,  26.11,  26.06
19840904, 1200,  , TD, 30.5N,  44.5W,  20, 1013, -999, -999, -999, -999, -999, -999, -999, -999, -999, -999, -999, -999, -999,  25.66,  26.10,  26.29,  26.00,  25.82,  25.84,  26.09,  25.88,  26.21,  26.41,  26.89,  26.49,  26.38,  26.36,  26.26,  26.28,  26.21,  26.35,  26.43,  26.02,  25.88,  25.94,  26.23,  26.47,  26.92,  27.03,  26.57,  25.80,  25.55,  25.16,  25.25
19840904, 1800,  , TD, 32.0N,  42.0W,  20, 1013, -999, -999, -999, -999, -999, -999, -999, -999, -999, -999, -999, -999, -999,  25.39,  25.41,  25.45,  25.10,  25.04,  25.17,  25.50,  25.63,  25.74,  26.04,  25.82,  25.94,  25.91,  25.49,  25.06,  24.72,  24.51,  24.44,  24.46,  25.57,  25.59,  25.54,  25.46,  25.33,  25.62,  25.86,  26.21,  25.09,  24.94,  24.80,  24.56
