AL072000,              DEBBY,     23,
20000819, 1800,  , TD, 12.0N,  44.5W,  30, 1010, -999, -999, -999, -999, -999, -999, -999, -999, -999, -999, -999, -999, -999,  26.71,  27.30,  26.47,  26.67,  27.50,  26.94,  27.06,  27.18,  27.26,  27.73,  27.86,  27.79,  28.61,  28.31,  27.30,  27.17,  27.15,  26.74,  26.73,  27.47,  27.74,  27.92,  27.22,  27.24,  27.51,  27.56,  27.05,  26.93,  26.92,  26.94,  27.04
20000820, 0000,  , TD, 12.6N,  45.3W,  30, 1010, -999, -999, -999, -999, -999, -999, -999, -999, -999, -999, -999, -999, -999,  27.35,  26.61,  27.72,  27.95,  27.34,  26.82,  27.11,  27.13,  27.60,  27.73,  27.73,  28.60,  28.18,  26.74,  26.49,  26.61,  26.37,  26.21,  26.80,  27.49,  27.60,  26.95,  27.03,  27.62,  27.40,  26.86,  26.66,  26.81,  27.71,  27.88,  27.94
20000820, 0600,  , TS, 13.3N,  46.8W,  35, 1009, -999, -999, -999, -999, -999, -999, -999, -999, -999, -999, -999, -999, -999,  27.22,  27.41,  28.51,  28.74,  27.85,  26.82,  26.91,  27.31,  27.58,  27.86,  27.83,  27.86,  27.54,  26.65,  26.81,  27.09,  27.07,  26.81,  27.00,  27.75,  27.51,  26.77,  26.80,  27.37,  27.50,  27.08,  26.93,  27.67,  27.71,  27.86,  28.23
20000820, 1200,  , TS, 14.0N,  48.8W,  40, 1008, -999, -999, -999, -999, -999, -999, -999, -999, -999, -999, -999, -999, -999,  26.97,  26.99,  27.37,  27.83,  27.74,  26.75,  26.66,  27.07,  27.59,  27.64,  27.24,  27.88,  27.83,  27.48,  26.94,  26.69,  26.94,  27.24,  27.60,  27.83,  27.91,  27.15,  26.92,  27.39,  27.54,  27.25,  27.23,  27.37,  27.48,  27.68,  27.72
20000820, 1800,  , TS, 14.7N,  50.6W,  45, 1007, -999, -999, -999, -999, -999, -999, -999, -999, -999, -999, -999, -999, -999,  26.17,  26.22,  27.24,  27.37,  27.44,  27.17,  27.12,  27.14,  27.25,  27.06,  26.99,  27.32,  28.16,  28.27,  27.25,  26.89,  26.83,  26.83,  27.84,  28.17,  27.99,  27.28,  26.90,  26.58,  27.20,  26.89,  26.85,  27.35,  27.54,  27.64,  27.49
20000821, 0000,  , TS, 15.1N,  52.1W,  55, 1006, -999, -999, -999, -999, -999, -999, -999, -999, -999, -999, -999, -999, -999,  27.39,  27.27,  27.24,  27.43,  27.46,  27.13,  27.07,  27.51,  28.18,  27.32,  26.95,  27.95,  27.95,  26.71,  26.37,  26.46,  26.16,  26.44,  27.73,  28.13,  27.95,  27.27,  27.52,  27.76,  27.74,  27.42,  27.72,  27.68,  27.46,  27.73,  28.06
20000821, 0600,  , HU, 15.4N,  54.0W,  65, 1005, -999, -999, -999, -999, -999, -999, -999, -999, -999, -999, -999, -999, -999,  27.65,  26.96,  27.08,  27.55,  27.90,  27.21,  26.85,  28.36,  28.51,  27.73,  27.53,  27.53,  27.46,  27.24,  27.58,  27.57,  27.23,  26.70,  27.78,  28.22,  28.19,  27.46,  27.10,  27.06,  27.05,  27.02,  28.00,  27.96,  27.87,  28.07,  28.20
20000821, 1200,  , HU, 15.7N,  56.3W,  75, 1004, -999, -999, -999, -999, -999, -999, -999, -999, -999, -999, -999, -999, -999,  27.76,  27.07,  27.12,  27.57,  27.88,  27.24,  27.97,  28.38,  28.43,  28.12,  27.84,  28.10,  28.12,  28.29,  28.64,  27.66,  27.50,  27.72,  27.35,  28.12,  28.49,  28.57,  27.61,  27.19,  27.24,  27.20,  27.55,  27.70,  27.95,  27.93,  27.91
20000821, 1800,  , HU, 16.1N,  58.5W,  75, 1004, -999, -999, -999, -999, -999, -999, -999, -999, -999, -999, -999, -999, -999,  28.25,  27.33,  26.85,  27.82,  28.08,  28.08,  28.18,  28.42,  28.33,  28.35,  27.78,  27.83,  28.21,  28.39,  28.43,  28.19,  28.17,  27.98,  27.74,  28.08,  28.55,  28.65,  28.41,  27.66,  27.97,  27.97,  28.16,  27.97,  28.10,  28.16,  28.18
20000822, 0000,  , HU, 16.8N,  60.1W,  70,  995, -999, -999, -999, -999, -999, -999, -999, -999, -999, -999, -999, -999, -999,  27.87,  27.19,  27.89,  28.14,  27.74,  27.79,  28.23,  28.32,  28.45,  28.22,  28.27,  28.66,  28.51,  28.10,  28.21,  28.67,  28.71,  28.41,  28.32,  28.61,  28.92,  28.14,  28.11,  28.39,  28.41,  28.35,  28.37,  28.33,  28.33,  28.42,  28.51
20000822, 0300, P, HU, 17.1N,  60.9W,  70,  991, -999, -999, -999, -999, -999, -999, -999, -999, -999, -999, -999, -999, -999,  28.15,  27.42,  27.95,  28.16,  27.66,  27.72,  28.22,  28.46,  28.68,  28.48,  28.19,  28.68,  27.82,  27.42,  27.56,  28.60,  28.64,  28.40,  28.30,  28.70,  28.79,  28.43,  28.46,  28.62,  28.58,  28.50,  28.80,  28.66,  28.51,  28.62,  28.70
20000822, 0600, L, HU, 17.5N,  61.7W,  65,  993, -999, -999, -999, -999, -999, -999, -999, -999, -999, -999, -999, -999, -999,  27.88,  27.21,  27.37,  27.56,  27.62,  27.85,  28.26,  28.33,  28.68,  28.48,  28.05,  27.98,  27.57,  27.66,  27.68,  28.51,  28.48,  28.29,  28.23,  28.49,  28.55,  28.42,  28.52,  28.73,  28.80,  28.79,  28.93,  28.75,  28.71,  28.69,  28.74
20000822, 0915, L, HU, 17.9N,  62.8W,  65,  993, -999, -999, -999, -999, -999, -999, -999, -999, -999, -999, -999, -999, -999,  28.46,  27.83,  27.68,  28.05,  27.95,  28.03,  28.31,  28.29,  28.44,  28.27,  28.11,  28.12,  27.94,  27.70,  27.71,  27.86,  28.38,  28.52,  28.07,  28.07,  28.09,  28.05,  28.22,  28.36,  28.55,  28.61,  28.78,  28.85,  28.87,  28.81,  28.85
20000822, 1200,  , HU, 18.1N,  63.5W,  65,  994, -999, -999, -999, -999, -999, -999, -999, -999, -999, -999, -999, -999, -999,  28.42,  28.19,  28.14,  28.42,  28.08,  28.14,  28.45,  28.47,  28.47,  28.35,  28.30,  28.47,  28.44,  27.81,  28.10,  28.23,  28.77,  28.71,  28.25,  28.09,  27.99,  28.14,  28.45,  28.37,  28.66,  28.72,  28.79,  28.80,  28.74,  28.74,  28.91
20000822, 1500, L, HU, 18.5N,  64.4W,  65,  994, -999, -999, -999, -999, -999, -999, -999, -999, -999, -999, -999, -999, -999,  28.08,  27.54,  27.59,  28.45,  28.37,  28.07,  28.40,  28.46,  28.58,  28.84,  28.88,  28.84,  28.59,  27.79,  27.94,  28.04,  28.69,  28.69,  28.60,  28.27,  27.77,  27.84,  28.23,  28.01,  28.47,  28.69,  28.58,  28.55,  28.69,  28.67,  28.76
20000822, 1800,  , HU, 18.8N,  65.4W,  65,  995, -999, -999, -999, -999, -999, -999, -999, -999, -999, -999, -999, -999, -999,  28.11,  27.87,  28.19,  28.72,  28.71,  28.26,  28.37,  28.61,  28.71,  29.00,  29.06,  28.67,  28.59,  28.46,  28.32,  28.15,  28.30,  28.72,  28.89,  28.76,  28.45,  28.19,  28.35,  28.17,  28.39,  28.75,  28.84,  28.67,  28.80,  28.83,  28.92
20000823, 0000,  , HU, 19.2N,  66.7W,  65,  995, -999, -999, -999, -999, -999, -999, -999, -999, -999, -999, -999, -999, -999,  28.11,  28.40,  28.62,  28.72,  28.31,  28.22,  28.59,  28.62,  28.72,  29.00,  28.92,  28.84,  28.70,  28.29,  28.40,  28.60,  28.64,  28.68,  29.00,  28.70,  28.14,  28.56,  28.37,  28.52,  28.86,  28.87,  28.91,  28.82,  29.17,  29.17,  28.98
20000823, 0600,  , HU, 19.5N,  68.1W,  65,  995, -999, -999, -999, -999, -999, -999, -999, -999, -999, -999, -999, -999, -999,  27.60,  27.32,  28.26,  28.60,  28.34,  28.27,  28.41,  28.63,  28.62,  29.00,  29.01,  29.11,  29.04,  28.40,  28.24,  28.25,  28.22,  28.11,  28.80,  28.65,  28.29,  28.55,  28.42,  28.44,  28.82,  28.89,  28.74,  28.74,  28.82,  28.94,  29.08
20000823, 1200,  , TS, 19.8N,  69.7W,  60, 1005, -999, -999, -999, -999, -999, -999, -999, -999, -999, -999, -999, -999, -999,  27.44,  27.72,  28.28,  28.46,  27.96,  27.72,  27.84,  28.07,  28.04,  28.24,  28.52,  28.56,  28.51,  28.25,  27.90,  27.73,  27.83,  27.65,  28.33,  28.36,  28.04,  28.29,  28.27,  28.49,  28.56,  28.78,  28.70,  28.93,  28.89,  28.39,  28.69
20000823, 1800,  , TS, 20.0N,  71.5W,  50, 1009, -999, -999, -999, -999, -999, -999, -999, -999, -999, -999, -999, -999, -999,  28.30,  28.10,  27.77,  28.01,  28.54,  28.34,  28.29,  28.26,  29.45,  29.21,  28.85,  28.76,  28.75,  28.71,  27.90,  27.63,  27.69,  27.84,  27.95,  28.16,  28.41,  28.73,  28.52,  28.78,  28.91,  29.16,  29.19,  29.28,  29.42,  29.38,  29.34
20000824, 0000,  , TS, 19.9N,  73.3W,  40, 1010, -999, -999, -999, -999, -999, -999, -999, -999, -999, -999, -999, -999, -999,  29.65,  29.30,  29.09,  29.14,  29.13,  29.12,  28.94,  28.97,  29.52,  29.43,  29.48,  29.68,  29.67,  29.31,  29.24,  29.18,  29.42,  29.46,  29.34,  29.25,  28.84,  28.85,  28.91,  29.07,  29.06,  29.18,  29.71,  29.94,  29.79,  29.71,  29.73
20000824, 0600,  , TS, 19.6N,  75.1W,  35, 1011, -999, -999, -999, -999, -999, -999, -999, -999, -999, -999, -999, -999, -999,  29.48,  29.33,  28.94,  29.12,  29.00,  29.16,  29.01,  29.02,  29.90,  29.75,  29.34,  29.23,  29.33,  29.37,  29.37,  29.32,  29.42,  29.43,  29.21,  29.04,  29.07,  29.42,  29.56,  29.89,  28.83,  28.87,  29.10,  29.47,  29.61,  29.28,  28.90
20000824, 1200,  , TD, 19.5N,  77.0W,  30, 1011, -999, -999, -999, -999, -999, -999, -999, -999, -999, -999, -999, -999, -999,  29.85,  29.63,  29.49,  29.04,  28.88,  29.74,  29.82,  29.88,  29.77,  29.85,  29.76,  29.81,  29.98,  29.85,  29.87,  29.83,  29.68,  29.93,  29.96,  29.94,  29.59,  29.53,  29.73,  30.63,  30.56,  29.87,  29.79,  29.94,  30.29,  30.29,  30.66
