AL072016,             GASTON,     53,
20160821, 1200,  , LO, 11.0N,  19.4W,  20, 1009,    0,    0,    0,    0,    0,    0,    0,    0,    0,    0,    0,    0, -999,  27.05,  26.95,  26.84,  27.17,  27.06,  27.46,  27.60,  27.56,  27.80,  27.81,  27.82,  27.79,  27.70,  27.71,  27.80,  28.16,  28.18,  28.11,  27.60,  27.38,  27.29,  27.30,  27.52,  27.55,  27.70,  27.89,  28.16,  28.38,  28.10,  27.93,  28.27
20160821, 1800,  , LO, 11.0N,  21.2W,  20, 1009,    0,    0,    0,    0,    0,    0,    0,    0,    0,    0,    0,    0, -999,  27.65,  27.60,  26.77,  27.56,  27.68,  27.95,  27.99,  28.02,  28.34,  28.37,  27.99,  27.91,  27.94,  27.88,  27.50,  27.44,  27.64,  27.23,  27.31,  27.19,  27.42,  27.81,  28.40,  28.38,  28.49,  28.66,  28.66,  28.43,  28.32,  28.07,  27.99
20160822, 0000,  , LO, 11.0N,  23.0W,  25, 1009,    0,    0,    0,    0,    0,    0,    0,    0,    0,    0,    0,    0, -999,  27.92,  27.49,  27.95,  28.01,  27.89,  28.17,  28.69,  28.60,  28.02,  27.83,  27.80,  28.08,  28.10,  27.80,  27.96,  28.31,  27.91,  27.35,  27.60,  27.87,  27.90,  28.30,  28.28,  28.60,  28.70,  28.66,  28.54,  28.64,  28.60,  28.19,  28.08
20160822, 0600,  , LO, 11.2N,  24.8W,  25, 1009,    0,    0,    0,    0,    0,    0,    0,    0,    0,    0,    0,    0, -999,  28.01,  27.63,  28.07,  28.24,  28.07,  28.57,  29.00,  29.03,  28.52,  28.54,  28.52,  28.95,  28.80,  28.31,  28.24,  28.44,  28.47,  27.66,  27.71,  28.01,  28.18,  28.36,  28.35,  28.89,  28.87,  28.84,  28.67,  28.54,  28.43,  28.13,  27.92
20160822, 1200,  , TD, 11.5N,  26.5W,  30, 1008,    0,    0,    0,    0,    0,    0,    0,    0,    0,    0,    0,    0, -999,  27.48,  27.38,  27.72,  28.09,  28.00,  28.34,  28.73,  28.43,  28.41,  28.20,  28.16,  28.39,  28.26,  28.03,  28.04,  28.18,  28.24,  27.68,  27.58,  27.69,  27.78,  27.97,  28.00,  28.27,  28.29,  28.26,  28.31,  28.50,  28.37,  27.66,  27.60
20160822, 1800,  , TS, 12.0N,  28.2W,  35, 1007,   50,   30,   30,   30,    0,    0,    0,    0,    0,    0,    0,    0, -999,  27.83,  27.80,  27.72,  28.09,  28.16,  28.19,  28.85,  28.86,  28.84,  28.47,  28.26,  28.53,  28.62,  28.54,  28.09,  28.15,  28.87,  28.33,  28.12,  27.89,  28.06,  28.19,  27.76,  27.77,  27.77,  27.90,  28.18,  28.82,  28.67,  27.96,  27.83
20160823, 0000,  , TS, 12.5N,  29.9W,  40, 1006,   50,   30,   30,   30,    0,    0,    0,    0,    0,    0,    0,    0, -999,  27.94,  27.36,  27.95,  28.06,  28.46,  28.86,  28.89,  28.97,  28.38,  28.31,  28.27,  28.73,  28.76,  28.30,  27.84,  28.22,  27.76,  27.67,  27.57,  27.99,  28.02,  27.94,  27.95,  27.90,  27.93,  27.99,  28.40,  28.47,  28.39,  27.88,  27.75
20160823, 0600,  , TS, 13.0N,  31.6W,  45, 1005,   50,   40,   30,   50,    0,    0,    0,    0,    0,    0,    0,    0, -999,  27.75,  27.34,  27.54,  27.63,  27.95,  28.11,  28.32,  28.30,  28.03,  28.00,  27.93,  27.95,  28.27,  27.82,  27.61,  27.82,  27.75,  27.73,  27.42,  27.61,  27.65,  27.79,  27.78,  27.80,  28.07,  27.83,  28.21,  28.36,  28.23,  27.85,  27.87
20160823, 1200,  , TS, 13.5N,  33.4W,  55, 1003,   60,   40,   30,   60,   30,    0,    0,    0,    0,    0,    0,    0, -999,  27.58,  27.30,  27.37,  27.34,  27.69,  28.05,  28.08,  27.55,  28.17,  28.38,  28.28,  28.27,  28.58,  27.79,  27.54,  27.46,  27.31,  27.12,  27.18,  27.67,  27.50,  27.74,  27.21,  26.94,  27.24,  26.83,  27.43,  28.14,  28.25,  27.44,  27.35
20160823, 1800,  , TS, 13.9N,  35.0W,  55, 1003,   60,   40,   30,   60,   30,   20,    0,   20,    0,    0,    0,    0, -999,  27.28,  27.55,  27.22,  27.21,  27.37,  27.48,  27.73,  27.41,  27.80,  27.92,  27.84,  27.63,  28.13,  27.90,  27.84,  27.57,  27.18,  27.04,  27.11,  27.67,  27.56,  27.54,  27.47,  27.39,  27.68,  26.98,  27.21,  27.93,  27.92,  27.36,  27.09
20160824, 0000,  , TS, 14.2N,  36.5W,  55, 1000,   60,   40,   30,   60,   30,   20,    0,   20,    0,    0,    0,    0, -999,  26.82,  26.65,  26.61,  27.07,  27.14,  27.38,  27.37,  27.09,  27.32,  27.38,  27.37,  27.52,  27.53,  27.45,  27.11,  27.09,  26.89,  26.96,  27.98,  27.85,  27.49,  27.38,  27.44,  27.19,  26.85,  27.05,  27.15,  27.33,  27.25,  27.17,  27.15
20160824, 0600,  , TS, 14.8N,  37.9W,  60,  997,   60,   40,   30,   60,   30,   20,    0,   20,    0,    0,    0,    0, -999,  26.81,  26.61,  26.75,  27.19,  27.40,  27.49,  27.49,  26.95,  27.45,  27.50,  27.33,  27.33,  27.46,  27.29,  27.05,  27.03,  26.85,  27.08,  27.82,  27.84,  27.64,  27.28,  27.07,  27.02,  26.95,  26.98,  27.12,  27.52,  27.57,  27.41,  27.35
20160824, 1200,  , HU, 15.8N,  39.1W,  65,  992,   90,   90,   40,   60,   40,   40,    0,   30,   20,   10,    0,    0, -999,  26.19,  26.25,  26.51,  26.92,  27.16,  27.22,  27.15,  27.11,  27.10,  27.35,  27.55,  27.58,  27.54,  27.39,  27.30,  27.25,  26.99,  26.99,  27.37,  27.81,  27.84,  27.59,  27.18,  27.11,  27.15,  27.35,  27.28,  27.42,  27.61,  27.30,  27.15
20160824, 1800,  , HU, 16.9N,  40.2W,  65,  988,  100,  100,   40,   80,   60,   50,   20,   50,   20,   20,    0,   20, -999,  26.09,  26.40,  26.68,  26.92,  26.88,  26.91,  26.90,  26.92,  26.89,  26.76,  26.62,  26.62,  26.55,  26.82,  27.05,  27.12,  26.55,  26.52,  26.80,  27.33,  27.51,  27.13,  26.42,  26.42,  26.77,  27.20,  27.04,  26.97,  26.99,  26.99,  26.88
20160825, 0000,  , HU, 18.0N,  41.4W,  65,  988,  100,  100,   40,  100,   60,   50,   20,   60,   20,   20,    0,   20, -999,  26.73,  26.91,  27.02,  27.06,  27.11,  26.88,  27.05,  27.21,  27.06,  26.99,  27.34,  27.40,  27.18,  27.11,  26.97,  26.60,  26.56,  27.07,  27.29,  27.25,  27.14,  26.87,  26.40,  26.63,  27.04,  27.01,  27.01,  26.93,  26.93,  26.70,  26.80
20160825, 0600,  , HU, 18.9N,  42.7W,  65,  988,  100,  100,   40,  100,   60,   50,   20,   60,   20,   20,    0,   20, -999,  26.84,  27.00,  27.01,  26.97,  27.00,  26.88,  27.00,  26.89,  26.85,  26.85,  26.79,  26.61,  26.86,  26.93,  27.10,  26.72,  26.19,  26.67,  26.92,  26.75,  27.00,  26.74,  25.89,  25.86,  26.66,  27.03,  27.03,  27.10,  27.35,  27.38,  27.20
20160825, 1200,  , TS, 19.8N,  44.0W,  60,  992,  100,   90,   40,  100,   60,   40,   20,   60,    0,    0,    0,    0, -999,  27.39,  27.43,  27.26,  27.39,  27.33,  27.19,  27.33,  27.25,  27.44,  27.35,  27.15,  26.96,  27.32,  27.42,  27.30,  27.12,  27.08,  27.01,  27.15,  26.95,  27.34,  27.45,  27.01,  26.51,  26.18,  27.01,  27.15,  27.19,  27.19,  27.21,  26.82
20160825, 1800,  , TS, 21.0N,  45.0W,  55,  996,  100,   80,   30,  100,   60,   30,    0,   60,    0,    0,    0,    0, -999,  27.39,  27.56,  27.42,  27.53,  27.54,  27.33,  27.42,  27.25,  27.45,  27.41,  27.02,  27.03,  26.84,  27.51,  27.64,  27.56,  27.49,  27.28,  27.46,  27.49,  27.68,  27.75,  27.44,  27.19,  27.06,  27.40,  27.59,  27.68,  27.80,  27.59,  27.55
20160826, 0000,  , TS, 22.3N,  46.0W,  55,  996,  100,   80,   30,  100,   60,   30,    0,   40,    0,    0,    0,    0, -999,  27.38,  27.40,  27.47,  27.34,  27.19,  27.33,  27.25,  27.31,  27.33,  27.26,  26.52,  27.12,  27.39,  27.31,  27.24,  27.16,  27.50,  27.44,  27.46,  27.34,  27.40,  26.96,  26.79,  26.91,  27.07,  27.23,  27.36,  27.37,  27.43,  27.50,  27.32
20160826, 0600,  , TS, 23.6N,  47.0W,  55,  996,  110,   80,   30,  100,   50,   30,    0,   40,    0,    0,    0,    0, -999,  27.45,  27.49,  27.55,  27.53,  27.29,  27.54,  27.45,  27.47,  27.52,  27.64,  27.35,  27.31,  27.44,  27.66,  27.57,  27.39,  27.49,  27.50,  27.54,  27.43,  27.48,  27.18,  26.90,  26.62,  27.22,  27.48,  27.63,  27.37,  27.49,  27.58,  27.51
20160826, 1200,  , TS, 24.8N,  47.9W,  55,  996,  120,   80,   30,  100,   50,   30,    0,   30,    0,    0,    0,    0, -999,  27.38,  27.48,  27.57,  27.45,  27.23,  27.33,  27.24,  27.39,  27.49,  27.66,  27.65,  27.12,  27.30,  27.67,  27.66,  27.46,  27.35,  27.31,  27.46,  27.49,  27.48,  27.62,  26.97,  26.96,  27.50,  27.62,  27.76,  27.57,  27.62,  27.67,  27.61
20160826, 1800,  , TS, 25.8N,  49.1W,  55,  996,  120,   80,   30,  100,   40,   30,    0,   30,    0,    0,    0,    0, -999,  27.72,  27.76,  27.78,  27.82,  27.71,  27.61,  27.52,  27.71,  27.86,  28.25,  28.09,  27.55,  27.78,  27.99,  28.10,  28.09,  27.62,  27.46,  27.59,  27.84,  27.87,  27.81,  27.16,  27.35,  27.93,  28.13,  28.41,  28.19,  27.98,  28.13,  28.10
20160827, 0000,  , TS, 26.7N,  50.3W,  55,  996,  100,   80,   30,   80,   40,   30,    0,   30,    0,    0,    0,    0, -999,  28.39,  28.23,  28.14,  28.12,  27.83,  27.90,  27.93,  28.11,  28.49,  28.48,  28.02,  28.01,  28.27,  28.26,  28.25,  27.74,  27.30,  27.79,  27.83,  27.81,  27.84,  27.50,  27.21,  28.10,  28.44,  28.41,  28.30,  28.24,  28.14,  28.23,  28.22
20160827, 0600,  , TS, 27.5N,  51.5W,  55,  996,  100,   80,   30,   80,   40,   30,    0,   30,    0,    0,    0,    0, -999,  28.61,  28.42,  28.20,  28.02,  27.79,  28.00,  28.18,  28.35,  28.78,  28.86,  28.54,  28.27,  28.50,  28.45,  28.40,  28.01,  27.11,  27.40,  27.34,  27.46,  27.60,  27.93,  27.93,  28.31,  28.42,  28.52,  28.28,  27.97,  28.03,  28.25,  28.41
20160827, 1200,  , TS, 28.1N,  52.8W,  60,  992,  100,   80,   40,   70,   40,   30,   20,   30,    0,    0,    0,    0, -999,  28.65,  28.58,  28.39,  28.24,  28.20,  28.28,  28.55,  29.06,  29.30,  29.08,  28.82,  28.47,  28.87,  28.85,  28.66,  28.41,  28.02,  27.84,  27.79,  27.39,  27.32,  27.55,  27.71,  27.95,  28.13,  28.33,  28.35,  28.12,  28.35,  28.31,  28.25
20160827, 1800,  , HU, 28.7N,  53.6W,  65,  989,  120,   90,   50,   70,   50,   30,   20,   30,   20,    0,    0,    0, -999,  28.97,  28.90,  28.80,  28.60,  28.53,  28.49,  28.65,  28.98,  29.16,  29.17,  28.93,  28.65,  28.90,  28.84,  28.68,  28.51,  28.37,  28.18,  27.88,  28.09,  28.33,  28.36,  28.24,  28.20,  28.25,  27.84,  28.18,  28.02,  27.96,  28.11,  28.09
20160828, 0000,  , HU, 29.3N,  54.2W,  75,  980,  120,  120,   50,   70,   50,   40,   20,   40,   20,   20,   10,   20, -999,  29.21,  28.97,  28.92,  28.87,  28.86,  28.90,  29.13,  29.28,  29.36,  29.22,  29.05,  29.15,  29.24,  29.06,  29.06,  29.04,  28.63,  26.63,  26.81,  27.45,  27.47,  27.33,  27.37,  27.40,  27.49,  27.80,  27.55,  27.68,  27.94,  28.04,  28.15
20160828, 0600,  , HU, 29.9N,  54.5W,  80,  976,  120,  120,   50,   80,   60,   40,   20,   40,   20,   20,   10,   20, -999,  29.15,  28.89,  28.93,  28.84,  28.93,  29.00,  29.27,  29.40,  29.45,  29.39,  29.22,  29.26,  29.33,  29.16,  29.17,  29.15,  28.87,  26.19,  26.11,  26.50,  26.71,  26.98,  27.33,  27.36,  27.37,  27.66,  27.76,  27.84,  28.14,  28.11,  28.30
20160828, 1200,  , HU, 30.3N,  54.7W,  90,  969,  120,  120,   60,   80,   60,   40,   30,   40,   20,   20,   10,   20, -999,  29.05,  28.91,  28.98,  28.87,  28.98,  29.02,  29.20,  29.40,  29.51,  29.47,  29.26,  29.19,  29.23,  29.07,  29.10,  29.10,  28.30,  25.19,  25.06,  25.54,  25.85,  26.05,  26.36,  26.46,  26.41,  26.24,  26.74,  27.10,  27.39,  27.43,  27.69
20160828, 1800,  , HU, 30.5N,  55.0W, 100,  962,  120,  120,   80,   80,   60,   40,   40,   40,   20,   20,   20,   20, -999,  29.01,  28.89,  28.99,  28.83,  29.04,  29.12,  29.31,  29.45,  29.58,  29.49,  29.28,  29.18,  29.18,  29.08,  29.21,  29.23,  28.29,  25.33,  25.01,  25.27,  25.38,  25.42,  25.59,  25.66,  25.67,  25.47,  26.13,  26.59,  27.09,  27.24,  27.24
20160829, 0000,  , HU, 30.6N,  55.2W, 105,  955,  120,  120,   80,   80,   60,   40,   40,   40,   30,   20,   20,   20, -999,  28.96,  29.05,  28.84,  29.03,  29.11,  29.25,  29.41,  29.50,  29.42,  29.26,  29.14,  29.09,  29.01,  29.15,  29.18,  28.10,  24.91,  24.45,  24.61,  24.77,  24.79,  24.97,  25.42,  25.42,  24.97,  25.77,  26.36,  26.95,  27.17,  27.24,  27.13
20160829, 0600,  , HU, 30.7N,  55.3W, 100,  960,  120,  120,   80,   80,   60,   40,   40,   40,   30,   20,   20,   20, -999,  28.96,  29.05,  28.84,  29.03,  29.11,  29.25,  29.41,  29.50,  29.42,  29.26,  29.14,  29.09,  29.01,  29.15,  29.18,  28.10,  24.91,  24.45,  24.61,  24.77,  24.79,  24.97,  25.42,  25.42,  24.97,  25.77,  26.36,  26.95,  27.17,  27.24,  27.13
20160829, 1200,  , HU, 30.8N,  55.4W,  95,  964,  120,  120,   80,   80,   60,   60,   40,   40,   30,   30,   20,   20, -999,  29.06,  29.15,  28.84,  28.97,  29.07,  29.21,  29.31,  29.35,  29.28,  29.21,  29.09,  29.00,  28.91,  29.10,  29.12,  27.87,  25.28,  24.63,  24.63,  24.80,  24.85,  25.10,  25.61,  25.55,  24.68,  25.54,  26.10,  26.72,  27.01,  27.13,  26.98
20160829, 1800,  , HU, 31.1N,  55.4W,  90,  967,  120,  120,   80,   80,   60,   60,   40,   40,   30,   30,   20,   20, -999,  28.96,  29.13,  28.85,  28.90,  29.02,  29.18,  29.21,  29.23,  29.20,  29.06,  28.93,  28.94,  28.83,  28.98,  28.92,  27.52,  25.31,  24.94,  25.12,  25.43,  25.57,  25.87,  26.35,  26.24,  25.17,  26.00,  26.49,  27.03,  27.21,  27.30,  27.11
20160830, 0000,  , HU, 31.4N,  54.9W,  85,  970,  120,  120,   80,   80,   60,   60,   40,   40,   30,   30,   20,   25, -999,  28.93,  28.81,  28.81,  28.87,  28.95,  29.01,  29.08,  29.17,  28.97,  28.83,  28.94,  28.83,  28.89,  28.75,  27.82,  25.32,  25.00,  25.28,  25.57,  25.61,  25.77,  26.21,  26.07,  25.33,  25.89,  26.35,  26.81,  26.93,  27.17,  27.13,  26.68
20160830, 0600,  , HU, 31.7N,  54.4W,  85,  970,  120,  120,   80,   80,   60,   60,   40,   40,   35,   35,   25,   25, -999,  28.67,  28.71,  28.63,  28.67,  28.77,  28.87,  29.02,  29.12,  28.91,  28.73,  28.83,  28.81,  28.86,  28.77,  27.97,  25.41,  25.05,  25.52,  25.80,  25.79,  25.97,  26.17,  25.90,  25.12,  25.50,  25.83,  26.40,  26.73,  27.26,  27.18,  26.79
20160830, 1200,  , HU, 32.0N,  53.5W,  85,  968,  120,  130,  100,   90,   60,   70,   60,   50,   35,   35,   25,   25, -999,  28.37,  28.48,  28.24,  28.28,  28.40,  28.58,  28.73,  28.95,  28.81,  28.66,  28.72,  28.75,  28.65,  28.62,  27.79,  25.72,  25.40,  25.72,  25.84,  25.83,  26.32,  26.34,  25.95,  25.62,  25.72,  25.73,  26.35,  26.96,  27.21,  27.05,  26.67
20160830, 1800,  , HU, 32.4N,  52.5W,  95,  963,  120,  140,  100,   90,   60,   70,   60,   50,   40,   35,   30,   30, -999,  28.50,  28.53,  28.37,  28.50,  28.49,  28.65,  28.84,  29.37,  29.15,  28.88,  28.83,  28.79,  28.71,  28.66,  28.11,  26.82,  25.99,  25.99,  26.15,  26.20,  26.50,  26.91,  26.71,  26.70,  26.84,  26.78,  26.90,  27.07,  27.20,  27.31,  27.10
20160831, 0000,  , HU, 32.7N,  51.5W, 105,  955,  130,  140,  110,   90,   70,   80,   60,   50,   40,   40,   30,   30, -999,  27.85,  27.88,  28.11,  28.23,  28.37,  28.50,  28.97,  28.63,  28.44,  28.30,  28.31,  28.39,  28.01,  27.78,  27.54,  26.25,  26.47,  26.76,  27.07,  27.42,  27.61,  27.38,  27.03,  26.96,  26.90,  26.98,  27.08,  27.19,  27.48,  27.08,  26.99
20160831, 0600,  , HU, 33.1N,  50.5W, 105,  955,  130,  140,  120,   90,   70,   80,   60,   50,   40,   40,   40,   30, -999,  27.56,  27.67,  27.98,  28.00,  28.15,  28.36,  28.72,  28.34,  28.33,  28.31,  28.29,  28.34,  28.07,  27.60,  27.50,  25.79,  25.83,  25.67,  25.67,  25.88,  25.76,  25.55,  25.75,  25.94,  25.85,  26.13,  26.29,  26.44,  26.89,  26.79,  26.61
20160831, 1200,  , HU, 33.7N,  49.2W, 100,  960,  130,  150,  120,   90,   70,   80,   60,   50,   40,   40,   40,   30, -999,  27.39,  27.46,  27.62,  27.48,  27.68,  27.95,  27.86,  27.96,  28.23,  28.14,  28.10,  28.08,  27.88,  27.93,  27.70,  26.08,  25.41,  25.19,  25.24,  25.48,  25.76,  25.70,  25.91,  26.21,  26.25,  26.53,  26.58,  26.60,  26.84,  26.91,  26.70
20160831, 1800,  , HU, 34.5N,  47.9W,  95,  965,  130,  150,  120,   90,   70,   90,   60,   50,   40,   50,   40,   30, -999,  27.20,  27.03,  27.18,  26.98,  27.24,  27.54,  27.57,  27.76,  27.90,  28.03,  28.13,  28.06,  27.89,  27.83,  27.75,  26.84,  26.07,  25.95,  25.85,  25.88,  25.88,  25.77,  25.66,  25.94,  25.95,  26.02,  26.09,  25.91,  25.90,  25.90,  25.54
20160901, 0000,  , HU, 35.5N,  46.3W,  90,  969,  130,  160,  130,   90,   70,   90,   80,   50,   50,   60,   40,   30, -999,  26.09,  26.31,  26.25,  26.39,  26.82,  26.66,  26.88,  27.23,  27.44,  27.31,  27.12,  27.04,  26.88,  27.05,  26.58,  25.11,  24.79,  24.91,  24.96,  25.05,  24.97,  25.11,  25.51,  25.79,  25.80,  25.75,  25.51,  25.55,  25.58,  25.49,  25.48
20160901, 0600,  , HU, 36.3N,  44.3W,  85,  973,  130,  160,  140,   90,   70,  100,   80,   50,   50,   70,   40,   30, -999,  26.43,  26.82,  26.72,  26.72,  26.86,  26.78,  26.80,  27.04,  27.16,  27.12,  27.36,  27.35,  27.24,  27.21,  26.22,  24.70,  24.61,  24.63,  24.22,  23.66,  23.71,  24.09,  24.53,  24.58,  24.85,  24.81,  24.88,  25.16,  25.40,  25.65,  25.30
20160901, 1200,  , HU, 37.1N,  42.0W,  80,  976,  130,  160,  140,   90,   70,  100,   80,   50,   40,   70,   40,   30, -999,  25.55,  25.81,  25.75,  25.65,  25.55,  25.50,  25.50,  25.73,  25.84,  25.98,  25.88,  26.00,  26.04,  26.01,  25.16,  24.79,  24.98,  24.85,  24.36,  24.21,  23.77,  23.68,  23.90,  24.14,  24.31,  24.31,  24.20,  24.40,  24.48,  24.85,  24.78
20160901, 1800,  , HU, 37.8N,  39.5W,  75,  981,  130,  160,  140,   90,   70,  100,   80,   40,   40,   70,   40,   20, -999,  25.34,  25.57,  25.42,  25.25,  25.07,  25.07,  25.02,  24.87,  24.99,  24.97,  24.80,  24.84,  24.98,  25.08,  25.16,  24.52,  24.43,  24.83,  24.82,  24.85,  24.51,  24.39,  24.33,  24.48,  24.54,  24.27,  24.02,  23.97,  23.93,  24.09,  24.07
20160902, 0000,  , HU, 38.2N,  37.0W,  70,  985,  120,  140,  130,   90,   60,   90,   60,   40,   40,   60,   40,    0, -999,  24.67,  24.71,  24.61,  24.38,  24.27,  24.30,  24.01,  24.27,  24.32,  24.37,  24.47,  24.60,  24.63,  24.81,  24.38,  24.06,  24.20,  24.00,  23.72,  23.30,  23.12,  23.04,  23.26,  23.35,  23.16,  22.99,  23.13,  23.62,  23.37,  23.10,  23.06
20160902, 0600,  , HU, 38.5N,  35.0W,  65,  988,  120,  130,  110,   70,   60,   90,   60,   40,   30,   60,   40,    0, -999,  24.62,  24.74,  24.89,  24.48,  24.46,  24.31,  24.33,  24.40,  24.56,  24.60,  24.75,  24.86,  24.90,  25.15,  24.98,  24.44,  24.40,  23.83,  23.74,  23.57,  23.48,  23.56,  23.47,  23.52,  23.38,  22.77,  22.96,  23.51,  23.47,  23.39,  23.28
20160902, 1200,  , TS, 38.9N,  33.0W,  60,  992,  120,  130,  100,   60,   60,   90,    0,    0,    0,    0,    0,    0, -999,  24.21,  24.27,  24.44,  24.13,  23.53,  23.67,  23.63,  23.52,  23.48,  23.40,  23.34,  23.62,  23.97,  23.78,  23.55,  23.23,  23.31,  23.13,  23.08,  23.04,  22.85,  22.82,  23.00,  23.08,  22.93,  22.51,  23.04,  23.39,  23.28,  23.05,  22.96
20160902, 1800,  , LO, 39.3N,  31.2W,  45, 1003,  100,  130,  100,    0,    0,    0,    0,    0,    0,    0,    0,    0, -999,  23.73,  23.81,  23.97,  23.54,  23.37,  23.65,  23.42,  23.07,  23.10,  23.13,  23.08,  23.25,  23.62,  23.61,  23.67,  23.00,  23.14,  23.11,  22.77,  22.43,  22.17,  22.44,  22.90,  22.92,  22.67,  21.90,  22.07,  22.26,  22.47,  22.63,  22.64
20160903, 0000,  , LO, 39.7N,  29.5W,  35, 1006,    0,   90,    0,    0,    0,    0,    0,    0,    0,    0,    0,    0, -999,  23.51,  23.54,  23.43,  23.22,  23.54,  23.22,  22.69,  22.60,  22.65,  22.88,  22.93,  23.02,  23.00,  22.92,  22.44,  22.80,  22.96,  22.89,  22.82,  22.56,  22.79,  22.86,  22.86,  22.72,  22.50,  22.63,  22.35,  22.10,  22.01,  21.97,  21.82
20160903, 0600,  , LO, 40.2N,  27.8W,  30, 1007,    0,    0,    0,    0,    0,    0,    0,    0,    0,    0,    0,    0, -999,  23.54,  23.51,  23.43,  23.26,  23.17,  22.85,  22.67,  22.54,  22.62,  22.79,  22.92,  23.03,  23.11,  23.30,  23.12,  22.93,  23.06,  22.94,  22.67,  22.55,  22.53,  22.43,  22.25,  22.05,  22.00,  22.06,  21.83,  21.68,  21.81,  21.85,  21.47
20160903, 1200,  , LO, 40.9N,  26.1W,  25, 1008,    0,    0,    0,    0,    0,    0,    0,    0,    0,    0,    0,    0, -999,  23.13,  22.97,  22.78,  22.66,  22.67,  22.72,  22.63,  22.32,  22.41,  22.60,  22.58,  22.56,  22.59,  22.58,  22.61,  22.58,  22.77,  22.62,  22.33,  22.13,  21.98,  21.90,  21.72,  21.55,  21.54,  21.65,  21.52,  21.28,  21.31,  21.38,  21.19
