AL071985,            UNNAMED,     10,
19850911, 1200,  , TD, 11.5N,  60.5W,  25, -999, -999, -999, -999, -999, -999, -999, -999, -999, -999, -999, -999, -999, -999,  28.48,  28.50,  28.37,  28.57,  28.55,  28.56,  28.29,  28.29,  27.65,  27.47,  27.63,  27.48,  27.87,  27.96,  27.69,  27.18,  26.64,  27.60,  27.71,  27.70,  27.92,  28.67,  28.75,  28.58,  28.54,  28.58,  28.58,  28.50,  28.51,  28.03,  27.15
19850911, 1800,  , TD, 12.0N,  61.2W,  30, -999, -999, -999, -999, -999, -999, -999, -999, -999, -999, -999, -999, -999, -999,  28.29,  28.59,  28.56,  28.62,  28.42,  28.35,  28.04,  27.99,  27.39,  27.45,  27.75,  27.38,  27.93,  28.16,  27.24,  26.58,  26.39,  27.81,  28.00,  27.80,  28.06,  28.69,  28.78,  28.53,  28.24,  28.21,  28.44,  28.30,  28.36,  27.87,  27.66
19850912, 0000,  , TD, 12.4N,  62.2W,  30, -999, -999, -999, -999, -999, -999, -999, -999, -999, -999, -999, -999, -999, -999,  28.06,  28.29,  28.03,  27.98,  28.00,  27.89,  27.25,  26.89,  27.87,  28.26,  28.00,  28.16,  28.15,  26.95,  26.67,  26.67,  27.91,  27.91,  27.89,  28.14,  28.64,  28.90,  28.96,  28.26,  28.04,  28.42,  28.45,  27.96,  27.71,  27.93,  27.96
19850912, 0600,  , TD, 12.8N,  63.2W,  30, -999, -999, -999, -999, -999, -999, -999, -999, -999, -999, -999, -999, -999, -999,  27.85,  27.79,  27.59,  27.50,  27.55,  27.62,  26.82,  26.88,  27.67,  28.44,  28.38,  28.42,  28.02,  27.52,  27.51,  27.59,  28.29,  28.24,  28.35,  28.33,  28.64,  28.61,  28.51,  27.96,  27.99,  28.15,  28.09,  27.12,  27.29,  27.57,  27.61
19850912, 1200,  , TD, 12.9N,  64.1W,  30, -999, -999, -999, -999, -999, -999, -999, -999, -999, -999, -999, -999, -999, -999,  28.65,  28.05,  27.86,  27.64,  27.69,  27.22,  26.81,  26.99,  27.52,  27.66,  27.30,  27.13,  27.60,  27.84,  27.78,  27.77,  28.19,  27.90,  27.62,  27.70,  28.02,  28.09,  28.06,  27.78,  27.77,  27.82,  27.78,  27.59,  27.67,  27.37,  27.26
19850912, 1800,  , TD, 13.1N,  65.6W,  30, -999, -999, -999, -999, -999, -999, -999, -999, -999, -999, -999, -999, -999, -999,  28.80,  27.80,  27.50,  27.62,  27.69,  26.56,  26.48,  27.32,  27.39,  27.33,  27.02,  26.95,  27.29,  27.35,  27.24,  27.16,  27.95,  28.06,  27.91,  28.03,  28.08,  28.08,  27.80,  27.74,  27.60,  28.00,  27.83,  27.52,  27.50,  28.25,  28.29
19850913, 0000,  , TD, 13.4N,  67.0W,  30, -999, -999, -999, -999, -999, -999, -999, -999, -999, -999, -999, -999, -999, -999,  29.54,  28.71,  28.62,  28.79,  27.30,  27.23,  27.56,  27.84,  28.47,  28.58,  28.54,  28.32,  28.30,  28.13,  27.93,  28.34,  28.43,  28.27,  28.37,  28.41,  27.84,  27.90,  27.93,  28.10,  28.33,  28.31,  28.17,  28.16,  28.13,  28.05,  28.09
19850913, 0600,  , TD, 13.8N,  68.5W,  30, -999, -999, -999, -999, -999, -999, -999, -999, -999, -999, -999, -999, -999, -999,  28.42,  27.93,  27.95,  28.73,  28.87,  28.50,  28.05,  27.58,  27.91,  27.97,  27.57,  28.22,  28.53,  28.54,  28.63,  28.60,  28.55,  28.35,  28.54,  28.44,  28.32,  28.25,  28.18,  28.48,  28.79,  28.72,  28.81,  28.84,  28.56,  28.39,  28.22
19850913, 1200,  , TD, 14.0N,  70.0W,  25, -999, -999, -999, -999, -999, -999, -999, -999, -999, -999, -999, -999, -999, -999,  28.00,  28.28,  28.44,  28.57,  28.63,  28.96,  28.61,  27.52,  27.83,  28.35,  28.58,  28.58,  27.99,  27.94,  28.10,  28.03,  28.25,  28.44,  28.25,  28.22,  28.29,  28.52,  28.64,  28.80,  28.95,  28.99,  28.88,  28.86,  29.04,  28.95,  28.84
19850913, 1800,  , TD, 14.2N,  71.8W,  20, -999, -999, -999, -999, -999, -999, -999, -999, -999, -999, -999, -999, -999, -999,  28.03,  28.33,  28.40,  28.58,  28.63,  28.82,  27.72,  26.98,  27.02,  28.78,  28.77,  28.75,  28.67,  28.72,  28.53,  28.23,  28.15,  28.62,  28.51,  28.49,  28.55,  28.72,  28.90,  29.04,  29.08,  29.17,  29.19,  29.18,  28.45,  28.43,  29.05
