AL071992,           DANIELLE,     18,
19920922, 1200,  , TD, 32.5N,  74.6W,  30, 1009, -999, -999, -999, -999, -999, -999, -999, -999, -999, -999, -999, -999, -999,  27.87,  28.03,  28.03,  27.82,  27.85,  27.87,  27.21,  27.02,  27.04,  26.84,  26.69,  26.55,  26.68,  26.65,  26.44,  26.37,  26.09,  26.23,  26.69,  26.99,  26.71,  26.85,  26.98,  26.95,  26.18,  25.75,  25.78,  25.91,  26.01,  25.72,  25.11
19920922, 1800,  , TS, 32.8N,  74.2W,  45, 1006, -999, -999, -999, -999, -999, -999, -999, -999, -999, -999, -999, -999, -999,  27.84,  27.90,  27.77,  27.34,  27.24,  27.26,  26.56,  26.23,  26.36,  26.41,  26.40,  26.65,  26.89,  26.87,  26.69,  26.57,  26.25,  26.88,  27.09,  26.90,  26.10,  26.18,  26.48,  26.53,  26.03,  25.53,  25.64,  25.82,  25.87,  25.36,  25.09
19920923, 0000,  , TS, 33.6N,  73.8W,  45, 1005, -999, -999, -999, -999, -999, -999, -999, -999, -999, -999, -999, -999, -999,  26.99,  27.00,  27.19,  27.03,  26.87,  26.23,  26.23,  26.48,  26.82,  26.90,  27.11,  27.08,  27.01,  26.54,  26.31,  25.71,  26.32,  26.54,  26.71,  25.90,  26.12,  26.18,  26.18,  25.98,  25.63,  25.56,  25.57,  25.65,  25.23,  24.75,  24.72
19920923, 0600,  , TS, 34.1N,  73.5W,  45, 1005, -999, -999, -999, -999, -999, -999, -999, -999, -999, -999, -999, -999, -999,  26.35,  26.41,  26.91,  26.46,  26.26,  26.05,  26.09,  26.28,  26.75,  27.08,  27.14,  26.65,  26.67,  25.87,  25.57,  25.45,  26.18,  26.61,  26.76,  25.87,  25.87,  25.88,  25.91,  25.79,  25.62,  25.56,  25.54,  25.49,  24.86,  24.53,  24.51
19920923, 1200,  , TS, 34.3N,  73.2W,  40, 1005, -999, -999, -999, -999, -999, -999, -999, -999, -999, -999, -999, -999, -999,  26.65,  26.66,  27.01,  26.67,  26.59,  26.26,  26.21,  26.30,  26.87,  27.39,  27.65,  27.10,  27.07,  26.24,  25.63,  25.28,  26.16,  26.44,  26.66,  25.88,  25.88,  25.80,  25.78,  25.73,  25.52,  25.48,  25.48,  25.48,  25.10,  24.60,  24.66
19920923, 1800,  , TS, 34.3N,  73.1W,  40, 1006, -999, -999, -999, -999, -999, -999, -999, -999, -999, -999, -999, -999, -999,  26.65,  26.66,  27.01,  26.67,  26.59,  26.26,  26.21,  26.30,  26.87,  27.39,  27.65,  27.10,  27.07,  26.24,  25.63,  25.28,  26.16,  26.44,  26.66,  25.88,  25.88,  25.80,  25.78,  25.73,  25.52,  25.48,  25.48,  25.48,  25.10,  24.60,  24.66
19920924, 0000,  , TS, 34.0N,  73.0W,  40, 1006, -999, -999, -999, -999, -999, -999, -999, -999, -999, -999, -999, -999, -999,  26.66,  27.01,  26.67,  26.59,  26.26,  26.21,  26.30,  26.87,  27.39,  27.65,  27.10,  27.07,  26.24,  25.63,  25.28,  26.16,  26.44,  26.66,  25.88,  25.88,  25.80,  25.78,  25.73,  25.52,  25.48,  25.48,  25.48,  25.10,  24.60,  24.66,  24.88
19920924, 0600,  , TS, 33.8N,  73.1W,  40, 1005, -999, -999, -999, -999, -999, -999, -999, -999, -999, -999, -999, -999, -999,  26.83,  27.16,  26.94,  26.88,  26.24,  26.22,  26.30,  26.73,  27.04,  27.16,  26.91,  26.86,  26.11,  25.58,  25.06,  26.02,  26.46,  26.67,  25.96,  25.94,  25.91,  25.89,  25.79,  25.51,  25.47,  25.46,  25.50,  25.21,  24.57,  24.62,  24.73
19920924, 1200,  , TS, 33.9N,  73.3W,  40, 1005, -999, -999, -999, -999, -999, -999, -999, -999, -999, -999, -999, -999, -999,  26.75,  27.07,  26.80,  26.64,  26.12,  26.14,  26.33,  26.71,  26.93,  27.02,  26.77,  26.73,  26.04,  25.57,  25.08,  25.99,  26.41,  26.72,  25.95,  25.92,  25.91,  25.91,  25.80,  25.53,  25.50,  25.49,  25.52,  25.12,  24.63,  24.65,  24.74
19920924, 1800,  , TS, 34.1N,  73.8W,  40, 1005, -999, -999, -999, -999, -999, -999, -999, -999, -999, -999, -999, -999, -999,  26.41,  26.91,  26.46,  26.26,  26.05,  26.09,  26.28,  26.75,  27.08,  27.14,  26.65,  26.67,  25.87,  25.57,  25.45,  26.18,  26.61,  26.76,  25.87,  25.87,  25.88,  25.91,  25.79,  25.62,  25.56,  25.54,  25.49,  24.86,  24.53,  24.51,  24.62
19920925, 0000,  , TS, 34.3N,  74.3W,  45, 1004, -999, -999, -999, -999, -999, -999, -999, -999, -999, -999, -999, -999, -999,  27.27,  27.36,  27.31,  27.05,  26.84,  26.69,  26.93,  27.17,  27.05,  26.78,  26.77,  26.38,  26.63,  26.85,  27.41,  27.45,  26.93,  26.26,  26.22,  26.20,  26.22,  26.28,  26.04,  25.93,  25.98,  25.90,  25.07,  24.78,  24.71,  24.52,  24.75
19920925, 0600,  , TS, 34.9N,  74.8W,  45, 1004, -999, -999, -999, -999, -999, -999, -999, -999, -999, -999, -999, -999, -999,  27.96,  27.75,  27.74,  27.80,  28.05,  28.16,  27.34,  27.03,  27.74,  28.01,  27.70,  27.17,  27.34,  27.14,  27.06,  26.73,  26.30,  26.38,  26.33,  26.29,  26.57,  27.08,  27.04,  27.02,  26.99,  26.52,  25.56,  25.01,  24.98,  25.66,  26.32
19920925, 1200,  , TS, 35.9N,  75.2W,  55, 1001, -999, -999, -999, -999, -999, -999, -999, -999, -999, -999, -999, -999, -999,  25.71,  25.46,  24.54,  24.32,  23.96,  23.88,  23.71,  24.02,  25.14,  25.58,  24.54,  24.40,  24.33,  24.67,  24.80,  24.10,  22.51,  22.22,  22.34,  22.42,  22.58,  23.02,  23.40,  23.39,  23.22,  22.98,  21.67,  21.08,  21.08,  20.96,  20.93
19920925, 1800,  , TS, 37.0N,  75.4W,  55, 1007, -999, -999, -999, -999, -999, -999, -999, -999, -999, -999, -999, -999, -999,  25.35,  24.90,  24.22,  23.68,  23.26,  23.05,  23.37,  23.54,  23.56,  23.41,  22.07,  22.18,  23.05,  23.33,  22.65,  21.97,  20.75,  20.40,  20.75,  20.39,  19.97,  19.82,  19.94,  20.09,  20.16,  19.79,  18.65,  18.78,  18.85,  18.77,  18.69
19920925, 2200, L, TS, 37.8N,  75.5W,  55, 1007, -999, -999, -999, -999, -999, -999, -999, -999, -999, -999, -999, -999, -999,    nan,    nan,    nan,    nan,    nan,    nan,    nan,    nan,    nan,    nan,    nan,    nan,    nan,    nan,    nan,    nan,    nan,    nan,    nan,    nan,    nan,    nan,    nan,    nan,    nan,    nan,    nan,    nan,    nan,    nan,    nan
19920926, 0000,  , TS, 38.3N,  75.6W,  40, 1008, -999, -999, -999, -999, -999, -999, -999, -999, -999, -999, -999, -999, -999,    nan,    nan,    nan,    nan,    nan,    nan,    nan,    nan,    nan,    nan,    nan,    nan,    nan,    nan,    nan,    nan,    nan,    nan,    nan,    nan,    nan,    nan,    nan,    nan,    nan,    nan,    nan,    nan,    nan,    nan,    nan
19920926, 0600,  , TS, 39.6N,  75.9W,  35, 1010, -999, -999, -999, -999, -999, -999, -999, -999, -999, -999, -999, -999, -999,    nan,    nan,    nan,    nan,    nan,    nan,    nan,    nan,    nan,    nan,    nan,    nan,    nan,    nan,    nan,    nan,    nan,    nan,    nan,    nan,    nan,    nan,    nan,    nan,    nan,    nan,    nan,    nan,    nan,    nan,    nan
19920926, 1200,  , TD, 40.5N,  76.5W,  25, 1014, -999, -999, -999, -999, -999, -999, -999, -999, -999, -999, -999, -999, -999,    nan,    nan,    nan,    nan,    nan,    nan,    nan,    nan,    nan,    nan,    nan,    nan,    nan,    nan,    nan,    nan,    nan,    nan,    nan,    nan,    nan,    nan,    nan,    nan,    nan,    nan,    nan,    nan,    nan,    nan,    nan
