AL081996,           HORTENSE,     53,
19960903, 1200,  , TD, 14.9N,  41.0W,  25, 1006, -999, -999, -999, -999, -999, -999, -999, -999, -999, -999, -999, -999, -999,  25.87,  25.91,  26.64,  26.71,  27.06,  26.93,  26.96,  26.91,  26.88,  27.04,  27.00,  28.52,  26.48,  25.56,  26.46,  26.74,  26.83,  27.17,  27.03,  27.63,  26.81,  26.33,  27.71,  27.80,  27.45,  26.55,  26.82,  26.95,  27.56,  28.17,  28.25
19960903, 1800,  , TD, 14.9N,  42.7W,  30, 1006, -999, -999, -999, -999, -999, -999, -999, -999, -999, -999, -999, -999, -999,  25.99,  25.88,  25.91,  25.58,  25.64,  26.36,  26.52,  26.61,  26.69,  27.13,  27.30,  27.90,  27.66,  27.41,  27.40,  27.51,  27.25,  27.22,  26.87,  27.21,  27.71,  27.37,  27.55,  27.40,  27.47,  27.46,  27.41,  27.31,  27.59,  28.13,  28.28
19960904, 0000,  , TD, 14.8N,  44.1W,  30, 1006, -999, -999, -999, -999, -999, -999, -999, -999, -999, -999, -999, -999, -999,  27.46,  27.42,  26.05,  25.78,  26.15,  26.43,  26.56,  26.60,  27.05,  26.78,  27.74,  28.49,  28.61,  27.23,  27.00,  26.98,  27.05,  26.89,  28.10,  28.15,  28.01,  27.54,  27.34,  28.01,  28.08,  27.71,  26.96,  27.56,  27.64,  28.22,  27.55
19960904, 0600,  , TD, 14.7N,  45.4W,  30, 1006, -999, -999, -999, -999, -999, -999, -999, -999, -999, -999, -999, -999, -999,  27.37,  27.08,  26.97,  27.06,  27.15,  27.03,  26.93,  27.00,  27.11,  26.69,  26.87,  27.88,  28.16,  27.06,  26.72,  26.83,  26.98,  27.27,  27.38,  27.99,  27.94,  27.48,  27.51,  28.21,  28.50,  28.31,  27.99,  28.22,  27.97,  28.27,  27.77
19960904, 1200,  , TD, 14.6N,  46.6W,  30, 1006, -999, -999, -999, -999, -999, -999, -999, -999, -999, -999, -999, -999, -999,  27.20,  26.84,  26.54,  26.57,  26.55,  26.80,  26.92,  26.95,  26.90,  27.02,  27.15,  27.05,  27.18,  27.31,  26.98,  26.84,  26.91,  27.56,  27.56,  27.81,  27.98,  27.83,  27.40,  27.88,  28.17,  27.92,  27.91,  27.97,  27.94,  28.01,  27.90
19960904, 1800,  , TD, 14.7N,  47.5W,  30, 1006, -999, -999, -999, -999, -999, -999, -999, -999, -999, -999, -999, -999, -999,  27.38,  26.45,  25.96,  25.92,  25.83,  26.84,  26.96,  26.96,  26.91,  26.87,  26.96,  26.68,  26.88,  27.38,  26.73,  26.56,  26.61,  27.28,  27.45,  27.81,  28.08,  27.80,  28.01,  28.16,  28.44,  28.63,  28.50,  28.47,  28.55,  28.37,  27.79
19960905, 0000,  , TD, 14.9N,  48.4W,  30, 1006, -999, -999, -999, -999, -999, -999, -999, -999, -999, -999, -999, -999, -999,  26.42,  26.24,  25.76,  25.86,  26.59,  26.76,  26.77,  27.27,  27.33,  27.21,  26.51,  26.35,  26.84,  26.54,  26.71,  26.65,  26.72,  27.28,  27.69,  27.69,  27.53,  27.88,  27.88,  28.39,  28.30,  28.00,  28.22,  28.24,  28.04,  27.99,  28.07
19960905, 0600,  , TD, 14.8N,  49.5W,  30, 1006, -999, -999, -999, -999, -999, -999, -999, -999, -999, -999, -999, -999, -999,  27.61,  27.69,  26.21,  26.07,  26.19,  27.17,  27.41,  27.71,  27.59,  27.35,  26.64,  26.44,  26.91,  27.30,  27.89,  27.23,  27.00,  27.72,  27.98,  27.77,  28.11,  27.90,  27.77,  28.56,  28.09,  27.87,  28.13,  28.17,  28.26,  27.87,  27.94
19960905, 1200,  , TD, 14.5N,  51.1W,  30, 1006, -999, -999, -999, -999, -999, -999, -999, -999, -999, -999, -999, -999, -999,  27.59,  27.42,  26.72,  26.79,  27.20,  29.19,  29.22,  28.47,  28.04,  27.72,  26.74,  26.64,  27.98,  28.06,  28.06,  27.53,  27.32,  27.49,  27.87,  27.55,  28.34,  28.28,  27.91,  27.98,  28.08,  27.99,  27.83,  28.23,  28.47,  28.39,  28.17
19960905, 1800,  , TD, 14.3N,  52.6W,  30, 1006, -999, -999, -999, -999, -999, -999, -999, -999, -999, -999, -999, -999, -999,  27.04,  27.44,  27.54,  27.58,  27.60,  28.37,  28.34,  28.21,  27.99,  28.12,  27.17,  27.11,  28.15,  28.25,  28.41,  28.52,  27.62,  27.70,  27.99,  27.94,  28.07,  28.08,  28.03,  28.14,  28.12,  28.03,  27.81,  28.00,  27.90,  27.95,  27.69
19960906, 0000,  , TD, 14.4N,  53.6W,  30, 1006, -999, -999, -999, -999, -999, -999, -999, -999, -999, -999, -999, -999, -999,  28.08,  28.24,  28.23,  27.87,  28.31,  28.29,  28.15,  27.49,  27.81,  27.98,  28.13,  28.26,  28.27,  28.41,  28.48,  27.65,  27.66,  28.13,  28.44,  28.56,  28.61,  28.51,  28.83,  28.21,  28.05,  28.07,  28.45,  28.32,  28.24,  28.00,  28.05
19960906, 0600,  , TD, 14.6N,  54.3W,  30, 1006, -999, -999, -999, -999, -999, -999, -999, -999, -999, -999, -999, -999, -999,  27.99,  28.18,  28.16,  28.46,  28.60,  28.37,  27.93,  27.72,  28.08,  28.28,  28.31,  28.29,  28.14,  27.99,  28.01,  27.44,  27.96,  28.25,  28.38,  28.45,  28.42,  28.56,  28.82,  27.81,  27.99,  28.04,  28.32,  28.42,  28.48,  28.49,  28.58
19960906, 1200,  , TD, 14.7N,  55.1W,  30, 1006, -999, -999, -999, -999, -999, -999, -999, -999, -999, -999, -999, -999, -999,  28.01,  28.31,  27.26,  27.68,  28.33,  28.51,  27.94,  27.91,  28.07,  28.08,  28.18,  28.46,  27.97,  27.64,  27.69,  27.71,  28.32,  28.31,  28.35,  28.75,  28.77,  28.87,  28.75,  27.91,  27.99,  27.98,  28.23,  28.34,  28.13,  27.65,  27.73
19960906, 1800,  , TD, 14.9N,  55.7W,  30, 1006, -999, -999, -999, -999, -999, -999, -999, -999, -999, -999, -999, -999, -999,  28.28,  28.20,  26.98,  26.97,  27.75,  28.04,  28.31,  28.40,  28.08,  27.93,  28.45,  28.53,  27.80,  27.67,  27.67,  27.69,  27.86,  27.67,  27.67,  28.26,  28.32,  28.08,  27.94,  27.65,  28.02,  28.07,  28.16,  28.23,  27.73,  27.42,  27.45
19960907, 0000,  , TD, 15.2N,  57.0W,  30, 1006, -999, -999, -999, -999, -999, -999, -999, -999, -999, -999, -999, -999, -999,  27.90,  26.76,  26.83,  27.43,  28.40,  28.53,  28.49,  27.91,  27.58,  27.79,  27.93,  27.53,  27.42,  27.65,  27.99,  28.10,  28.00,  27.78,  27.79,  27.87,  27.95,  28.16,  28.61,  28.69,  28.55,  28.56,  28.57,  28.42,  28.44,  28.42,  27.31
19960907, 0600,  , TS, 15.4N,  58.3W,  35, 1005, -999, -999, -999, -999, -999, -999, -999, -999, -999, -999, -999, -999, -999,  27.87,  28.05,  28.13,  28.36,  28.43,  28.45,  28.40,  27.88,  27.92,  27.96,  27.95,  28.28,  27.97,  28.26,  28.48,  28.54,  28.24,  28.00,  27.98,  27.97,  28.23,  28.25,  28.52,  28.66,  28.55,  28.46,  28.79,  28.69,  28.66,  28.82,  27.59
19960907, 1200,  , TS, 15.6N,  59.6W,  40, 1004, -999, -999, -999, -999, -999, -999, -999, -999, -999, -999, -999, -999, -999,  27.38,  28.29,  28.31,  27.99,  28.24,  28.39,  28.27,  28.00,  28.05,  28.04,  28.44,  28.82,  28.50,  28.34,  28.42,  28.40,  28.24,  28.00,  28.08,  28.11,  28.30,  28.35,  28.60,  28.65,  28.66,  28.65,  28.70,  28.61,  28.60,  28.55,  27.23
19960907, 1800,  , TS, 15.8N,  60.4W,  40, 1000, -999, -999, -999, -999, -999, -999, -999, -999, -999, -999, -999, -999, -999,  28.07,  28.55,  28.24,  27.68,  27.96,  28.21,  27.95,  27.90,  28.60,  28.75,  29.09,  29.08,  28.45,  27.83,  27.95,  28.12,  28.28,  28.27,  28.21,  28.30,  28.40,  28.37,  28.65,  28.63,  28.62,  28.85,  29.29,  29.27,  28.76,  28.68,  27.26
19960908, 0000,  , TS, 16.1N,  61.2W,  50,  996, -999, -999, -999, -999, -999, -999, -999, -999, -999, -999, -999, -999, -999,  28.35,  28.48,  28.06,  28.11,  28.38,  27.83,  27.91,  28.63,  28.83,  29.09,  29.13,  28.43,  27.97,  27.99,  28.10,  28.28,  28.13,  27.91,  27.95,  28.18,  28.22,  28.46,  28.57,  28.69,  28.82,  29.29,  29.39,  29.34,  29.25,  27.66,  27.46
19960908, 0600,  , TS, 16.1N,  62.0W,  55,  996, -999, -999, -999, -999, -999, -999, -999, -999, -999, -999, -999, -999, -999,  27.47,  28.54,  28.45,  28.07,  28.25,  28.02,  28.13,  28.60,  28.73,  28.72,  29.03,  29.16,  29.16,  28.46,  28.34,  28.37,  28.23,  27.67,  27.94,  28.54,  28.65,  28.84,  28.95,  28.85,  28.78,  28.69,  29.04,  29.13,  29.18,  28.14,  27.87
19960908, 1200,  , TS, 16.1N,  62.8W,  60,  996, -999, -999, -999, -999, -999, -999, -999, -999, -999, -999, -999, -999, -999,  26.64,  27.85,  27.99,  28.03,  28.24,  28.08,  28.16,  28.40,  28.65,  28.73,  28.76,  28.82,  28.87,  28.25,  28.08,  27.96,  28.00,  27.18,  27.39,  27.80,  28.27,  28.52,  28.68,  28.60,  28.58,  28.58,  28.89,  28.80,  28.47,  28.45,  28.24
19960908, 1800,  , TS, 16.1N,  63.6W,  60,  991, -999, -999, -999, -999, -999, -999, -999, -999, -999, -999, -999, -999, -999,  26.60,  27.59,  28.01,  28.12,  28.25,  28.16,  28.14,  28.44,  28.58,  28.75,  28.61,  28.96,  28.98,  28.80,  28.68,  28.60,  28.85,  27.48,  27.48,  27.48,  28.33,  28.57,  28.63,  28.53,  28.50,  28.71,  29.03,  28.78,  28.32,  28.52,  28.37
19960909, 0000,  , TS, 16.1N,  64.1W,  60,  990, -999, -999, -999, -999, -999, -999, -999, -999, -999, -999, -999, -999, -999,  27.53,  28.23,  28.18,  28.21,  28.11,  28.02,  28.47,  28.60,  28.59,  28.43,  29.04,  29.10,  29.13,  29.28,  29.29,  29.47,  27.93,  27.81,  27.85,  28.25,  28.32,  28.57,  28.55,  28.47,  28.80,  29.05,  28.77,  28.39,  28.67,  28.30,  28.02
19960909, 0600,  , HU, 16.1N,  64.5W,  70,  987, -999, -999, -999, -999, -999, -999, -999, -999, -999, -999, -999, -999, -999,  27.43,  28.40,  28.19,  28.07,  28.01,  27.98,  28.63,  28.85,  28.67,  28.64,  29.24,  29.19,  29.24,  29.34,  29.33,  29.41,  27.88,  27.79,  27.84,  27.95,  28.07,  28.46,  28.41,  28.30,  28.78,  28.89,  28.63,  28.70,  29.14,  28.74,  28.29
19960909, 1200,  , HU, 16.3N,  65.0W,  70,  985, -999, -999, -999, -999, -999, -999, -999, -999, -999, -999, -999, -999, -999,  27.46,  28.44,  28.17,  27.96,  27.99,  28.03,  28.61,  28.90,  28.65,  28.74,  29.30,  29.28,  29.31,  29.31,  29.28,  29.34,  27.84,  27.70,  27.82,  27.91,  28.17,  28.53,  28.43,  28.35,  28.87,  28.91,  28.67,  28.74,  29.31,  28.91,  28.41
19960909, 1800,  , HU, 16.6N,  65.6W,  70,  990, -999, -999, -999, -999, -999, -999, -999, -999, -999, -999, -999, -999, -999,  27.84,  28.45,  28.15,  27.86,  28.28,  28.60,  28.48,  29.09,  28.78,  28.93,  29.21,  29.13,  28.92,  29.31,  29.36,  29.31,  28.27,  27.85,  27.80,  27.85,  28.54,  28.71,  28.76,  28.74,  28.90,  28.84,  28.46,  28.52,  28.80,  28.52,  28.14
19960910, 0000,  , HU, 17.1N,  66.1W,  70,  989, -999, -999, -999, -999, -999, -999, -999, -999, -999, -999, -999, -999, -999,  28.40,  28.09,  27.86,  28.03,  29.15,  29.36,  29.64,  29.04,  28.93,  29.10,  28.72,  28.33,  28.52,  28.82,  28.76,  28.10,  27.83,  28.00,  27.97,  28.30,  28.46,  28.91,  28.98,  28.68,  28.42,  28.36,  28.46,  28.55,  28.40,  28.09,  28.13
19960910, 0600, L, HU, 18.0N,  66.9W,  70,  989, -999, -999, -999, -999, -999, -999, -999, -999, -999, -999, -999, -999,   30,    nan,    nan,    nan,    nan,    nan,    nan,    nan,    nan,    nan,    nan,    nan,    nan,    nan,    nan,    nan,    nan,    nan,    nan,    nan,    nan,    nan,    nan,    nan,    nan,    nan,    nan,    nan,    nan,    nan,    nan,    nan
19960910, 1200,  , HU, 18.3N,  67.8W,  65,  989, -999, -999, -999, -999, -999, -999, -999, -999, -999, -999, -999, -999, -999,  28.46,  28.33,  28.15,  28.10,  29.20,  29.31,  29.34,  29.23,  29.25,  28.98,  29.04,  29.09,  29.10,  28.89,  28.47,  28.31,  28.38,  28.59,  28.02,  27.94,  28.10,  28.16,  28.13,  28.43,  28.66,  28.71,  28.64,  28.57,  28.73,  28.58,  28.57
19960910, 1800,  , HU, 18.9N,  68.4W,  65,  990, -999, -999, -999, -999, -999, -999, -999, -999, -999, -999, -999, -999, -999,  27.80,  27.99,  27.93,  28.68,  29.61,  29.54,  28.90,  28.99,  29.09,  28.80,  28.75,  28.69,  28.65,  28.21,  27.82,  27.71,  27.59,  27.90,  27.64,  27.30,  27.54,  27.76,  27.87,  28.20,  28.36,  28.48,  28.41,  28.28,  28.14,  28.01,  28.02
19960911, 0000,  , HU, 19.5N,  68.9W,  70,  982, -999, -999, -999, -999, -999, -999, -999, -999, -999, -999, -999, -999, -999,  28.00,  28.09,  29.48,  29.62,  29.42,  28.92,  28.74,  28.67,  28.93,  28.94,  28.92,  28.55,  28.28,  28.29,  28.29,  28.17,  28.41,  28.43,  28.13,  28.08,  28.57,  28.74,  28.57,  28.46,  28.54,  28.39,  28.42,  28.21,  27.82,  27.78,  28.21
19960911, 0600,  , HU, 20.1N,  69.5W,  75,  975, -999, -999, -999, -999, -999, -999, -999, -999, -999, -999, -999, -999, -999,  28.23,  28.26,  29.65,  29.60,  29.30,  29.08,  28.41,  27.81,  28.51,  28.53,  28.53,  28.08,  27.98,  28.01,  28.05,  28.03,  27.93,  27.90,  28.05,  28.04,  27.86,  28.03,  28.04,  28.02,  28.27,  28.37,  28.59,  28.89,  28.57,  28.37,  28.07
19960911, 1200,  , HU, 20.9N,  70.1W,  90,  971, -999, -999, -999, -999, -999, -999, -999, -999, -999, -999, -999, -999, -999,  28.33,  28.35,  29.38,  29.40,  29.37,  29.21,  28.31,  27.89,  28.18,  28.52,  28.60,  28.06,  28.12,  27.99,  27.96,  27.75,  27.75,  27.96,  28.16,  28.16,  28.02,  28.23,  28.19,  28.12,  28.18,  28.15,  28.46,  28.62,  28.65,  28.53,  27.92
19960911, 1800,  , HU, 21.6N,  70.6W,  95,  970, -999, -999, -999, -999, -999, -999, -999, -999, -999, -999, -999, -999, -999,  28.05,  28.01,  29.52,  29.59,  29.24,  29.14,  29.05,  29.07,  28.99,  29.01,  29.03,  28.29,  28.23,  28.04,  27.79,  27.63,  27.58,  27.67,  28.08,  28.11,  27.89,  27.97,  28.08,  28.07,  28.11,  28.26,  28.44,  28.35,  28.28,  28.46,  28.63
19960912, 0000,  , HU, 22.3N,  71.1W, 100,  967, -999, -999, -999, -999, -999, -999, -999, -999, -999, -999, -999, -999, -999,  28.13,  28.98,  29.06,  29.21,  29.29,  29.09,  28.98,  28.90,  28.73,  28.70,  28.07,  28.14,  28.36,  27.88,  27.61,  27.09,  26.95,  27.51,  27.67,  27.85,  27.81,  27.73,  27.78,  28.02,  28.17,  28.23,  28.09,  28.07,  28.41,  28.67,  28.34
19960912, 0600,  , HU, 23.0N,  71.4W, 105,  962, -999, -999, -999, -999, -999, -999, -999, -999, -999, -999, -999, -999, -999,  28.22,  28.45,  28.61,  28.91,  29.06,  29.08,  29.08,  28.89,  28.31,  27.84,  27.75,  27.96,  28.11,  27.92,  27.85,  27.24,  27.01,  27.48,  27.66,  28.14,  28.02,  27.72,  27.65,  27.75,  28.11,  28.27,  28.39,  28.46,  28.55,  28.38,  28.32
19960912, 1200,  , HU, 23.9N,  71.8W, 115,  959, -999, -999, -999, -999, -999, -999, -999, -999, -999, -999, -999, -999, -999,  28.20,  28.20,  28.41,  28.89,  29.14,  28.96,  28.82,  28.52,  27.99,  27.55,  27.56,  27.82,  28.00,  27.69,  27.53,  26.94,  26.84,  26.98,  27.06,  27.76,  27.78,  27.65,  27.54,  27.79,  28.12,  28.18,  28.26,  28.32,  28.20,  27.97,  27.99
19960912, 1800,  , HU, 24.7N,  71.8W, 115,  946, -999, -999, -999, -999, -999, -999, -999, -999, -999, -999, -999, -999, -999,  28.22,  27.96,  28.20,  28.88,  29.15,  28.90,  28.73,  28.65,  28.40,  28.34,  27.73,  27.76,  27.77,  27.41,  27.38,  26.88,  26.38,  26.37,  26.51,  27.29,  27.43,  27.57,  27.51,  27.47,  27.62,  27.61,  27.57,  27.62,  27.72,  27.57,  27.49
19960913, 0000,  , HU, 25.9N,  71.5W, 120,  935, -999, -999, -999, -999, -999, -999, -999, -999, -999, -999, -999, -999, -999,  28.20,  28.17,  28.45,  28.63,  28.48,  28.40,  28.40,  28.42,  28.46,  27.38,  27.55,  27.66,  27.63,  27.52,  27.48,  26.82,  26.96,  26.76,  27.52,  27.64,  27.78,  27.79,  27.71,  27.61,  27.43,  27.39,  27.45,  27.21,  26.97,  26.91,  27.09
19960913, 0600,  , HU, 27.2N,  71.4W, 115,  942, -999, -999, -999, -999, -999, -999, -999, -999, -999, -999, -999, -999, -999,  29.62,  28.02,  28.18,  28.54,  28.29,  28.08,  28.11,  28.29,  28.44,  27.43,  27.50,  27.51,  27.40,  27.49,  27.14,  26.65,  26.66,  26.62,  27.36,  27.41,  27.39,  27.57,  27.14,  27.06,  26.84,  26.79,  26.78,  26.58,  26.26,  26.47,  26.88
19960913, 1200,  , HU, 29.0N,  70.9W, 100,  948, -999, -999, -999, -999, -999, -999, -999, -999, -999, -999, -999, -999, -999,  28.99,  26.10,  26.23,  26.63,  26.49,  26.38,  26.22,  26.20,  26.48,  26.73,  27.09,  27.27,  27.35,  27.30,  27.28,  26.75,  26.48,  26.55,  26.86,  27.07,  27.05,  26.87,  26.34,  26.17,  26.00,  26.04,  26.14,  26.27,  26.36,  26.41,  26.27
19960913, 1800,  , HU, 31.0N,  70.3W, 100,  948, -999, -999, -999, -999, -999, -999, -999, -999, -999, -999, -999, -999, -999,  27.66,  26.68,  25.15,  25.31,  25.34,  25.33,  25.27,  25.20,  24.96,  26.19,  26.47,  26.84,  26.99,  26.98,  26.91,  26.20,  25.91,  25.82,  25.99,  25.27,  25.13,  25.53,  25.70,  25.42,  25.41,  25.39,  25.37,  25.39,  25.66,  25.66,  25.27
19960914, 0000,  , HU, 33.3N,  69.5W,  90,  948, -999, -999, -999, -999, -999, -999, -999, -999, -999, -999, -999, -999, -999,  26.98,  25.22,  25.57,  26.03,  26.14,  26.00,  25.90,  25.96,  26.59,  26.82,  26.77,  26.61,  26.72,  26.70,  26.23,  26.19,  26.22,  26.71,  26.90,  25.73,  25.38,  25.50,  25.41,  25.30,  25.25,  25.37,  25.49,  25.54,  25.42,  24.92,  24.77
19960914, 0600,  , HU, 35.9N,  68.4W,  90,  955, -999, -999, -999, -999, -999, -999, -999, -999, -999, -999, -999, -999, -999,  26.79,  26.44,  25.33,  25.60,  26.15,  26.21,  26.03,  25.79,  25.75,  25.77,  25.80,  25.75,  26.08,  26.25,  25.95,  25.64,  25.67,  25.97,  25.86,  25.80,  25.55,  25.42,  25.32,  25.16,  24.60,  24.72,  24.82,  25.13,  24.46,  24.66,  25.00
19960914, 1200,  , HU, 38.5N,  67.1W,  85,  960, -999, -999, -999, -999, -999, -999, -999, -999, -999, -999, -999, -999, -999,  24.25,  24.19,  24.01,  23.31,  23.52,  23.44,  23.33,  23.34,  23.33,  23.40,  22.76,  22.61,  22.90,  23.31,  23.15,  22.49,  22.64,  22.63,  23.15,  23.51,  24.11,  24.49,  24.70,  24.66,  24.43,  24.35,  24.36,  24.15,  23.89,  23.90,  23.89
19960914, 1800,  , HU, 42.0N,  65.2W,  75,  960, -999, -999, -999, -999, -999, -999, -999, -999, -999, -999, -999, -999, -999,  16.47,  16.81,  16.97,  17.09,  16.86,  16.35,  16.07,  16.88,  16.82,  17.00,  17.21,  17.01,  16.64,  17.33,  17.71,  17.72,  17.19,  17.51,  17.54,  17.25,  16.59,  16.75,  16.82,  16.69,  15.90,  15.68,  15.63,  14.94,  15.00,  15.06,  14.48
19960915, 0000,  , HU, 44.3N,  63.3W,  70,  970, -999, -999, -999, -999, -999, -999, -999, -999, -999, -999, -999, -999, -999,  17.06,  16.88,  16.75,  17.82,  17.88,  18.03,  18.11,  17.98,  17.83,  17.25,  16.67,  17.04,  17.80,  18.05,  15.69,  15.60,  16.19,  16.44,  16.36,  15.80,  15.79,  15.92,  15.95,  14.73,  14.56,  14.59,  14.25,  14.28,  14.29,  14.22,  14.14
19960915, 0300, L, HU, 44.8N,  62.5W,  70,  978, -999, -999, -999, -999, -999, -999, -999, -999, -999, -999, -999, -999, -999,  17.08,  16.55,  16.62,  17.95,  18.01,  17.93,  17.86,  17.72,  17.41,  17.43,  16.79,  16.53,  16.89,  16.98,  14.16,  13.56,  14.23,  14.83,  14.90,  14.56,  15.37,  15.86,  15.87,  15.06,  15.21,  15.25,  14.17,  13.95,  13.87,  13.68,  13.59
19960915, 0600,  , HU, 45.5N,  61.5W,  65,  980, -999, -999, -999, -999, -999, -999, -999, -999, -999, -999, -999, -999, -999,  18.52,  18.28,  18.33,  18.98,  18.87,  18.89,  18.93,  18.49,  18.16,  18.25,  17.97,  17.28,  17.21,  17.28,  16.52,  16.15,  16.33,  16.33,  16.36,  15.56,  15.83,  15.82,  15.81,  15.06,  14.29,  14.45,  14.43,  14.77,  14.82,  14.54,  14.30
19960915, 1200,  , TS, 46.3N,  59.1W,  60,  982, -999, -999, -999, -999, -999, -999, -999, -999, -999, -999, -999, -999, -999,  17.38,  17.20,  17.24,  16.45,  16.42,  16.85,  16.63,  15.73,  15.53,  15.61,  15.42,  14.89,  14.85,  14.91,  14.81,  13.99,  13.34,  13.23,  13.27,  12.52,  12.68,  12.87,  13.13,  13.14,  11.98,  12.16,  12.12,  12.22,  12.27,  12.29,  12.26
19960915, 1800,  , EX, 46.0N,  55.0W,  40,  996, -999, -999, -999, -999, -999, -999, -999, -999, -999, -999, -999, -999, -999,  16.33,  16.52,  16.19,  15.97,  15.88,  15.74,  15.56,  15.04,  14.65,  14.59,  14.50,  14.81,  14.86,  14.82,  14.90,  13.65,  13.07,  13.20,  13.37,  13.36,  12.98,  12.93,  12.78,  12.60,  11.66,  11.33,  11.09,  10.84,  10.77,  10.48,  10.65
19960916, 0000,  , EX, 46.0N,  54.0W,  40,  998, -999, -999, -999, -999, -999, -999, -999, -999, -999, -999, -999, -999, -999,  15.34,  15.43,  15.53,  15.14,  15.20,  15.24,  14.90,  14.01,  13.91,  14.08,  14.60,  14.63,  14.39,  14.40,  14.33,  13.50,  13.48,  13.62,  13.50,  13.61,  13.73,  13.69,  13.31,  12.45,  11.27,  10.80,  10.69,  10.73,   9.48,  10.23,  10.16
19960916, 0600,  , EX, 45.0N,  50.0W,  35,  999, -999, -999, -999, -999, -999, -999, -999, -999, -999, -999, -999, -999, -999,  17.41,  17.34,  17.22,  17.00,  16.91,  16.97,  16.85,  16.21,  15.48,  15.34,  15.34,  15.39,  15.11,  14.94,  14.82,  14.64,  13.93,  13.85,  14.23,  14.52,  14.37,  14.23,  14.05,  14.03,  12.38,  12.36,  12.45,  11.77,  11.69,  11.70,  11.76
