AL081989,              FELIX,     63,
19890826, 0000,  , TD, 16.8N,  21.0W,  25, 1009, -999, -999, -999, -999, -999, -999, -999, -999, -999, -999, -999, -999, -999,  26.12,  26.53,  26.95,  27.83,  27.95,  27.52,  27.40,  27.56,  27.19,  26.57,  26.21,  26.69,  26.72,  26.26,  26.40,  26.59,  26.81,  27.34,  27.59,  27.58,  26.02,  26.07,  26.69,  26.99,  26.58,  26.41,  26.55,  26.97,  27.14,  26.84,  25.84
19890826, 0600,  , TD, 16.9N,  21.7W,  30, 1008, -999, -999, -999, -999, -999, -999, -999, -999, -999, -999, -999, -999, -999,  26.28,  26.31,  26.73,  28.09,  28.25,  27.02,  27.09,  27.31,  27.17,  26.94,  26.61,  27.14,  27.07,  26.63,  26.46,  26.42,  26.57,  26.99,  27.25,  27.45,  25.98,  26.00,  26.49,  26.72,  26.44,  26.24,  26.42,  26.71,  26.86,  26.46,  25.69
19890826, 1200,  , TD, 17.0N,  22.2W,  30, 1007, -999, -999, -999, -999, -999, -999, -999, -999, -999, -999, -999, -999, -999,  26.49,  26.18,  27.47,  28.46,  28.27,  27.05,  26.74,  26.87,  26.89,  26.80,  26.55,  27.16,  26.96,  26.85,  26.62,  26.41,  26.47,  26.75,  27.03,  27.16,  26.06,  26.06,  26.52,  26.75,  26.63,  26.37,  26.25,  26.26,  26.35,  26.08,  25.75
19890826, 1800,  , TS, 17.2N,  22.9W,  35, 1005, -999, -999, -999, -999, -999, -999, -999, -999, -999, -999, -999, -999, -999,  26.63,  25.83,  27.08,  27.79,  27.29,  26.34,  26.07,  26.03,  26.02,  25.91,  25.97,  26.51,  26.41,  26.59,  26.52,  26.30,  26.73,  26.58,  26.51,  26.01,  25.89,  26.24,  26.55,  26.79,  26.64,  26.23,  26.10,  26.02,  26.04,  25.91,  26.12
19890827, 0000,  , TS, 17.4N,  23.5W,  35, 1003, -999, -999, -999, -999, -999, -999, -999, -999, -999, -999, -999, -999, -999,  25.39,  26.57,  27.03,  26.68,  26.30,  26.21,  25.77,  25.82,  25.55,  25.61,  26.11,  26.09,  26.43,  26.21,  26.14,  26.40,  26.28,  26.28,  25.53,  25.90,  26.32,  26.52,  26.54,  26.19,  25.79,  25.62,  25.57,  25.61,  25.49,  25.91,  25.62
19890827, 0600,  , TS, 17.8N,  23.9W,  40, 1001, -999, -999, -999, -999, -999, -999, -999, -999, -999, -999, -999, -999, -999,  25.34,  25.41,  25.46,  25.87,  26.26,  25.88,  25.66,  25.57,  25.26,  25.31,  25.71,  26.08,  26.23,  25.91,  25.76,  25.94,  25.94,  25.96,  24.82,  25.67,  26.10,  26.33,  26.24,  26.00,  25.81,  25.42,  25.40,  25.42,  25.20,  25.42,  25.96
19890827, 1200,  , TS, 18.2N,  24.0W,  45, 1000, -999, -999, -999, -999, -999, -999, -999, -999, -999, -999, -999, -999, -999,  25.10,  25.08,  25.08,  25.79,  26.44,  25.96,  25.67,  25.59,  25.24,  25.21,  25.67,  26.06,  26.30,  25.76,  25.66,  25.82,  25.86,  25.89,  24.70,  25.59,  26.10,  26.41,  26.27,  26.04,  25.81,  25.43,  25.40,  25.41,  25.19,  25.47,  26.11
19890827, 1800,  , TS, 18.7N,  24.3W,  50,  998, -999, -999, -999, -999, -999, -999, -999, -999, -999, -999, -999, -999, -999,  25.06,  24.88,  24.96,  25.17,  26.33,  26.08,  25.71,  25.63,  25.33,  25.27,  25.13,  25.89,  26.14,  25.53,  25.93,  26.02,  25.95,  25.95,  24.72,  24.86,  25.98,  26.45,  26.08,  25.64,  25.41,  24.91,  24.89,  24.93,  24.67,  24.90,  26.16
19890828, 0000,  , TS, 19.1N,  24.6W,  50,  996, -999, -999, -999, -999, -999, -999, -999, -999, -999, -999, -999, -999, -999,  24.83,  24.85,  25.17,  26.30,  25.82,  25.75,  25.66,  25.49,  25.43,  25.21,  25.76,  26.27,  25.64,  26.18,  26.27,  26.15,  25.92,  24.80,  24.82,  25.93,  26.23,  25.78,  25.45,  25.41,  24.89,  24.86,  24.93,  24.61,  24.71,  25.76,  24.95
19890828, 0600,  , TS, 19.7N,  24.8W,  55,  995, -999, -999, -999, -999, -999, -999, -999, -999, -999, -999, -999, -999, -999,  24.79,  24.75,  25.01,  26.15,  25.32,  25.29,  25.35,  25.51,  25.48,  25.29,  25.53,  25.91,  25.45,  26.18,  26.33,  26.13,  25.68,  24.79,  24.89,  25.82,  26.20,  25.74,  25.35,  25.31,  25.06,  25.07,  24.78,  24.55,  24.50,  25.30,  25.04
19890828, 1200,  , TS, 20.0N,  24.9W,  50,  995, -999, -999, -999, -999, -999, -999, -999, -999, -999, -999, -999, -999, -999,  24.70,  24.72,  24.77,  26.07,  25.32,  25.32,  25.32,  25.92,  25.77,  25.43,  25.58,  25.67,  25.33,  26.19,  26.31,  26.05,  25.63,  24.74,  25.03,  26.02,  26.29,  25.71,  25.07,  24.99,  24.87,  25.01,  24.67,  24.62,  24.71,  25.25,  25.75
19890828, 1800,  , TS, 20.5N,  24.9W,  50,  995, -999, -999, -999, -999, -999, -999, -999, -999, -999, -999, -999, -999, -999,  24.64,  24.68,  24.94,  25.89,  25.20,  25.08,  25.09,  26.13,  26.26,  25.56,  25.84,  25.59,  25.46,  26.26,  26.22,  25.90,  25.63,  24.55,  25.02,  26.32,  26.46,  26.06,  25.71,  25.09,  24.97,  24.98,  24.60,  24.96,  25.14,  25.28,  25.47
19890829, 0000,  , TS, 20.8N,  25.3W,  45, 1000, -999, -999, -999, -999, -999, -999, -999, -999, -999, -999, -999, -999, -999,  24.68,  25.00,  25.86,  25.20,  25.07,  25.08,  26.04,  26.18,  25.51,  25.63,  25.48,  25.41,  26.22,  26.12,  26.02,  26.11,  24.89,  25.04,  26.31,  26.48,  26.03,  25.70,  25.14,  24.95,  24.87,  24.44,  25.08,  25.36,  25.43,  25.57,  24.86
19890829, 0600,  , TS, 21.1N,  26.0W,  35, 1001, -999, -999, -999, -999, -999, -999, -999, -999, -999, -999, -999, -999, -999,  24.82,  25.11,  26.04,  25.48,  25.31,  25.33,  26.10,  26.16,  26.13,  25.86,  25.60,  25.56,  26.07,  25.90,  25.74,  25.79,  25.48,  25.08,  26.42,  26.39,  26.03,  25.54,  25.12,  24.88,  24.82,  24.37,  24.53,  25.56,  25.74,  25.52,  24.86
19890829, 1200,  , TS, 21.4N,  26.9W,  35, 1005, -999, -999, -999, -999, -999, -999, -999, -999, -999, -999, -999, -999, -999,  24.87,  25.63,  25.87,  25.89,  25.94,  26.15,  26.02,  26.02,  26.19,  25.77,  25.52,  25.47,  25.62,  25.09,  25.02,  25.52,  25.48,  25.28,  26.49,  26.45,  25.78,  25.15,  24.93,  24.97,  25.05,  25.37,  25.38,  25.63,  25.79,  25.55,  24.79
19890829, 1800,  , TD, 21.9N,  27.8W,  30, 1006, -999, -999, -999, -999, -999, -999, -999, -999, -999, -999, -999, -999, -999,  25.17,  25.81,  25.95,  26.00,  26.01,  25.85,  26.12,  26.30,  26.75,  25.92,  25.41,  25.35,  25.31,  24.76,  24.82,  25.72,  25.40,  24.98,  26.18,  26.39,  25.84,  25.36,  25.18,  25.21,  25.23,  26.00,  26.29,  26.32,  26.16,  25.75,  24.76
19890830, 0000,  , TD, 22.5N,  28.7W,  30, 1008, -999, -999, -999, -999, -999, -999, -999, -999, -999, -999, -999, -999, -999,  26.16,  26.31,  26.22,  26.25,  25.63,  26.14,  26.50,  26.89,  26.02,  25.53,  25.47,  25.43,  25.45,  25.50,  26.78,  26.38,  25.75,  26.46,  26.42,  25.98,  25.62,  25.43,  26.01,  25.00,  25.12,  25.84,  25.85,  25.85,  25.72,  25.34,  24.59
19890830, 0600,  , TD, 23.4N,  29.7W,  30, 1009, -999, -999, -999, -999, -999, -999, -999, -999, -999, -999, -999, -999, -999,  25.57,  25.93,  25.94,  25.94,  25.22,  25.75,  26.38,  26.79,  25.84,  25.44,  25.39,  25.44,  25.38,  26.04,  26.72,  26.20,  25.45,  26.31,  26.61,  26.34,  26.02,  25.88,  26.00,  25.10,  25.01,  25.27,  25.97,  26.40,  26.29,  25.91,  25.97
19890830, 1200,  , TD, 24.2N,  31.0W,  30, 1009, -999, -999, -999, -999, -999, -999, -999, -999, -999, -999, -999, -999, -999,  24.67,  24.72,  24.90,  24.93,  24.52,  25.25,  25.70,  26.48,  26.09,  25.33,  25.21,  25.17,  25.29,  25.95,  26.07,  25.98,  25.39,  26.33,  26.40,  26.05,  24.91,  24.84,  25.39,  26.09,  26.14,  25.98,  26.15,  26.31,  26.38,  26.29,  26.25
19890830, 1800,  , TD, 25.1N,  32.4W,  30, 1010, -999, -999, -999, -999, -999, -999, -999, -999, -999, -999, -999, -999, -999,  24.62,  24.58,  25.32,  24.91,  24.80,  25.45,  25.62,  26.20,  25.90,  25.46,  25.39,  25.51,  26.49,  26.57,  26.51,  25.99,  25.74,  26.13,  26.40,  25.92,  25.86,  25.79,  26.16,  26.30,  26.21,  26.12,  26.18,  26.18,  26.37,  26.18,  26.10
19890831, 0000,  , TD, 26.3N,  34.0W,  30, 1010, -999, -999, -999, -999, -999, -999, -999, -999, -999, -999, -999, -999, -999,  24.62,  26.43,  26.23,  25.80,  25.09,  25.02,  25.79,  26.57,  26.39,  26.06,  26.30,  26.58,  26.57,  26.61,  26.09,  25.67,  25.19,  25.99,  26.25,  26.26,  26.29,  26.54,  26.50,  25.99,  25.83,  25.89,  25.94,  25.89,  25.82,  25.83,  26.15
19890831, 0600,  , TD, 27.6N,  35.6W,  30, 1010, -999, -999, -999, -999, -999, -999, -999, -999, -999, -999, -999, -999, -999,  25.65,  26.35,  26.27,  26.34,  26.18,  25.30,  25.70,  26.45,  26.60,  26.38,  27.11,  26.92,  26.66,  26.65,  26.35,  26.10,  25.87,  24.76,  24.59,  24.45,  26.42,  26.62,  26.59,  26.34,  26.14,  26.12,  26.32,  26.39,  26.40,  26.21,  26.41
19890831, 1200,  , TD, 28.9N,  37.1W,  30, 1010, -999, -999, -999, -999, -999, -999, -999, -999, -999, -999, -999, -999, -999,  26.47,  26.39,  26.41,  26.42,  26.45,  26.23,  25.03,  24.76,  25.03,  25.03,  26.84,  27.01,  26.84,  26.75,  26.48,  26.31,  26.26,  26.20,  26.22,  25.94,  26.63,  26.63,  26.56,  26.49,  26.53,  26.38,  26.38,  26.45,  26.44,  26.42,  26.56
19890831, 1800,  , TD, 29.7N,  38.6W,  30, 1010, -999, -999, -999, -999, -999, -999, -999, -999, -999, -999, -999, -999, -999,  26.36,  26.52,  26.43,  26.31,  26.38,  26.22,  25.21,  25.21,  25.75,  25.83,  26.20,  26.87,  26.77,  26.71,  26.60,  26.54,  26.61,  26.84,  26.72,  26.20,  26.54,  26.66,  26.45,  26.39,  26.52,  26.80,  26.84,  26.70,  26.20,  26.21,  26.34
19890901, 0000,  , TD, 30.5N,  39.7W,  30, 1009, -999, -999, -999, -999, -999, -999, -999, -999, -999, -999, -999, -999, -999,  26.50,  26.55,  26.48,  26.51,  26.55,  25.84,  25.92,  25.79,  26.62,  26.78,  26.86,  26.72,  26.41,  26.25,  26.18,  26.12,  26.09,  26.20,  26.24,  26.57,  26.83,  26.64,  26.58,  26.64,  27.24,  27.57,  27.36,  26.50,  26.38,  26.51,  26.80
19890901, 0600,  , TD, 31.1N,  41.1W,  30, 1009, -999, -999, -999, -999, -999, -999, -999, -999, -999, -999, -999, -999, -999,  26.50,  26.63,  26.69,  26.56,  26.50,  26.55,  26.45,  25.77,  26.05,  26.51,  26.64,  26.67,  26.47,  26.31,  25.92,  25.82,  26.23,  26.37,  26.30,  26.51,  26.64,  26.54,  26.66,  26.68,  26.70,  26.77,  26.43,  26.52,  26.54,  26.46,  26.64
19890901, 1200,  , TD, 31.8N,  40.8W,  30, 1009, -999, -999, -999, -999, -999, -999, -999, -999, -999, -999, -999, -999, -999,  26.36,  26.58,  26.85,  26.74,  26.65,  26.76,  26.63,  25.45,  25.65,  26.22,  26.56,  26.60,  26.32,  26.17,  25.68,  25.54,  25.68,  25.92,  26.01,  26.29,  26.47,  26.25,  26.39,  26.45,  26.65,  26.79,  26.12,  26.26,  26.21,  26.18,  26.29
19890901, 1800,  , TD, 32.2N,  40.9W,  30, 1009, -999, -999, -999, -999, -999, -999, -999, -999, -999, -999, -999, -999, -999,  26.38,  26.57,  26.91,  26.86,  26.79,  26.88,  26.75,  25.51,  25.62,  26.18,  26.60,  26.66,  26.31,  26.14,  25.72,  25.63,  25.74,  25.89,  26.03,  26.34,  26.51,  26.22,  26.38,  26.52,  26.90,  27.08,  26.23,  26.17,  26.12,  26.15,  26.23
19890902, 0000,  , TD, 32.7N,  40.9W,  30, 1008, -999, -999, -999, -999, -999, -999, -999, -999, -999, -999, -999, -999, -999,  26.63,  26.79,  26.65,  26.52,  26.56,  26.54,  25.83,  25.84,  25.97,  26.55,  26.82,  26.42,  26.31,  26.19,  26.17,  26.19,  25.52,  25.65,  26.12,  26.34,  26.10,  26.25,  26.58,  27.33,  27.53,  26.34,  25.85,  25.70,  25.85,  25.94,  26.16
19890902, 0600,  , TD, 33.0N,  40.9W,  30, 1008, -999, -999, -999, -999, -999, -999, -999, -999, -999, -999, -999, -999, -999,  26.63,  26.79,  26.65,  26.52,  26.56,  26.54,  25.83,  25.84,  25.97,  26.55,  26.82,  26.42,  26.31,  26.19,  26.17,  26.19,  25.52,  25.65,  26.12,  26.34,  26.10,  26.25,  26.58,  27.33,  27.53,  26.34,  25.85,  25.70,  25.85,  25.94,  26.16
19890902, 1200,  , TD, 33.1N,  41.0W,  30, 1008, -999, -999, -999, -999, -999, -999, -999, -999, -999, -999, -999, -999, -999,  26.55,  26.65,  26.54,  26.46,  26.37,  26.16,  25.53,  25.67,  25.83,  26.35,  26.73,  26.44,  26.40,  26.29,  26.27,  26.25,  25.40,  25.41,  25.81,  26.01,  25.83,  26.05,  26.37,  26.89,  27.06,  26.09,  25.78,  25.65,  25.86,  26.01,  26.25
19890902, 1800,  , TD, 33.2N,  41.3W,  30, 1008, -999, -999, -999, -999, -999, -999, -999, -999, -999, -999, -999, -999, -999,  26.55,  26.65,  26.54,  26.46,  26.37,  26.16,  25.53,  25.67,  25.83,  26.35,  26.73,  26.44,  26.40,  26.29,  26.27,  26.25,  25.40,  25.41,  25.81,  26.01,  25.83,  26.05,  26.37,  26.89,  27.06,  26.09,  25.78,  25.65,  25.86,  26.01,  26.25
19890903, 0000,  , TS, 33.2N,  41.8W,  35, 1005, -999, -999, -999, -999, -999, -999, -999, -999, -999, -999, -999, -999, -999,  26.74,  26.74,  26.69,  26.57,  26.25,  25.29,  25.41,  25.86,  26.31,  26.75,  26.49,  26.44,  26.23,  26.18,  26.07,  25.62,  25.61,  25.85,  26.04,  25.89,  25.99,  26.19,  26.45,  26.62,  25.97,  25.74,  25.70,  25.93,  26.03,  26.24,  25.95
19890903, 0600,  , TS, 33.4N,  42.3W,  35, 1005, -999, -999, -999, -999, -999, -999, -999, -999, -999, -999, -999, -999, -999,  27.12,  27.30,  27.33,  27.13,  26.73,  25.38,  25.38,  25.55,  26.01,  26.47,  26.35,  26.37,  26.34,  26.27,  25.90,  25.94,  26.06,  26.13,  26.23,  26.13,  26.09,  25.90,  25.78,  25.86,  25.86,  25.80,  25.79,  25.89,  25.85,  26.04,  26.20
19890903, 1200,  , TS, 33.5N,  42.9W,  35, 1005, -999, -999, -999, -999, -999, -999, -999, -999, -999, -999, -999, -999, -999,  27.31,  27.55,  27.66,  27.43,  27.01,  25.55,  25.58,  25.55,  25.95,  26.39,  26.33,  26.29,  26.23,  26.25,  25.62,  25.56,  25.67,  25.79,  25.97,  25.95,  25.96,  25.93,  25.91,  25.95,  25.94,  25.90,  25.87,  25.93,  25.82,  25.99,  26.30
19890903, 1800,  , TS, 33.8N,  43.9W,  35, 1005, -999, -999, -999, -999, -999, -999, -999, -999, -999, -999, -999, -999, -999,  27.51,  27.53,  27.25,  27.03,  27.03,  24.86,  24.85,  24.94,  25.30,  25.78,  26.05,  25.90,  25.78,  26.43,  26.52,  26.03,  25.65,  25.63,  25.67,  25.81,  25.58,  25.81,  25.98,  26.28,  26.25,  26.29,  26.41,  26.34,  26.23,  26.64,  26.87
19890904, 0000,  , TS, 34.0N,  45.2W,  40, 1004, -999, -999, -999, -999, -999, -999, -999, -999, -999, -999, -999, -999, -999,  27.72,  27.46,  26.90,  26.78,  25.50,  25.56,  25.86,  26.09,  26.16,  26.47,  26.46,  26.13,  26.49,  26.40,  26.16,  25.70,  25.97,  26.17,  26.26,  25.73,  25.66,  25.66,  26.02,  26.11,  26.14,  26.00,  26.28,  26.22,  26.51,  26.92,  27.00
19890904, 0600,  , TS, 34.3N,  46.3W,  40, 1003, -999, -999, -999, -999, -999, -999, -999, -999, -999, -999, -999, -999, -999,  27.44,  27.01,  26.83,  26.81,  26.11,  25.93,  26.06,  26.05,  26.06,  26.34,  26.48,  26.53,  26.98,  26.90,  26.80,  26.07,  25.87,  26.00,  26.02,  25.13,  25.15,  25.67,  26.05,  26.11,  26.14,  25.98,  26.50,  26.45,  26.57,  26.74,  26.45
19890904, 1200,  , TS, 34.9N,  47.5W,  45, 1002, -999, -999, -999, -999, -999, -999, -999, -999, -999, -999, -999, -999, -999,  27.03,  26.27,  26.19,  26.12,  25.83,  25.68,  25.71,  26.15,  26.06,  26.14,  26.18,  26.52,  27.11,  27.10,  26.83,  26.66,  25.24,  24.68,  24.58,  24.66,  25.18,  25.41,  25.49,  25.75,  25.96,  26.16,  26.52,  26.47,  26.69,  26.77,  26.16
19890904, 1800,  , TS, 35.3N,  48.1W,  45, 1000, -999, -999, -999, -999, -999, -999, -999, -999, -999, -999, -999, -999, -999,  26.64,  26.33,  26.30,  26.41,  26.53,  25.70,  25.78,  26.27,  26.43,  26.14,  26.43,  26.91,  26.93,  26.76,  26.73,  26.74,  25.23,  24.93,  24.85,  24.97,  25.58,  25.53,  25.78,  26.17,  26.11,  26.15,  26.23,  26.29,  26.36,  26.43,  26.18
19890905, 0000,  , TS, 35.7N,  48.8W,  55,  995, -999, -999, -999, -999, -999, -999, -999, -999, -999, -999, -999, -999, -999,  26.79,  26.97,  26.99,  26.82,  26.26,  26.08,  26.16,  26.48,  26.23,  26.87,  27.05,  27.01,  26.72,  26.65,  26.60,  25.46,  25.08,  24.89,  24.88,  25.79,  25.93,  26.35,  26.54,  26.46,  26.25,  26.11,  26.13,  26.13,  26.40,  26.45,  26.41
19890905, 0600,  , HU, 36.0N,  48.7W,  65,  988, -999, -999, -999, -999, -999, -999, -999, -999, -999, -999, -999, -999, -999,  26.17,  26.54,  26.65,  26.66,  26.40,  26.13,  26.19,  26.14,  25.79,  26.04,  26.19,  26.86,  26.89,  26.79,  26.52,  25.89,  24.77,  24.41,  24.40,  25.41,  25.55,  25.97,  26.23,  26.11,  25.83,  25.64,  25.69,  25.72,  25.85,  25.92,  25.98
19890905, 1200,  , HU, 36.3N,  48.6W,  70,  982, -999, -999, -999, -999, -999, -999, -999, -999, -999, -999, -999, -999, -999,  26.02,  26.19,  26.36,  26.50,  26.14,  25.87,  26.22,  26.00,  25.81,  25.93,  26.21,  26.87,  26.94,  26.81,  26.37,  25.90,  24.82,  24.41,  24.14,  25.26,  25.38,  25.67,  25.99,  25.88,  25.69,  25.61,  25.66,  25.55,  25.58,  25.69,  25.73
19890905, 1800,  , HU, 36.7N,  48.3W,  75,  979, -999, -999, -999, -999, -999, -999, -999, -999, -999, -999, -999, -999, -999,  25.78,  25.81,  26.22,  26.65,  25.90,  25.40,  25.84,  25.88,  25.90,  26.01,  26.56,  26.95,  26.92,  26.74,  26.27,  25.98,  25.07,  24.28,  24.06,  25.16,  25.29,  25.51,  25.89,  25.82,  25.73,  25.70,  25.70,  25.48,  25.46,  25.58,  25.75
19890906, 0000,  , HU, 36.9N,  48.2W,  75,  979, -999, -999, -999, -999, -999, -999, -999, -999, -999, -999, -999, -999, -999,  25.62,  26.09,  26.57,  26.27,  25.51,  25.78,  25.71,  25.73,  25.80,  26.19,  26.72,  26.79,  26.67,  26.19,  25.95,  25.04,  24.31,  24.13,  24.98,  25.02,  25.30,  25.70,  25.70,  25.69,  25.69,  25.67,  25.52,  25.49,  25.53,  25.70,  25.46
19890906, 0600,  , HU, 37.2N,  48.1W,  75,  979, -999, -999, -999, -999, -999, -999, -999, -999, -999, -999, -999, -999, -999,  25.73,  26.04,  26.31,  26.33,  25.85,  25.76,  25.43,  25.36,  25.39,  25.38,  26.15,  26.41,  26.40,  26.04,  25.89,  24.84,  24.29,  24.40,  24.64,  24.41,  24.97,  25.43,  25.50,  25.59,  25.68,  25.64,  25.58,  25.54,  25.44,  25.58,  25.32
19890906, 1200,  , HU, 37.4N,  48.0W,  70,  982, -999, -999, -999, -999, -999, -999, -999, -999, -999, -999, -999, -999, -999,  25.73,  26.04,  26.31,  26.33,  25.85,  25.76,  25.43,  25.36,  25.39,  25.38,  26.15,  26.41,  26.40,  26.04,  25.89,  24.84,  24.29,  24.40,  24.64,  24.41,  24.97,  25.43,  25.50,  25.59,  25.68,  25.64,  25.58,  25.54,  25.44,  25.58,  25.32
19890906, 1800,  , HU, 37.6N,  47.9W,  70,  984, -999, -999, -999, -999, -999, -999, -999, -999, -999, -999, -999, -999, -999,  25.66,  25.87,  26.11,  26.17,  25.94,  25.82,  25.54,  25.41,  25.36,  25.19,  26.09,  26.36,  26.30,  25.90,  25.72,  24.97,  24.54,  24.68,  24.60,  24.25,  25.38,  25.63,  25.56,  25.58,  25.66,  25.60,  25.50,  25.37,  25.36,  25.60,  25.24
19890907, 0000,  , HU, 38.0N,  47.8W,  65,  988, -999, -999, -999, -999, -999, -999, -999, -999, -999, -999, -999, -999, -999,  25.71,  25.85,  25.89,  25.87,  25.69,  25.45,  25.29,  25.24,  25.11,  25.98,  26.25,  26.16,  25.71,  25.48,  24.83,  24.53,  24.76,  24.63,  24.30,  25.51,  25.67,  25.54,  25.50,  25.56,  25.48,  25.40,  25.40,  25.48,  25.58,  25.31,  24.89
19890907, 0600,  , TS, 38.5N,  47.7W,  60,  990, -999, -999, -999, -999, -999, -999, -999, -999, -999, -999, -999, -999, -999,  25.55,  25.64,  25.64,  25.68,  25.30,  25.06,  25.09,  24.85,  24.64,  24.95,  25.03,  25.05,  24.67,  24.45,  24.52,  24.62,  24.79,  24.60,  24.66,  25.42,  25.57,  25.29,  25.01,  25.17,  25.22,  25.26,  25.44,  25.57,  25.38,  24.78,  24.48
19890907, 1200,  , TS, 39.3N,  47.6W,  55,  992, -999, -999, -999, -999, -999, -999, -999, -999, -999, -999, -999, -999, -999,  25.26,  25.60,  25.54,  25.33,  24.68,  24.54,  24.58,  24.33,  24.27,  24.53,  24.64,  24.41,  24.13,  24.26,  24.41,  24.32,  24.29,  23.93,  24.12,  24.44,  24.54,  24.18,  23.75,  23.86,  24.21,  24.33,  24.18,  23.84,  23.53,  23.23,  23.06
19890907, 1800,  , TS, 40.4N,  47.0W,  50,  994, -999, -999, -999, -999, -999, -999, -999, -999, -999, -999, -999, -999, -999,  24.54,  24.57,  24.96,  25.42,  24.97,  24.47,  24.39,  24.36,  24.39,  24.56,  24.64,  24.74,  24.59,  24.54,  24.12,  23.49,  22.98,  22.64,  23.16,  23.47,  23.77,  23.96,  23.50,  23.16,  23.23,  23.29,  22.95,  22.84,  22.92,  22.82,  22.51
19890908, 0000,  , TS, 41.3N,  46.7W,  50,  995, -999, -999, -999, -999, -999, -999, -999, -999, -999, -999, -999, -999, -999,  23.83,  23.84,  23.76,  23.78,  23.69,  23.73,  23.84,  23.93,  24.21,  24.53,  24.56,  24.62,  24.65,  24.40,  24.11,  23.85,  23.51,  23.45,  23.42,  23.72,  23.65,  23.24,  22.75,  22.59,  22.53,  22.56,  23.48,  23.55,  23.55,  22.24,  22.08
19890908, 0600,  , TS, 42.4N,  45.8W,  45,  998, -999, -999, -999, -999, -999, -999, -999, -999, -999, -999, -999, -999, -999,  24.58,  24.57,  24.47,  24.37,  24.19,  24.20,  23.88,  23.87,  23.74,  23.78,  24.17,  24.42,  24.42,  23.17,  22.78,  22.48,  22.51,  23.57,  23.70,  23.67,  23.63,  23.53,  23.51,  23.45,  22.84,  22.51,  23.27,  23.24,  23.26,  22.10,  22.31
19890908, 1200,  , TS, 43.6N,  44.8W,  45, 1000, -999, -999, -999, -999, -999, -999, -999, -999, -999, -999, -999, -999, -999,  23.28,  23.73,  23.67,  23.29,  22.37,  22.39,  22.57,  22.55,  22.57,  22.58,  22.54,  22.77,  23.01,  22.76,  22.57,  22.57,  23.03,  22.86,  22.27,  21.56,  22.13,  21.83,  20.53,  20.37,  20.46,  20.44,  20.69,  20.83,  20.79,  20.54,  20.24
19890908, 1800,  , TS, 45.0N,  42.8W,  40, 1002, -999, -999, -999, -999, -999, -999, -999, -999, -999, -999, -999, -999, -999,  21.09,  21.11,  21.16,  21.27,  21.36,  21.03,  20.87,  21.10,  21.76,  22.35,  22.12,  22.03,  21.85,  21.58,  21.58,  21.25,  21.16,  20.08,  19.43,  19.17,  19.82,  19.99,  20.44,  20.45,  20.28,  19.94,  19.61,  19.48,  19.55,  19.76,  17.87
19890909, 0000,  , TS, 46.5N,  40.5W,  35, 1005, -999, -999, -999, -999, -999, -999, -999, -999, -999, -999, -999, -999, -999,  19.79,  19.42,  19.28,  19.18,  18.99,  19.24,  19.16,  19.14,  20.25,  20.15,  19.85,  20.04,  19.89,  19.66,  19.98,  19.02,  19.00,  18.99,  18.83,  19.17,  19.05,  18.70,  18.27,  17.96,  17.75,  17.21,  17.05,  17.36,  17.63,  17.51,  18.38
19890909, 0600,  , EX, 46.5N,  38.0W,  40, 1002, -999, -999, -999, -999, -999, -999, -999, -999, -999, -999, -999, -999, -999,  18.51,  18.08,  17.97,  18.29,  18.76,  18.80,  18.99,  19.12,  19.19,  19.51,  19.52,  19.48,  19.23,  19.17,  18.62,  18.49,  18.32,  18.11,  17.98,  18.54,  18.94,  18.78,  18.35,  18.05,  17.98,  17.90,  17.91,  18.20,  18.06,  17.55,  17.25
19890909, 1200,  , EX, 46.5N,  35.5W,  40, 1000, -999, -999, -999, -999, -999, -999, -999, -999, -999, -999, -999, -999, -999,  18.52,  18.79,  18.85,  18.76,  18.53,  18.29,  18.16,  18.37,  18.95,  19.02,  18.82,  18.96,  18.77,  18.55,  18.14,  17.02,  17.86,  18.03,  17.76,  18.53,  18.13,  17.90,  17.99,  17.68,  17.50,  17.41,  17.55,  17.38,  16.20,  16.17,  15.96
19890909, 1800,  , EX, 45.5N,  33.5W,  45,  997, -999, -999, -999, -999, -999, -999, -999, -999, -999, -999, -999, -999, -999,  19.58,  19.71,  19.07,  18.91,  18.95,  18.98,  19.24,  19.13,  19.03,  19.12,  18.94,  18.96,  19.01,  19.11,  19.12,  18.32,  18.25,  18.09,  18.03,  18.15,  17.27,  16.92,  16.88,  17.17,  17.29,  16.95,  16.84,  16.48,  15.82,  15.52,  15.35
19890910, 0000,  , EX, 44.5N,  31.5W,  50,  995, -999, -999, -999, -999, -999, -999, -999, -999, -999, -999, -999, -999, -999,  20.55,  20.66,  20.85,  20.95,  21.04,  21.28,  21.54,  21.69,  21.85,  22.12,  21.96,  21.97,  21.98,  21.77,  21.32,  20.84,  21.41,  21.53,  21.38,  21.16,  21.24,  21.18,  20.25,  19.81,  19.52,  18.94,  18.75,  18.75,  18.95,  18.80,  18.88
19890910, 0600,  , EX, 43.5N,  30.2W,  50,  995, -999, -999, -999, -999, -999, -999, -999, -999, -999, -999, -999, -999, -999,  20.96,  20.40,  20.68,  21.24,  21.42,  21.53,  21.87,  21.76,  22.03,  22.19,  22.12,  22.02,  21.92,  21.16,  21.00,  20.80,  20.86,  21.18,  21.10,  20.89,  20.85,  20.73,  20.40,  19.81,  19.46,  19.36,  19.24,  19.27,  19.38,  18.71,  18.36
19890910, 1200,  , EX, 42.5N,  29.0W,  50,  995, -999, -999, -999, -999, -999, -999, -999, -999, -999, -999, -999, -999, -999,  21.93,  21.06,  21.42,  22.10,  22.13,  22.22,  22.60,  22.97,  22.97,  22.90,  22.72,  22.57,  22.11,  21.37,  21.18,  21.65,  21.52,  21.60,  21.64,  21.32,  21.55,  21.96,  21.54,  20.49,  20.32,  20.07,  19.83,  19.74,  19.44,  18.98,  19.26
