AL082007,             INGRID,     26,
20070912, 0600,  , TD, 13.0N,  43.6W,  25, 1009,    0,    0,    0,    0,    0,    0,    0,    0,    0,    0,    0,    0, -999,  26.78,  26.58,  25.85,  25.75,  25.88,  26.51,  26.79,  27.27,  27.35,  27.50,  27.52,  27.57,  27.57,  27.51,  27.44,  27.66,  27.89,  27.99,  28.11,  28.00,  28.04,  28.27,  27.92,  27.51,  27.17,  27.26,  27.70,  28.00,  27.94,  27.88,  27.83
20070912, 1200,  , TD, 13.0N,  44.3W,  30, 1008,    0,    0,    0,    0,    0,    0,    0,    0,    0,    0,    0,    0, -999,  26.96,  26.76,  26.21,  25.99,  26.00,  26.37,  26.72,  27.07,  27.39,  27.56,  27.59,  27.57,  27.58,  27.41,  27.51,  27.59,  27.63,  28.00,  28.22,  28.01,  27.98,  28.25,  27.56,  27.47,  27.02,  27.08,  27.76,  27.95,  27.89,  27.75,  27.61
20070912, 1800,  , TD, 13.1N,  45.1W,  30, 1007,    0,    0,    0,    0,    0,    0,    0,    0,    0,    0,    0,    0, -999,  26.96,  26.77,  26.04,  25.97,  26.05,  26.31,  26.74,  27.13,  27.54,  27.65,  27.53,  27.33,  27.23,  27.10,  27.42,  27.46,  27.79,  28.36,  28.44,  27.99,  27.80,  28.54,  27.86,  27.70,  27.29,  27.47,  27.84,  28.19,  28.16,  27.78,  27.68
20070913, 0000,  , TD, 13.4N,  45.9W,  30, 1006,    0,    0,    0,    0,    0,    0,    0,    0,    0,    0,    0,    0, -999,  26.92,  26.20,  26.33,  26.38,  26.55,  27.01,  27.21,  27.43,  27.58,  27.49,  27.04,  26.89,  26.87,  27.37,  27.48,  27.66,  28.12,  28.17,  27.56,  27.43,  28.37,  28.26,  27.84,  27.25,  27.18,  27.55,  28.13,  28.01,  27.83,  27.82,  27.61
20070913, 0600,  , TS, 13.7N,  46.7W,  35, 1005,   45,   45,    0,    0,    0,    0,    0,    0,    0,    0,    0,    0, -999,  26.94,  26.58,  26.62,  26.73,  27.10,  27.22,  27.31,  27.47,  27.56,  27.45,  27.02,  26.98,  27.25,  27.47,  27.67,  27.71,  27.81,  27.80,  27.42,  27.36,  28.21,  28.17,  28.15,  27.38,  27.30,  27.56,  27.98,  27.97,  27.83,  27.81,  27.51
20070913, 1200,  , TS, 14.1N,  47.5W,  35, 1005,   45,   45,    0,    0,    0,    0,    0,    0,    0,    0,    0,    0, -999,  26.93,  26.46,  26.84,  27.03,  27.29,  27.27,  27.49,  27.61,  27.64,  27.57,  27.42,  27.30,  27.46,  27.57,  27.81,  27.89,  27.82,  27.75,  27.45,  27.42,  28.10,  28.07,  28.01,  27.44,  27.50,  27.52,  27.95,  27.87,  27.72,  27.71,  27.62
20070913, 1800,  , TS, 14.4N,  48.1W,  35, 1004,   45,   45,    0,    0,    0,    0,    0,    0,    0,    0,    0,    0, -999,  26.87,  26.69,  27.03,  27.09,  27.36,  27.39,  27.57,  27.63,  27.71,  27.65,  27.54,  26.96,  27.31,  27.54,  27.86,  27.94,  27.84,  27.87,  27.41,  27.42,  28.17,  28.14,  27.75,  27.40,  27.38,  27.41,  27.98,  28.05,  27.83,  27.73,  27.65
20070914, 0000,  , TS, 14.7N,  48.6W,  35, 1002,   45,   45,    0,   45,    0,    0,    0,    0,    0,    0,    0,    0, -999,  26.82,  27.09,  27.11,  27.37,  27.54,  27.64,  27.63,  27.71,  27.67,  27.58,  27.17,  27.42,  27.66,  27.99,  28.02,  27.97,  28.06,  27.52,  27.48,  28.18,  28.22,  27.93,  27.65,  27.57,  27.53,  27.90,  28.28,  27.63,  27.61,  27.62,  27.58
20070914, 0600,  , TS, 15.0N,  49.3W,  35, 1003,   45,   45,    0,   45,    0,    0,    0,    0,    0,    0,    0,    0, -999,  26.74,  26.98,  27.23,  27.53,  27.74,  27.74,  27.70,  27.75,  27.74,  27.54,  27.43,  27.50,  27.77,  27.98,  28.03,  28.03,  27.83,  27.64,  27.60,  28.13,  28.23,  28.20,  27.79,  27.64,  27.66,  28.05,  28.65,  28.12,  27.93,  27.85,  27.71
20070914, 1200,  , TS, 15.3N,  49.9W,  40, 1004,   45,   45,    0,   45,    0,    0,    0,    0,    0,    0,    0,    0, -999,  26.84,  26.81,  27.38,  27.64,  27.71,  27.79,  27.84,  27.84,  27.61,  27.44,  27.62,  27.58,  27.76,  28.00,  28.06,  28.01,  27.71,  27.69,  27.67,  27.79,  28.08,  28.24,  27.77,  27.70,  27.73,  28.02,  28.53,  28.14,  27.94,  27.85,  27.78
20070914, 1800,  , TS, 15.6N,  50.5W,  40, 1004,   45,   45,    0,   45,    0,    0,    0,    0,    0,    0,    0,    0, -999,  27.02,  27.02,  27.62,  27.83,  27.99,  28.03,  28.02,  28.06,  27.80,  27.78,  28.09,  27.91,  28.09,  28.30,  28.26,  28.21,  27.99,  27.76,  27.74,  27.75,  28.08,  28.27,  28.03,  28.03,  27.93,  28.04,  28.05,  27.94,  27.97,  27.93,  27.89
20070915, 0000,  , TS, 15.9N,  51.2W,  35, 1005,   45,   35,    0,   45,    0,    0,    0,    0,    0,    0,    0,    0, -999,  27.23,  27.80,  27.95,  28.05,  27.89,  27.97,  27.92,  27.62,  27.74,  28.20,  27.93,  28.11,  28.31,  28.32,  28.43,  28.31,  28.08,  27.91,  27.87,  28.08,  28.27,  28.33,  28.30,  28.10,  28.20,  28.20,  28.22,  28.13,  28.17,  28.20,  28.28
20070915, 0600,  , TS, 16.2N,  52.2W,  35, 1005,   45,   35,    0,   45,    0,    0,    0,    0,    0,    0,    0,    0, -999,  27.30,  27.77,  27.90,  28.06,  27.83,  27.92,  27.88,  27.66,  27.78,  28.06,  27.77,  27.92,  28.10,  28.19,  28.22,  28.18,  28.15,  27.89,  27.98,  28.12,  28.21,  28.13,  27.85,  27.89,  28.02,  28.16,  28.22,  28.09,  28.16,  28.16,  28.42
20070915, 1200,  , TS, 16.3N,  53.3W,  35, 1005,   35,    0,    0,    0,    0,    0,    0,    0,    0,    0,    0,    0, -999,  27.46,  27.91,  28.15,  28.34,  28.14,  28.13,  28.12,  27.91,  27.98,  28.21,  27.87,  28.02,  28.27,  28.36,  28.36,  28.25,  28.16,  28.00,  28.10,  28.05,  28.32,  28.21,  27.71,  27.79,  27.66,  27.62,  27.91,  27.95,  27.57,  27.54,  28.07
20070915, 1800,  , TD, 16.5N,  54.4W,  30, 1006,    0,    0,    0,    0,    0,    0,    0,    0,    0,    0,    0,    0, -999,  27.60,  27.92,  28.20,  28.38,  28.35,  28.30,  28.50,  28.32,  28.18,  28.33,  28.02,  28.20,  28.40,  28.51,  28.49,  28.48,  28.36,  28.36,  28.29,  28.28,  28.55,  28.67,  28.66,  28.50,  28.37,  28.40,  28.41,  28.38,  27.98,  28.35,  28.54
20070916, 0000,  , TD, 16.7N,  55.4W,  30, 1006,    0,    0,    0,    0,    0,    0,    0,    0,    0,    0,    0,    0, -999,  28.24,  28.29,  28.33,  28.60,  28.57,  28.78,  28.63,  28.54,  28.36,  28.27,  28.47,  28.63,  28.66,  28.69,  28.66,  28.55,  28.38,  28.26,  28.21,  28.42,  28.73,  28.78,  28.50,  28.44,  28.59,  28.43,  28.31,  28.28,  28.41,  28.44,  28.29
20070916, 0600,  , TD, 16.9N,  56.3W,  30, 1006,    0,    0,    0,    0,    0,    0,    0,    0,    0,    0,    0,    0, -999,  28.25,  28.19,  28.32,  28.65,  28.67,  28.84,  28.56,  28.78,  28.71,  28.43,  28.49,  28.43,  28.74,  28.75,  28.72,  28.61,  28.66,  28.74,  28.73,  28.81,  29.01,  29.11,  28.53,  28.25,  28.53,  28.60,  28.70,  28.70,  28.71,  28.66,  28.49
20070916, 1200,  , TD, 17.1N,  57.2W,  30, 1006,    0,    0,    0,    0,    0,    0,    0,    0,    0,    0,    0,    0, -999,  28.32,  28.38,  28.39,  28.69,  28.67,  28.68,  28.59,  28.85,  28.80,  28.54,  28.41,  28.15,  28.66,  28.79,  28.80,  28.54,  28.52,  28.87,  28.89,  28.83,  28.98,  29.29,  29.04,  28.24,  28.76,  28.70,  28.75,  28.73,  28.72,  28.66,  28.64
20070916, 1800,  , TD, 17.2N,  58.1W,  30, 1007,    0,    0,    0,    0,    0,    0,    0,    0,    0,    0,    0,    0, -999,  28.33,  28.58,  28.28,  28.62,  28.74,  28.72,  28.84,  28.99,  28.90,  28.69,  28.34,  28.06,  28.68,  28.80,  28.79,  28.51,  28.34,  28.80,  29.00,  28.93,  28.94,  29.02,  28.97,  28.16,  28.64,  28.81,  28.65,  28.67,  28.48,  28.57,  28.67
20070917, 0000,  , TD, 17.3N,  59.0W,  25, 1009,    0,    0,    0,    0,    0,    0,    0,    0,    0,    0,    0,    0, -999,  28.52,  28.19,  28.52,  28.63,  28.67,  28.84,  28.89,  28.88,  28.63,  28.28,  28.11,  28.66,  28.72,  28.74,  28.64,  28.74,  28.83,  28.87,  28.91,  29.03,  29.39,  29.43,  28.81,  28.55,  28.42,  28.89,  28.89,  28.55,  28.68,  28.83,  28.82
20070917, 0600,  , LO, 17.5N,  59.9W,  25, 1010,    0,    0,    0,    0,    0,    0,    0,    0,    0,    0,    0,    0, -999,  28.63,  28.61,  28.70,  28.73,  28.69,  29.01,  28.93,  28.95,  28.93,  28.45,  28.48,  28.73,  28.75,  28.68,  28.45,  28.79,  28.76,  28.71,  28.94,  28.95,  28.67,  28.46,  28.26,  27.56,  27.76,  28.89,  29.17,  28.75,  28.71,  28.85,  28.85
20070917, 1200,  , LO, 18.0N,  60.6W,  25, 1010,    0,    0,    0,    0,    0,    0,    0,    0,    0,    0,    0,    0, -999,  28.58,  28.76,  28.77,  28.78,  28.84,  29.01,  28.94,  28.98,  28.93,  28.34,  28.58,  28.84,  28.59,  28.50,  28.64,  28.80,  28.99,  29.03,  29.13,  28.97,  28.87,  28.51,  28.28,  28.50,  29.18,  29.46,  29.35,  28.99,  28.85,  28.90,  28.93
20070917, 1800,  , LO, 18.4N,  61.0W,  25, 1010,    0,    0,    0,    0,    0,    0,    0,    0,    0,    0,    0,    0, -999,  28.62,  28.83,  28.84,  28.85,  28.87,  29.02,  28.98,  28.98,  28.94,  28.34,  28.58,  28.77,  28.47,  28.44,  28.65,  28.85,  29.01,  29.05,  28.95,  28.83,  28.75,  28.41,  28.30,  28.60,  29.16,  29.41,  29.21,  28.96,  28.79,  28.85,  28.88
20070918, 0000,  , LO, 18.8N,  61.4W,  20, 1011,    0,    0,    0,    0,    0,    0,    0,    0,    0,    0,    0,    0, -999,  29.04,  28.98,  28.90,  28.90,  29.00,  29.01,  29.04,  29.06,  28.57,  28.63,  28.82,  28.61,  28.59,  28.66,  28.85,  28.78,  28.79,  28.85,  28.82,  28.78,  28.45,  28.51,  28.73,  28.94,  29.30,  29.23,  28.93,  28.78,  28.74,  28.70,  28.64
20070918, 0600,  , LO, 19.0N,  61.7W,  20, 1011,    0,    0,    0,    0,    0,    0,    0,    0,    0,    0,    0,    0, -999,  29.07,  29.03,  28.92,  28.91,  28.96,  29.00,  29.04,  29.05,  28.54,  28.66,  28.87,  28.64,  28.66,  28.76,  28.93,  28.83,  28.83,  28.93,  28.95,  28.91,  28.52,  28.65,  28.80,  29.03,  29.37,  29.26,  28.88,  28.76,  28.70,  28.64,  28.60
20070918, 1200,  , LO, 19.1N,  62.0W,  20, 1011,    0,    0,    0,    0,    0,    0,    0,    0,    0,    0,    0,    0, -999,  29.09,  29.00,  28.79,  28.85,  28.87,  28.97,  29.07,  29.05,  28.54,  28.71,  28.98,  28.87,  28.94,  28.90,  28.92,  28.80,  28.80,  28.93,  28.99,  29.04,  28.48,  28.58,  28.88,  28.91,  29.33,  29.13,  28.75,  28.67,  28.59,  28.47,  28.44
