AL082001,          GABRIELLE,     41,
20010911, 1800,  , TD, 25.8N,  84.1W,  25, 1010, -999, -999, -999, -999, -999, -999, -999, -999, -999, -999, -999, -999, -999,  30.19,  29.88,  29.65,  29.60,  29.54,  28.77,  29.32,  29.73,  29.89,  30.11,  30.05,  29.72,  28.79,  28.82,  28.79,  28.38,  28.54,  28.57,  28.15,  28.18,  28.44,  28.14,  28.21,  28.54,  28.62,  28.63,  29.04,  28.77,  28.68,  28.57,  28.49
20010912, 0000,  , TD, 25.7N,  84.6W,  25, 1009, -999, -999, -999, -999, -999, -999, -999, -999, -999, -999, -999, -999, -999,  29.68,  29.20,  29.11,  29.44,  28.76,  28.89,  29.36,  29.97,  30.37,  30.23,  29.88,  29.12,  29.16,  29.04,  28.49,  28.72,  28.81,  28.51,  28.53,  28.69,  28.57,  28.71,  28.82,  28.89,  28.83,  29.05,  28.87,  28.81,  28.75,  28.72,  28.67
20010912, 0600,  , TD, 25.7N,  85.0W,  25, 1008, -999, -999, -999, -999, -999, -999, -999, -999, -999, -999, -999, -999, -999,  29.51,  29.21,  29.19,  29.69,  29.48,  29.43,  29.65,  30.06,  30.29,  30.40,  30.28,  29.82,  29.55,  29.50,  28.89,  28.89,  28.98,  28.80,  28.80,  28.89,  28.94,  28.98,  28.93,  29.11,  29.25,  29.36,  29.35,  29.31,  29.01,  28.84,  28.67
20010912, 1200,  , TD, 25.6N,  85.3W,  25, 1008, -999, -999, -999, -999, -999, -999, -999, -999, -999, -999, -999, -999, -999,  29.58,  29.18,  29.15,  29.60,  29.25,  29.34,  29.68,  30.16,  30.39,  30.44,  30.04,  29.60,  29.44,  29.49,  29.15,  29.14,  29.20,  28.96,  28.88,  28.94,  28.85,  28.94,  28.96,  29.16,  29.35,  29.48,  29.46,  29.41,  29.15,  29.00,  28.77
20010912, 1800,  , TD, 25.4N,  85.4W,  30, 1007, -999, -999, -999, -999, -999, -999, -999, -999, -999, -999, -999, -999, -999,  29.44,  29.26,  29.16,  29.63,  29.17,  29.44,  29.95,  30.31,  30.44,  30.51,  29.77,  29.43,  29.24,  29.50,  29.46,  29.17,  29.17,  29.01,  28.95,  28.94,  28.72,  28.70,  28.72,  29.05,  29.33,  29.54,  29.66,  29.66,  29.33,  29.05,  28.77
20010913, 0000,  , TD, 25.1N,  85.7W,  30, 1005, -999, -999, -999, -999, -999, -999, -999, -999, -999, -999, -999, -999, -999,  29.20,  29.35,  29.83,  29.34,  29.59,  30.08,  30.29,  30.36,  30.88,  29.86,  29.68,  29.55,  29.58,  29.54,  29.08,  29.10,  29.01,  28.95,  29.11,  28.63,  28.44,  28.44,  28.66,  29.16,  29.58,  29.84,  29.86,  29.46,  29.13,  28.71,  28.42
20010913, 0600,  , TD, 25.2N,  85.3W,  30, 1005, -999, -999, -999, -999, -999, -999, -999, -999, -999, -999, -999, -999, -999,  29.36,  29.22,  29.70,  29.23,  29.75,  30.12,  30.42,  30.53,  30.42,  29.51,  29.22,  29.09,  29.34,  29.57,  29.29,  29.19,  29.00,  28.92,  28.86,  28.56,  28.64,  28.74,  28.95,  29.25,  29.41,  29.42,  29.43,  29.21,  28.98,  28.73,  28.33
20010913, 1200,  , TS, 25.3N,  84.9W,  35, 1003, -999, -999, -999, -999, -999, -999, -999, -999, -999, -999, -999, -999, -999,  29.43,  29.37,  29.72,  29.30,  29.86,  30.09,  30.26,  30.49,  30.39,  29.55,  29.15,  29.15,  29.32,  29.47,  29.38,  29.22,  28.93,  28.83,  28.75,  28.35,  28.44,  28.64,  28.86,  29.16,  29.32,  29.27,  29.24,  29.06,  28.89,  28.69,  28.25
20010913, 1800,  , TS, 25.4N,  84.5W,  40,  998, -999, -999, -999, -999, -999, -999, -999, -999, -999, -999, -999, -999, -999,  29.47,  29.54,  29.76,  29.19,  29.54,  29.76,  30.06,  30.52,  30.32,  29.53,  29.00,  29.09,  29.11,  28.92,  29.09,  29.11,  28.68,  28.61,  28.67,  28.26,  28.37,  28.59,  28.78,  29.03,  29.30,  29.14,  29.08,  29.04,  28.97,  28.84,  28.30
20010914, 0000,  , TS, 25.4N,  84.1W,  45,  997, -999, -999, -999, -999, -999, -999, -999, -999, -999, -999, -999, -999, -999,  29.93,  29.71,  29.10,  29.73,  30.00,  29.99,  30.21,  30.11,  29.45,  28.84,  28.85,  28.83,  28.66,  28.77,  28.74,  28.10,  28.07,  28.37,  27.70,  27.88,  28.26,  28.42,  28.71,  29.10,  28.92,  28.85,  28.86,  28.81,  28.71,  28.22,  28.20
20010914, 0600,  , TS, 25.8N,  83.6W,  50,  992, -999, -999, -999, -999, -999, -999, -999, -999, -999, -999, -999, -999, -999,  29.82,  29.64,  28.83,  29.83,  30.03,  29.95,  30.03,  30.08,  29.95,  29.03,  29.01,  28.66,  28.26,  28.22,  28.15,  27.85,  27.86,  28.01,  27.79,  27.95,  28.50,  28.58,  28.50,  28.82,  28.76,  28.65,  28.54,  28.37,  28.16,  28.20,  28.32
20010914, 1200, L, TS, 27.1N,  82.6W,  60,  983, -999, -999, -999, -999, -999, -999, -999, -999, -999, -999, -999, -999, -999,  30.66,  30.59,  29.53,  29.76,  30.23,  30.31,  29.74,  29.68,  29.70,  29.08,  29.01,  28.45,  28.44,  28.46,  28.46,  28.43,  28.43,  28.40,  28.99,  28.84,  28.82,  28.69,  28.84,  29.11,  28.80,  28.99,  29.14,  28.80,  28.47,  28.25,  27.77
20010914, 1800,  , TS, 28.0N,  81.8W,  45,  994, -999, -999, -999, -999, -999, -999, -999, -999, -999, -999, -999, -999, -999,    nan,    nan,    nan,    nan,    nan,    nan,    nan,    nan,    nan,    nan,    nan,    nan,    nan,    nan,    nan,    nan,    nan,    nan,    nan,    nan,    nan,    nan,    nan,    nan,    nan,    nan,    nan,    nan,    nan,    nan,    nan
20010915, 0000,  , TS, 28.6N,  81.4W,  40,  995, -999, -999, -999, -999, -999, -999, -999, -999, -999, -999, -999, -999, -999,    nan,    nan,    nan,    nan,    nan,    nan,    nan,    nan,    nan,    nan,    nan,    nan,    nan,    nan,    nan,    nan,    nan,    nan,    nan,    nan,    nan,    nan,    nan,    nan,    nan,    nan,    nan,    nan,    nan,    nan,    nan
20010915, 0600,  , TS, 28.6N,  80.9W,  40,  995, -999, -999, -999, -999, -999, -999, -999, -999, -999, -999, -999, -999, -999,    nan,    nan,    nan,    nan,    nan,    nan,    nan,    nan,    nan,    nan,    nan,    nan,    nan,    nan,    nan,    nan,    nan,    nan,    nan,    nan,    nan,    nan,    nan,    nan,    nan,    nan,    nan,    nan,    nan,    nan,    nan
20010915, 1200,  , TS, 28.9N,  80.1W,  40,  998, -999, -999, -999, -999, -999, -999, -999, -999, -999, -999, -999, -999, -999,  29.05,  29.17,  29.36,  29.35,  29.39,  29.23,  29.21,  28.87,  28.37,  27.73,  28.03,  28.01,  28.31,  28.73,  28.43,  27.26,  26.74,  27.29,  27.46,  27.63,  27.74,  27.81,  28.16,  28.35,  28.55,  28.61,  28.68,  28.51,  28.35,  28.16,  27.38
20010915, 1800,  , TS, 29.8N,  79.0W,  45,  999, -999, -999, -999, -999, -999, -999, -999, -999, -999, -999, -999, -999, -999,  29.14,  29.29,  29.40,  28.95,  28.93,  28.94,  28.92,  28.92,  28.94,  28.26,  28.59,  28.89,  28.98,  28.86,  28.08,  27.93,  27.94,  28.09,  28.18,  28.40,  28.44,  28.47,  28.20,  27.95,  28.18,  28.28,  28.20,  28.15,  28.07,  28.04,  28.07
20010916, 0000,  , TS, 30.4N,  77.9W,  50,  998, -999, -999, -999, -999, -999, -999, -999, -999, -999, -999, -999, -999, -999,  29.40,  29.29,  28.77,  28.50,  28.39,  28.30,  28.36,  28.40,  28.27,  28.70,  28.73,  28.87,  29.02,  28.54,  28.37,  28.22,  28.12,  28.10,  28.08,  28.04,  27.88,  27.82,  27.79,  27.74,  27.66,  27.60,  27.58,  27.61,  27.60,  27.64,  27.61
20010916, 0600,  , TS, 30.8N,  76.8W,  50,  998, -999, -999, -999, -999, -999, -999, -999, -999, -999, -999, -999, -999, -999,  28.78,  28.71,  28.56,  28.57,  28.56,  28.43,  28.31,  28.28,  28.28,  28.96,  28.97,  28.99,  29.07,  29.02,  28.82,  28.42,  28.50,  28.48,  28.18,  28.01,  27.94,  27.48,  27.36,  27.29,  27.19,  26.99,  26.83,  26.98,  27.13,  27.24,  27.34
20010916, 1200,  , TS, 31.6N,  74.9W,  55,  995, -999, -999, -999, -999, -999, -999, -999, -999, -999, -999, -999, -999, -999,  27.87,  27.90,  27.69,  27.69,  27.71,  27.10,  26.98,  27.02,  27.17,  27.84,  27.63,  27.76,  27.92,  27.90,  27.07,  26.92,  27.03,  27.04,  27.04,  27.33,  27.18,  26.84,  26.65,  26.58,  26.52,  26.20,  26.03,  26.26,  26.15,  25.80,  25.71
20010916, 1800,  , TS, 32.3N,  72.8W,  55,  995, -999, -999, -999, -999, -999, -999, -999, -999, -999, -999, -999, -999, -999,  27.49,  27.27,  26.89,  26.17,  25.72,  25.76,  26.08,  26.37,  26.91,  27.12,  27.49,  27.18,  26.84,  26.78,  26.44,  25.95,  25.95,  26.31,  26.41,  26.36,  26.50,  26.25,  26.34,  26.66,  26.99,  27.09,  27.00,  27.11,  27.00,  26.71,  26.26
20010917, 0000,  , HU, 33.1N,  70.7W,  65,  991, -999, -999, -999, -999, -999, -999, -999, -999, -999, -999, -999, -999, -999,  27.43,  27.38,  27.16,  26.13,  26.16,  26.56,  26.68,  26.58,  26.83,  27.09,  26.71,  26.63,  26.61,  26.47,  25.66,  25.75,  25.98,  26.01,  26.06,  25.91,  25.62,  26.02,  26.47,  26.46,  26.17,  26.04,  26.06,  26.06,  26.11,  25.87,  25.76
20010917, 0600,  , HU, 34.0N,  68.5W,  65,  991, -999, -999, -999, -999, -999, -999, -999, -999, -999, -999, -999, -999, -999,  26.83,  26.65,  26.66,  26.84,  27.06,  27.23,  26.80,  26.68,  26.68,  26.85,  26.74,  26.70,  26.63,  26.44,  25.25,  25.44,  25.81,  25.78,  25.37,  25.25,  25.07,  25.67,  25.84,  25.97,  25.88,  25.82,  25.99,  26.05,  25.98,  25.89,  25.77
20010917, 1200,  , HU, 35.3N,  66.6W,  70,  983, -999, -999, -999, -999, -999, -999, -999, -999, -999, -999, -999, -999, -999,  27.10,  26.99,  26.71,  26.87,  26.91,  27.00,  26.87,  26.84,  26.82,  27.02,  26.98,  26.28,  26.07,  26.03,  25.70,  25.44,  25.53,  25.54,  25.34,  25.33,  25.44,  25.66,  25.77,  25.75,  25.87,  25.66,  25.55,  25.66,  25.87,  25.68,  25.82
20010917, 1800,  , HU, 36.2N,  64.7W,  70,  983, -999, -999, -999, -999, -999, -999, -999, -999, -999, -999, -999, -999, -999,  27.05,  26.92,  26.90,  27.22,  27.32,  27.20,  27.02,  27.09,  27.13,  27.04,  26.73,  26.34,  26.22,  26.16,  26.14,  24.78,  24.78,  25.38,  25.40,  25.31,  25.74,  25.83,  25.40,  25.51,  25.70,  25.27,  24.95,  25.01,  25.72,  25.83,  25.84
20010918, 0000,  , TS, 36.9N,  62.9W,  60,  987, -999, -999, -999, -999, -999, -999, -999, -999, -999, -999, -999, -999, -999,  26.82,  26.82,  27.06,  27.05,  27.23,  27.31,  27.22,  26.98,  26.73,  26.79,  26.74,  26.53,  26.10,  25.94,  25.84,  26.21,  26.38,  26.14,  25.89,  26.19,  26.10,  25.42,  26.03,  26.07,  25.48,  25.27,  25.37,  25.84,  25.85,  25.86,  25.63
20010918, 0600,  , TS, 37.9N,  61.8W,  55,  990, -999, -999, -999, -999, -999, -999, -999, -999, -999, -999, -999, -999, -999,  26.88,  26.88,  26.65,  26.30,  27.09,  27.00,  26.72,  26.52,  26.72,  26.66,  25.40,  25.04,  24.69,  24.33,  23.87,  24.44,  24.51,  24.53,  24.98,  25.59,  25.81,  25.78,  25.85,  25.73,  25.38,  25.18,  25.13,  25.13,  24.96,  25.23,  25.48
20010918, 1200,  , TS, 39.0N,  60.4W,  55,  990, -999, -999, -999, -999, -999, -999, -999, -999, -999, -999, -999, -999, -999,  26.05,  26.01,  25.59,  25.83,  26.57,  27.13,  27.44,  27.30,  26.79,  26.29,  25.54,  25.00,  25.35,  25.53,  25.51,  25.71,  25.62,  25.56,  25.20,  25.05,  25.41,  25.60,  25.12,  24.95,  24.73,  24.70,  24.58,  24.80,  25.00,  24.70,  24.27
20010918, 1800,  , TS, 40.2N,  58.9W,  60,  980, -999, -999, -999, -999, -999, -999, -999, -999, -999, -999, -999, -999, -999,  25.23,  25.22,  25.19,  25.15,  24.46,  24.34,  24.47,  24.78,  24.97,  25.15,  25.09,  24.94,  24.95,  24.73,  24.63,  24.44,  24.53,  24.25,  24.24,  24.51,  25.05,  25.44,  25.44,  25.92,  26.34,  26.07,  25.86,  25.07,  25.24,  25.47,  25.87
20010919, 0000,  , TS, 41.5N,  57.5W,  60,  975, -999, -999, -999, -999, -999, -999, -999, -999, -999, -999, -999, -999, -999,  23.40,  23.47,  23.36,  22.38,  22.36,  22.09,  22.00,  22.06,  22.07,  22.09,  21.89,  21.76,  22.18,  22.22,  22.66,  22.02,  21.58,  21.44,  21.66,  21.29,  21.44,  21.37,  21.59,  22.03,  22.15,  22.29,  22.97,  22.49,  22.55,  22.66,  22.46
20010919, 0600,  , EX, 42.8N,  55.5W,  55,  976, -999, -999, -999, -999, -999, -999, -999, -999, -999, -999, -999, -999, -999,  19.75,  19.74,  19.83,  19.52,  19.36,  19.34,  19.27,  19.66,  19.73,  19.91,  19.96,  18.87,  18.10,  17.59,  17.10,  17.22,  17.39,  17.34,  17.37,  17.05,  18.43,  18.95,  19.01,  19.13,  18.86,  18.12,  17.54,  17.68,  18.11,  18.19,  18.43
20010919, 1200,  , EX, 43.5N,  54.0W,  60,  978, -999, -999, -999, -999, -999, -999, -999, -999, -999, -999, -999, -999, -999,  19.83,  19.74,  19.04,  18.32,  18.46,  19.08,  19.20,  19.40,  19.51,  19.11,  18.76,  18.68,  17.85,  17.60,  16.19,  16.13,  16.22,  15.73,  15.59,  15.48,  15.75,  16.27,  16.34,  16.39,  16.01,  15.92,  16.06,  15.80,  15.89,  15.70,  15.34
20010919, 1800,  , EX, 46.5N,  52.0W,  60,  986, -999, -999, -999, -999, -999, -999, -999, -999, -999, -999, -999, -999, -999,  15.30,  15.32,  15.07,  15.18,  15.32,  15.29,  15.63,  15.69,  15.29,  15.48,  15.29,  13.61,  12.97,  12.92,  12.79,  11.73,  12.00,  12.04,  12.05,  12.09,  12.07,  11.96,  11.88,  11.70,  11.55,  11.68,  11.71,  11.58,  11.60,  11.68,  11.84
20010920, 0000,  , EX, 48.5N,  48.5W,  60,  988, -999, -999, -999, -999, -999, -999, -999, -999, -999, -999, -999, -999, -999,  12.28,  11.94,  11.61,  11.97,  12.01,  12.47,  12.84,  11.61,  11.51,  11.10,  11.08,  11.12,  10.96,  11.09,  10.65,  10.47,  10.62,  10.33,  10.14,  10.00,   9.89,   9.78,   9.82,   9.71,   9.42,   9.28,   9.25,   9.25,   9.31,   9.37,   9.38
20010920, 0600,  , EX, 50.0N,  46.0W,  60,  986, -999, -999, -999, -999, -999, -999, -999, -999, -999, -999, -999, -999, -999,  12.92,  13.31,  13.22,  12.84,  12.95,  13.05,  13.00,  12.90,  12.86,  12.81,  12.56,  12.59,  12.59,  12.81,  12.36,  12.27,  12.36,  12.30,  11.57,  11.39,  11.33,  11.27,  11.29,  11.34,  11.35,  12.12,  12.30,  12.01,  11.95,  11.76,  11.33
20010920, 1200,  , EX, 52.0N,  43.0W,  60,  984, -999, -999, -999, -999, -999, -999, -999, -999, -999, -999, -999, -999, -999,  12.35,  12.65,  12.95,  13.16,  13.27,  13.31,  13.02,  12.72,  12.51,  12.36,  12.41,  12.38,  12.35,  12.37,  12.42,  11.56,  11.55,  11.25,  11.05,  11.12,  11.24,  11.41,  11.52,  11.77,  12.03,  10.68,  10.68,  11.38,  11.49,  11.04,  10.92
20010920, 1800,  , EX, 54.0N,  40.0W,  65,  981, -999, -999, -999, -999, -999, -999, -999, -999, -999, -999, -999, -999, -999,  11.43,  11.39,  11.82,  11.77,  11.67,  11.70,  11.86,  11.68,  11.61,  11.44,  11.19,  11.17,  11.32,  11.43,  11.40,  11.10,  11.11,  10.88,  10.89,  10.97,  11.04,  10.71,  10.67,  10.59,  10.58,   9.89,   9.80,   9.94,  10.02,   9.82,   9.63
20010921, 0000,  , EX, 55.0N,  37.5W,  65,  981, -999, -999, -999, -999, -999, -999, -999, -999, -999, -999, -999, -999, -999,  11.30,  11.23,  12.16,  12.14,  12.04,  11.53,  11.52,  11.65,  11.75,  11.75,  11.54,  11.55,  11.52,  11.39,  11.27,  11.22,  10.86,  10.81,  11.02,  11.23,  11.23,  11.18,  11.17,  11.16,  11.06,  10.94,  10.85,  10.48,  10.27,  10.26,  10.31
20010921, 0600,  , EX, 55.0N,  35.0W,  65,  981, -999, -999, -999, -999, -999, -999, -999, -999, -999, -999, -999, -999, -999,  10.73,  10.73,  11.32,  12.08,  12.27,  12.31,  11.83,  11.68,  11.74,  11.89,  11.62,  11.68,  11.80,  11.82,  11.75,  11.49,  11.31,  11.03,  11.00,  11.04,  11.07,  11.01,  11.00,  10.26,  10.09,  10.09,  10.06,  10.19,  10.18,  10.24,  10.33
20010921, 1200,  , EX, 56.0N,  32.5W,  60,  984, -999, -999, -999, -999, -999, -999, -999, -999, -999, -999, -999, -999, -999,  11.97,  12.21,  12.13,  12.08,  12.11,  12.23,  12.37,  12.19,  12.13,  11.85,  11.96,  12.13,  12.24,  12.24,  12.24,  12.19,  11.81,  11.91,  11.97,  12.06,  11.97,  12.11,  12.18,  12.18,  12.07,  12.10,  12.06,  11.96,  11.86,  11.68,  11.55
20010921, 1800,  , EX, 57.5N,  31.0W,  55,  987, -999, -999, -999, -999, -999, -999, -999, -999, -999, -999, -999, -999, -999,  11.77,  11.10,  11.09,  11.11,  11.47,  11.62,  11.74,  11.64,  11.51,  11.31,  11.27,  11.37,  11.16,  11.40,  11.83,  12.01,  11.99,  12.06,  12.09,  11.98,  11.84,  11.82,  11.82,  11.79,  11.67,  11.85,  11.91,  11.75,  11.40,  10.99,  11.11
