AL081992,            UNNAMED,     25,
19920925, 1200,  , TD, 11.0N,  34.7W,  25, 1012, -999, -999, -999, -999, -999, -999, -999, -999, -999, -999, -999, -999, -999,  27.61,  28.12,  27.95,  27.90,  27.83,  27.10,  26.91,  26.95,  27.06,  27.12,  27.15,  27.55,  28.11,  28.22,  28.97,  28.37,  28.26,  27.90,  27.56,  27.14,  26.70,  26.59,  26.27,  26.36,  27.10,  27.60,  27.77,  27.78,  27.94,  27.93,  27.29
19920925, 1800,  , TD, 11.1N,  36.2W,  30, 1011, -999, -999, -999, -999, -999, -999, -999, -999, -999, -999, -999, -999, -999,  26.81,  27.64,  27.42,  27.47,  27.34,  27.82,  27.10,  27.05,  27.00,  26.99,  27.00,  27.02,  28.18,  28.31,  28.85,  28.63,  28.07,  27.82,  27.98,  27.74,  26.94,  26.19,  26.06,  26.17,  26.53,  26.96,  27.63,  28.05,  28.03,  27.99,  26.85
19920926, 0000,  , TD, 11.2N,  37.7W,  30, 1011, -999, -999, -999, -999, -999, -999, -999, -999, -999, -999, -999, -999, -999,  27.35,  27.82,  27.84,  28.77,  28.59,  27.60,  27.45,  27.45,  27.53,  27.59,  27.58,  28.09,  28.06,  27.80,  27.90,  27.67,  27.60,  27.24,  26.88,  26.51,  26.12,  26.02,  26.18,  26.58,  27.16,  27.74,  27.95,  27.94,  27.43,  26.90,  27.00
19920926, 0600,  , TD, 11.5N,  39.2W,  25, 1012, -999, -999, -999, -999, -999, -999, -999, -999, -999, -999, -999, -999, -999,  27.33,  28.01,  28.24,  28.75,  28.51,  27.83,  27.28,  27.15,  27.36,  27.70,  27.86,  27.30,  27.44,  27.66,  27.22,  27.02,  27.14,  27.29,  26.90,  26.81,  26.20,  26.24,  26.25,  26.26,  27.04,  27.49,  27.80,  27.79,  26.80,  26.83,  27.01
19920926, 1200,  , TD, 11.8N,  40.7W,  25, 1013, -999, -999, -999, -999, -999, -999, -999, -999, -999, -999, -999, -999, -999,  26.83,  27.52,  28.14,  28.35,  28.44,  27.97,  27.84,  27.78,  27.78,  27.90,  28.03,  27.74,  28.19,  27.98,  27.52,  27.53,  27.46,  27.73,  27.30,  26.96,  26.32,  26.38,  26.37,  26.31,  27.12,  27.24,  27.56,  27.79,  27.46,  27.43,  27.40
19920926, 1800,  , TD, 12.3N,  41.9W,  25, 1012, -999, -999, -999, -999, -999, -999, -999, -999, -999, -999, -999, -999, -999,  26.51,  27.35,  27.87,  27.89,  27.95,  27.53,  27.41,  27.54,  27.53,  27.54,  27.53,  27.42,  28.18,  28.41,  27.53,  27.42,  27.42,  27.67,  27.51,  27.05,  26.23,  26.25,  26.47,  26.40,  27.09,  27.25,  27.93,  27.85,  27.41,  27.35,  27.14
19920927, 0000,  , TD, 12.8N,  43.1W,  30, 1011, -999, -999, -999, -999, -999, -999, -999, -999, -999, -999, -999, -999, -999,  27.79,  27.68,  27.64,  27.41,  27.35,  27.26,  27.34,  27.34,  27.93,  27.91,  27.91,  28.05,  27.79,  27.03,  27.38,  27.64,  27.88,  27.75,  26.84,  25.87,  26.18,  26.47,  26.37,  26.52,  26.54,  28.00,  27.99,  27.56,  27.40,  27.27,  27.15
19920927, 0600,  , TD, 13.4N,  44.2W,  30, 1010, -999, -999, -999, -999, -999, -999, -999, -999, -999, -999, -999, -999, -999,  27.39,  27.30,  27.07,  27.04,  27.17,  26.95,  26.88,  27.15,  27.55,  27.56,  28.34,  28.78,  27.86,  27.36,  27.36,  27.33,  27.99,  27.98,  26.41,  26.03,  26.55,  26.69,  26.31,  26.35,  26.35,  27.69,  27.89,  27.74,  27.62,  27.29,  27.02
19920927, 1200,  , TD, 14.1N,  45.1W,  30, 1009, -999, -999, -999, -999, -999, -999, -999, -999, -999, -999, -999, -999, -999,  27.02,  27.28,  27.32,  27.02,  27.01,  27.31,  27.14,  27.37,  27.47,  27.42,  27.42,  28.06,  27.85,  27.24,  27.33,  27.42,  28.27,  28.33,  26.43,  26.23,  26.70,  27.28,  26.52,  26.39,  27.31,  27.55,  27.84,  27.75,  27.50,  27.44,  26.94
19920927, 1800,  , TD, 14.7N,  45.8W,  30, 1010, -999, -999, -999, -999, -999, -999, -999, -999, -999, -999, -999, -999, -999,  26.70,  26.87,  26.99,  26.94,  27.15,  27.53,  27.41,  27.65,  27.74,  27.73,  27.70,  28.03,  28.02,  27.93,  27.67,  27.61,  28.17,  28.12,  27.53,  26.39,  27.22,  27.64,  26.79,  26.58,  27.93,  27.92,  27.96,  27.87,  27.67,  27.67,  27.11
19920928, 0000,  , TD, 15.4N,  46.4W,  30, 1011, -999, -999, -999, -999, -999, -999, -999, -999, -999, -999, -999, -999, -999,  27.17,  26.94,  27.04,  27.45,  27.79,  27.73,  27.80,  27.79,  27.72,  27.71,  27.99,  27.96,  28.04,  27.97,  27.92,  28.13,  27.71,  27.62,  27.12,  27.48,  27.41,  26.71,  26.61,  27.79,  27.85,  27.85,  27.79,  27.62,  27.54,  27.05,  27.01
19920928, 0600,  , TD, 16.2N,  46.9W,  25, 1012, -999, -999, -999, -999, -999, -999, -999, -999, -999, -999, -999, -999, -999,  27.39,  27.12,  27.22,  27.13,  27.53,  27.48,  27.71,  27.76,  27.70,  27.73,  27.97,  27.80,  27.76,  28.16,  28.21,  28.33,  27.88,  27.85,  27.89,  27.60,  27.35,  26.64,  26.95,  27.67,  27.99,  27.92,  27.69,  27.50,  27.27,  26.54,  26.39
19920928, 1200,  , TD, 17.2N,  46.9W,  25, 1013, -999, -999, -999, -999, -999, -999, -999, -999, -999, -999, -999, -999, -999,  27.52,  27.28,  27.27,  27.75,  27.77,  27.75,  28.06,  28.06,  27.97,  27.82,  27.80,  27.58,  27.53,  28.01,  28.06,  27.99,  28.09,  28.30,  28.34,  27.65,  27.41,  26.76,  27.15,  27.89,  28.12,  27.91,  27.75,  27.68,  27.29,  26.57,  26.38
19920928, 1800,  , TD, 18.0N,  46.5W,  25, 1012, -999, -999, -999, -999, -999, -999, -999, -999, -999, -999, -999, -999, -999,  27.52,  27.58,  27.54,  27.63,  27.46,  27.44,  27.89,  27.80,  27.45,  27.52,  27.60,  27.46,  27.41,  27.40,  26.78,  26.53,  26.82,  27.50,  27.65,  27.29,  27.20,  27.16,  27.17,  27.88,  27.92,  27.49,  27.34,  27.48,  27.36,  27.11,  27.06
19920929, 0000,  , TD, 18.6N,  46.2W,  30, 1011, -999, -999, -999, -999, -999, -999, -999, -999, -999, -999, -999, -999, -999,  27.91,  27.83,  27.69,  27.18,  27.13,  27.85,  27.73,  27.46,  27.47,  27.55,  27.56,  27.50,  27.44,  26.87,  26.59,  26.69,  27.24,  27.42,  27.02,  27.21,  27.47,  27.45,  27.78,  27.76,  27.36,  27.28,  27.54,  27.51,  27.33,  27.26,  26.86
19920929, 0600,  , TD, 19.2N,  45.9W,  30, 1010, -999, -999, -999, -999, -999, -999, -999, -999, -999, -999, -999, -999, -999,  27.88,  27.86,  27.28,  26.82,  26.80,  27.82,  27.90,  27.67,  27.36,  27.35,  27.36,  27.03,  26.89,  26.87,  26.58,  26.73,  27.35,  27.30,  26.49,  26.74,  27.47,  27.54,  27.80,  27.69,  27.45,  27.27,  27.45,  27.42,  27.28,  27.25,  26.82
19920929, 1200,  , TD, 19.8N,  45.6W,  30, 1009, -999, -999, -999, -999, -999, -999, -999, -999, -999, -999, -999, -999, -999,  27.53,  27.59,  27.21,  26.78,  26.76,  27.72,  27.69,  27.51,  27.22,  26.81,  26.79,  26.47,  26.30,  26.37,  26.15,  26.47,  26.88,  26.77,  26.07,  26.88,  27.52,  27.52,  27.88,  27.96,  27.62,  27.31,  27.36,  27.32,  27.15,  27.17,  26.90
19920929, 1800,  , TD, 20.5N,  45.4W,  30, 1010, -999, -999, -999, -999, -999, -999, -999, -999, -999, -999, -999, -999, -999,  27.45,  27.54,  27.11,  26.75,  26.76,  27.28,  27.33,  27.36,  27.26,  26.98,  26.90,  26.77,  26.59,  26.58,  26.10,  26.62,  26.74,  26.75,  26.35,  27.20,  27.38,  27.36,  27.71,  27.84,  27.36,  27.04,  27.20,  27.20,  26.94,  26.86,  27.33
19920930, 0000,  , TD, 21.5N,  45.3W,  30, 1009, -999, -999, -999, -999, -999, -999, -999, -999, -999, -999, -999, -999, -999,  27.54,  27.27,  26.78,  26.69,  27.14,  27.39,  27.31,  27.16,  26.73,  26.71,  26.74,  26.54,  26.49,  25.98,  26.60,  26.96,  26.88,  26.09,  27.00,  27.43,  27.44,  27.58,  27.47,  26.99,  26.85,  27.09,  27.02,  26.82,  26.74,  27.80,  28.15
19920930, 0600,  , TD, 22.5N,  45.2W,  30, 1008, -999, -999, -999, -999, -999, -999, -999, -999, -999, -999, -999, -999, -999,  27.18,  27.25,  27.09,  27.02,  27.18,  27.04,  26.98,  27.08,  26.67,  26.45,  26.40,  26.72,  26.92,  26.67,  26.50,  26.46,  26.82,  26.11,  25.94,  26.34,  26.40,  26.40,  26.46,  26.46,  26.50,  26.44,  26.57,  26.79,  26.89,  27.45,  27.30
19920930, 1200,  , TD, 23.5N,  44.8W,  30, 1009, -999, -999, -999, -999, -999, -999, -999, -999, -999, -999, -999, -999, -999,  27.09,  27.15,  27.05,  26.97,  26.88,  26.89,  26.86,  26.77,  26.51,  26.40,  26.39,  26.72,  26.99,  26.75,  26.45,  26.47,  26.71,  26.20,  25.70,  25.78,  26.00,  26.10,  26.13,  26.13,  26.28,  26.27,  26.38,  26.58,  26.71,  27.46,  27.20
19920930, 1800,  , TD, 24.4N,  44.4W,  30, 1010, -999, -999, -999, -999, -999, -999, -999, -999, -999, -999, -999, -999, -999,  26.94,  27.01,  26.92,  27.06,  27.06,  26.79,  26.68,  26.58,  26.54,  26.24,  26.27,  26.29,  26.34,  26.16,  26.13,  26.18,  26.35,  26.34,  26.16,  26.34,  26.64,  26.69,  26.68,  26.20,  26.11,  26.19,  26.24,  26.20,  26.27,  26.48,  26.50
19921001, 0000,  , TD, 25.4N,  43.9W,  30, 1011, -999, -999, -999, -999, -999, -999, -999, -999, -999, -999, -999, -999, -999,  26.88,  26.91,  27.21,  27.29,  26.92,  26.82,  26.53,  26.38,  26.28,  26.27,  26.28,  26.26,  26.16,  26.16,  26.12,  26.29,  26.27,  26.06,  25.97,  26.12,  26.17,  26.18,  25.85,  25.74,  25.60,  25.76,  25.95,  25.98,  26.11,  26.02,  25.90
19921001, 0600,  , TD, 26.4N,  43.2W,  25, 1012, -999, -999, -999, -999, -999, -999, -999, -999, -999, -999, -999, -999, -999,  26.98,  27.09,  27.23,  27.24,  26.70,  26.47,  26.56,  26.59,  26.48,  26.41,  26.33,  26.29,  26.12,  26.04,  26.15,  26.42,  26.38,  26.34,  26.36,  26.31,  26.30,  26.29,  25.87,  25.64,  25.56,  25.61,  25.81,  25.84,  25.85,  25.70,  25.70
19921001, 1200,  , TD, 27.6N,  42.3W,  20, 1015, -999, -999, -999, -999, -999, -999, -999, -999, -999, -999, -999, -999, -999,  27.07,  27.10,  27.29,  27.31,  27.09,  26.71,  26.69,  26.74,  26.71,  26.57,  26.45,  26.41,  26.39,  26.06,  26.15,  26.28,  26.43,  26.36,  26.35,  26.44,  26.41,  25.74,  25.71,  25.76,  25.60,  25.76,  25.84,  25.88,  26.14,  26.05,  25.71
