AL082005,             HARVEY,     46,
20050802, 1800,  , TD, 28.2N,  68.8W,  30, 1006,    0,    0,    0,    0,    0,    0,    0,    0,    0,    0,    0,    0, -999,  29.24,  29.24,  28.96,  27.91,  27.79,  28.24,  28.22,  28.23,  28.43,  27.48,  27.71,  28.01,  28.19,  28.26,  28.20,  27.60,  27.55,  27.34,  27.09,  27.29,  27.10,  27.03,  27.76,  27.86,  28.07,  27.61,  27.27,  28.14,  28.24,  28.19,  28.72
20050803, 0000,  , TD, 28.9N,  68.7W,  30, 1005,    0,    0,    0,    0,    0,    0,    0,    0,    0,    0,    0,    0, -999,  29.56,  29.16,  28.49,  28.26,  28.18,  27.95,  27.96,  28.18,  27.52,  27.77,  27.88,  28.08,  28.18,  28.18,  27.67,  27.44,  27.57,  27.66,  27.55,  27.30,  27.21,  27.61,  27.61,  27.77,  27.30,  26.97,  27.42,  27.36,  27.45,  28.02,  28.28
20050803, 0600,  , TS, 29.5N,  68.6W,  40, 1003,   45,   60,   45,    0,    0,    0,    0,    0,    0,    0,    0,    0, -999,  29.84,  29.61,  29.57,  29.33,  28.26,  27.77,  27.72,  27.82,  27.39,  27.41,  27.50,  27.81,  27.95,  27.93,  27.35,  27.23,  27.08,  27.09,  26.81,  26.49,  26.53,  26.99,  27.14,  27.22,  26.85,  26.60,  26.57,  26.52,  26.56,  27.28,  27.48
20050803, 1200,  , TS, 30.3N,  68.3W,  45, 1001,   45,   75,   45,    0,    0,    0,    0,    0,    0,    0,    0,    0, -999,  29.80,  29.37,  29.48,  28.83,  27.96,  27.46,  27.36,  27.38,  27.18,  26.72,  26.73,  27.16,  27.42,  27.51,  27.44,  27.31,  26.51,  26.15,  25.91,  25.80,  25.81,  26.41,  26.74,  26.80,  26.57,  26.44,  26.09,  26.05,  26.19,  26.85,  27.33
20050803, 1800,  , TS, 30.9N,  67.7W,  50,  999,   45,   75,   45,    0,    0,   45,    0,    0,    0,    0,    0,    0, -999,  29.53,  29.09,  29.16,  28.72,  28.07,  27.54,  27.43,  27.27,  27.18,  26.80,  26.86,  27.27,  27.46,  27.45,  27.19,  26.70,  27.03,  26.99,  26.91,  26.90,  26.97,  27.06,  27.06,  27.10,  26.89,  26.76,  26.67,  26.83,  26.95,  26.94,  28.02
20050804, 0000,  , TS, 31.3N,  66.4W,  50,  997,   45,   75,   45,    0,    0,   45,    0,    0,    0,    0,    0,    0, -999,  28.14,  28.18,  28.03,  27.65,  26.79,  26.37,  25.14,  26.52,  26.77,  26.96,  27.54,  27.84,  27.65,  26.93,  26.51,  27.41,  27.53,  27.42,  27.42,  27.58,  27.57,  27.45,  27.37,  27.17,  27.10,  26.56,  26.82,  27.38,  27.32,  28.27,  28.54
20050804, 0600,  , TS, 31.6N,  65.0W,  50,  995,   45,   75,   45,    0,    0,   45,    0,    0,    0,    0,    0,    0, -999,  28.16,  28.13,  28.15,  27.32,  26.86,  26.81,  26.83,  27.27,  27.22,  27.34,  27.84,  28.04,  28.07,  27.13,  27.31,  27.49,  27.28,  27.31,  27.40,  27.49,  27.46,  27.22,  27.03,  26.91,  26.89,  27.22,  27.23,  27.58,  27.58,  28.45,  28.73
20050804, 1200,  , TS, 31.9N,  63.6W,  50,  995,   60,   90,   45,    0,    0,   45,    0,    0,    0,    0,    0,    0, -999,  28.01,  27.56,  27.37,  26.55,  26.58,  26.61,  26.49,  27.13,  27.37,  27.60,  28.08,  28.17,  28.00,  27.30,  27.65,  28.28,  27.07,  26.65,  26.72,  26.79,  26.85,  26.84,  26.85,  26.77,  26.80,  28.14,  28.24,  28.11,  27.88,  28.18,  28.48
20050804, 1800,  , TS, 32.0N,  62.1W,  55,  994,   60,   75,   45,   30,    0,   25,   25,    0,    0,    0,    0,    0, -999,  27.74,  27.25,  27.04,  26.73,  26.78,  26.80,  26.81,  27.13,  27.31,  27.76,  28.15,  28.24,  28.36,  28.49,  28.42,  27.68,  26.82,  26.96,  27.07,  27.23,  27.20,  27.25,  27.18,  27.18,  27.50,  28.27,  28.89,  28.28,  28.21,  28.37,  28.38
20050805, 0000,  , TS, 32.1N,  60.5W,  55,  994,   75,   60,   45,   45,    0,   25,   25,    0,    0,    0,    0,    0, -999,  27.74,  26.86,  26.97,  26.86,  26.66,  26.73,  26.85,  27.78,  28.11,  28.48,  28.44,  28.48,  28.14,  28.55,  28.43,  27.56,  27.02,  26.85,  26.95,  27.09,  27.08,  26.94,  26.67,  27.36,  27.98,  28.25,  28.29,  28.09,  28.07,  28.09,  28.10
20050805, 0600,  , TS, 32.4N,  59.4W,  55,  994,   75,   60,   45,   45,   25,   25,    0,    0,    0,    0,    0,    0, -999,  27.35,  26.41,  26.73,  26.85,  26.86,  26.97,  27.24,  27.77,  28.01,  28.12,  28.01,  28.15,  28.27,  28.17,  27.79,  28.05,  26.83,  26.42,  26.52,  26.85,  27.03,  26.92,  26.75,  27.37,  27.97,  28.10,  28.13,  27.78,  27.79,  27.93,  27.76
20050805, 1200,  , TS, 32.5N,  58.5W,  50,  995,   90,   60,   45,   45,   25,   25,    0,    0,    0,    0,    0,    0, -999,  27.01,  26.62,  26.82,  26.86,  27.11,  27.22,  27.64,  27.74,  28.23,  28.09,  27.92,  28.10,  28.26,  28.24,  27.76,  27.71,  26.64,  26.08,  26.26,  26.60,  27.13,  26.96,  26.72,  27.17,  27.68,  27.94,  28.07,  27.76,  27.61,  27.68,  27.77
20050805, 1800,  , TS, 32.5N,  57.7W,  45,  997,   90,   60,   35,   75,    0,    0,    0,    0,    0,    0,    0,    0, -999,  26.89,  26.61,  26.59,  26.59,  27.04,  27.19,  27.55,  27.59,  28.33,  28.07,  27.91,  27.81,  28.02,  28.23,  28.02,  27.86,  27.28,  26.37,  26.46,  26.77,  27.29,  27.16,  26.95,  27.25,  27.55,  27.57,  27.45,  27.13,  26.89,  27.02,  27.48
20050806, 0000,  , TS, 32.6N,  57.1W,  45,  997,   90,   60,   25,   90,    0,    0,    0,    0,    0,    0,    0,    0, -999,  26.44,  26.45,  26.48,  26.95,  27.12,  27.63,  27.64,  28.41,  27.99,  27.85,  27.80,  27.93,  28.12,  28.01,  27.99,  27.53,  26.41,  26.37,  26.61,  27.01,  27.00,  26.90,  27.19,  27.28,  27.28,  27.25,  27.06,  26.96,  27.39,  27.46,  27.65
20050806, 0600,  , TS, 33.0N,  56.8W,  50,  995,   90,   60,   25,   90,   50,    0,    0,    0,    0,    0,    0,    0, -999,  26.49,  26.52,  26.53,  26.94,  27.09,  27.55,  27.60,  28.38,  27.94,  27.79,  27.82,  27.83,  27.78,  27.67,  27.66,  27.05,  26.24,  26.33,  26.61,  26.97,  26.94,  26.90,  27.28,  27.23,  27.15,  27.16,  27.11,  27.12,  27.40,  27.34,  27.53
20050806, 1200,  , TS, 33.5N,  56.7W,  50,  995,  105,   60,   25,   75,   50,    0,    0,    0,    0,    0,    0,    0, -999,  26.15,  26.45,  26.61,  26.74,  26.80,  27.12,  27.34,  27.82,  27.52,  27.49,  27.73,  27.77,  27.46,  27.41,  27.34,  26.19,  25.93,  26.23,  26.72,  27.13,  26.93,  26.99,  27.47,  27.27,  27.06,  26.99,  26.98,  27.08,  27.29,  27.22,  27.14
20050806, 1800,  , TS, 33.5N,  56.7W,  50,  995,  105,   60,   25,   50,   50,    0,    0,    0,    0,    0,    0,    0, -999,  26.15,  26.45,  26.61,  26.74,  26.80,  27.12,  27.34,  27.82,  27.52,  27.49,  27.73,  27.77,  27.46,  27.41,  27.34,  26.19,  25.93,  26.23,  26.72,  27.13,  26.93,  26.99,  27.47,  27.27,  27.06,  26.99,  26.98,  27.08,  27.29,  27.22,  27.14
20050807, 0000,  , TS, 34.1N,  55.5W,  50,  995,  105,   60,   25,   25,   50,    0,    0,    0,    0,    0,    0,    0, -999,  26.58,  27.02,  26.87,  26.53,  26.58,  27.12,  27.29,  27.13,  27.07,  27.23,  27.33,  27.11,  27.15,  27.06,  26.12,  26.32,  26.60,  27.00,  27.42,  27.36,  27.01,  27.18,  26.89,  26.77,  26.85,  26.84,  26.97,  27.18,  26.72,  26.59,  26.64
20050807, 0600,  , TS, 35.1N,  54.9W,  50,  995,  105,   60,   25,   25,   50,    0,    0,    0,    0,    0,    0,    0, -999,  25.99,  26.58,  26.36,  26.48,  26.52,  26.69,  26.85,  26.84,  26.67,  26.91,  27.16,  27.30,  27.30,  27.02,  26.04,  26.02,  26.39,  26.58,  26.72,  26.65,  25.86,  26.57,  26.80,  26.81,  26.79,  26.68,  26.71,  26.71,  26.76,  26.80,  27.04
20050807, 1200,  , TS, 36.0N,  54.0W,  45,  998,  105,   80,   25,   25,    0,    0,    0,    0,    0,    0,    0,    0, -999,  25.41,  25.74,  26.05,  26.09,  25.85,  26.20,  26.63,  26.42,  26.20,  26.34,  26.22,  26.68,  26.75,  25.95,  26.00,  26.18,  26.39,  26.58,  26.71,  26.72,  26.49,  26.86,  26.91,  27.05,  26.80,  26.41,  26.72,  26.86,  26.90,  26.95,  27.45
20050807, 1800,  , TS, 36.8N,  52.9W,  45,  998,  105,   80,   25,   25,    0,    0,    0,    0,    0,    0,    0,    0, -999,  25.38,  25.38,  25.88,  25.99,  25.77,  26.09,  26.27,  26.40,  26.26,  26.49,  26.34,  26.84,  26.83,  26.18,  26.19,  25.88,  25.87,  26.12,  26.36,  26.42,  26.51,  27.05,  26.92,  26.70,  26.41,  26.14,  26.48,  26.21,  26.33,  26.11,  26.53
20050808, 0000,  , TS, 37.6N,  51.9W,  45,  998,  105,  100,   25,   50,    0,    0,    0,    0,    0,    0,    0,    0, -999,  24.92,  25.40,  25.48,  25.36,  25.35,  25.46,  25.70,  25.78,  25.62,  25.98,  26.43,  26.50,  26.03,  26.09,  25.84,  25.71,  25.94,  26.03,  26.08,  26.08,  26.83,  26.68,  26.44,  26.44,  25.93,  25.99,  26.21,  26.71,  26.56,  26.26,  26.22
20050808, 0600,  , TS, 38.6N,  50.7W,  45,  998,  105,  100,   25,   50,    0,    0,    0,    0,    0,    0,    0,    0, -999,  24.82,  24.97,  25.47,  25.44,  25.33,  25.32,  25.22,  25.43,  25.60,  25.84,  26.17,  26.24,  25.56,  25.42,  25.46,  25.59,  25.91,  26.12,  26.16,  26.56,  26.75,  27.16,  27.19,  27.08,  26.81,  26.66,  26.52,  26.59,  26.42,  26.10,  26.14
20050808, 1200,  , TS, 39.6N,  48.6W,  45,  998,  120,  120,   40,   60,    0,    0,    0,    0,    0,    0,    0,    0, -999,  23.24,  23.68,  23.79,  23.74,  24.03,  24.23,  24.90,  24.97,  25.29,  25.51,  25.76,  25.77,  25.76,  25.64,  25.62,  24.94,  24.71,  24.63,  24.95,  25.82,  26.40,  26.48,  26.58,  26.53,  26.95,  26.97,  26.79,  27.22,  27.22,  26.05,  25.74
20050808, 1800,  , TS, 40.4N,  46.9W,  45,  998,  120,  120,   40,   60,    0,    0,    0,    0,    0,    0,    0,    0, -999,  24.75,  24.88,  24.95,  24.96,  24.25,  24.76,  25.06,  25.04,  24.70,  24.66,  25.11,  24.96,  24.98,  25.06,  25.12,  24.94,  24.53,  24.55,  24.63,  25.25,  25.30,  24.90,  24.74,  24.73,  24.97,  25.06,  25.72,  26.14,  26.75,  26.67,  26.47
20050809, 0000,  , EX, 41.2N,  45.0W,  45,  997,  120,  120,   75,   75,    0,    0,    0,    0,    0,    0,    0,    0, -999,  23.02,  23.09,  22.85,  22.46,  22.97,  23.46,  23.36,  23.27,  23.55,  23.70,  23.67,  23.02,  22.94,  23.04,  22.48,  21.68,  22.24,  22.67,  22.57,  22.43,  22.89,  23.22,  23.18,  23.23,  23.39,  23.57,  23.65,  23.81,  24.07,  24.31,  24.73
20050809, 0600,  , EX, 41.8N,  43.0W,  50,  995,  100,  120,  100,  100,   25,   25,    0,   50,    0,    0,    0,    0, -999,  22.47,  22.54,  22.62,  22.55,  22.67,  22.98,  23.27,  23.57,  23.57,  23.67,  24.12,  23.61,  23.12,  23.15,  23.20,  22.93,  23.03,  22.89,  23.00,  23.12,  23.41,  23.97,  23.72,  23.59,  23.49,  23.57,  24.21,  24.19,  24.15,  24.44,  24.48
20050809, 1200,  , EX, 42.3N,  41.1W,  50,  995,  100,  120,  100,  100,   25,   25,    0,   50,    0,    0,    0,    0, -999,  22.23,  22.07,  22.42,  22.91,  22.78,  23.09,  23.37,  23.39,  23.18,  23.15,  23.16,  23.34,  23.35,  22.95,  22.79,  22.16,  22.15,  22.09,  21.97,  22.08,  22.50,  22.71,  22.46,  22.41,  22.35,  22.34,  22.36,  23.11,  23.34,  23.56,  23.52
20050809, 1800,  , EX, 43.0N,  39.0W,  50,  994,   90,  120,  120,  120,    0,   60,   25,   50,    0,    0,    0,    0, -999,  19.99,  20.27,  21.06,  21.78,  21.49,  21.12,  21.78,  22.11,  22.06,  22.32,  22.40,  21.93,  21.72,  21.37,  21.38,  21.05,  20.47,  20.45,  20.65,  21.07,  21.32,  21.33,  21.32,  21.32,  21.19,  21.27,  21.26,  21.04,  21.92,  22.06,  22.39
20050810, 0000,  , EX, 44.0N,  37.1W,  50,  994,   90,  120,  120,  120,    0,   75,   25,   25,    0,    0,    0,    0, -999,  21.40,  21.14,  20.97,  20.90,  21.10,  21.57,  22.01,  21.86,  21.80,  22.02,  21.82,  21.98,  22.10,  22.15,  20.52,  20.22,  20.07,  20.16,  20.35,  21.04,  21.02,  20.70,  20.39,  20.33,  20.48,  20.77,  20.82,  20.68,  20.58,  21.34,  21.61
20050810, 0600,  , EX, 44.5N,  35.2W,  50,  994,   75,  140,  140,  150,    0,   90,    0,    0,    0,    0,    0,    0, -999,  18.31,  19.67,  20.10,  20.06,  19.84,  20.43,  20.88,  20.94,  20.99,  21.06,  20.78,  20.64,  20.53,  20.90,  20.77,  19.42,  18.96,  18.69,  18.82,  19.69,  20.12,  20.06,  19.58,  19.55,  19.59,  19.72,  19.97,  20.15,  20.08,  20.23,  20.53
20050810, 1200,  , EX, 44.5N,  34.1W,  50,  994,   75,  140,  140,  150,    0,   90,    0,    0,    0,    0,    0,    0, -999,  19.98,  20.51,  20.35,  20.32,  19.20,  20.74,  21.00,  21.04,  20.73,  20.86,  20.98,  20.84,  20.81,  20.68,  20.56,  19.07,  18.67,  18.65,  19.47,  19.84,  20.11,  19.79,  19.96,  20.28,  20.20,  20.38,  20.68,  20.61,  20.14,  20.58,  20.85
20050810, 1800,  , EX, 44.4N,  33.1W,  50,  994,   75,  140,  140,   90,    0,   90,    0,    0,    0,    0,    0,    0, -999,  19.64,  19.82,  19.78,  19.88,  19.31,  20.11,  20.60,  20.97,  20.92,  21.16,  21.00,  20.56,  20.51,  20.47,  20.66,  19.23,  19.07,  19.31,  19.67,  20.02,  20.10,  19.57,  19.44,  19.64,  19.78,  20.00,  20.37,  20.46,  20.26,  20.56,  20.99
20050811, 0000,  , EX, 44.2N,  32.2W,  45,  997,   75,  120,  120,   50,    0,    0,    0,    0,    0,    0,    0,    0, -999,  20.67,  20.77,  20.98,  21.09,  21.25,  21.38,  21.62,  21.65,  21.84,  21.79,  21.49,  21.25,  21.16,  21.66,  21.25,  20.21,  20.40,  20.52,  20.58,  20.52,  20.24,  20.36,  20.84,  20.94,  21.03,  21.03,  21.08,  21.42,  21.62,  21.84,  22.03
20050811, 0600,  , EX, 43.9N,  31.5W,  40, 1000,    0,  100,  100,    0,    0,    0,    0,    0,    0,    0,    0,    0, -999,  21.06,  20.77,  20.75,  20.87,  21.08,  21.13,  21.46,  21.81,  22.02,  22.01,  21.92,  21.51,  21.09,  21.37,  20.73,  20.04,  20.27,  20.48,  20.64,  20.76,  20.69,  20.71,  21.07,  21.42,  21.69,  21.62,  21.53,  21.65,  21.69,  21.91,  22.04
20050811, 1200,  , EX, 43.5N,  31.0W,  35, 1003,    0,   60,   60,    0,    0,    0,    0,    0,    0,    0,    0,    0, -999,  20.36,  20.12,  19.93,  19.87,  20.61,  20.87,  21.22,  21.66,  21.96,  21.99,  21.93,  21.64,  21.21,  21.09,  20.00,  19.76,  20.29,  20.66,  20.89,  20.93,  20.99,  21.08,  21.20,  21.30,  21.55,  21.52,  21.58,  21.65,  21.79,  21.84,  21.87
20050811, 1800,  , EX, 43.3N,  30.7W,  30, 1005,    0,    0,    0,    0,    0,    0,    0,    0,    0,    0,    0,    0, -999,  20.30,  20.16,  20.08,  20.01,  20.64,  20.98,  21.36,  21.76,  22.08,  22.12,  22.06,  21.69,  21.20,  21.00,  20.23,  20.10,  20.49,  20.79,  20.99,  21.05,  20.96,  21.11,  21.26,  21.38,  21.62,  21.59,  21.64,  21.66,  21.75,  21.86,  21.94
20050812, 0000,  , EX, 43.0N,  30.5W,  30, 1007,    0,    0,    0,    0,    0,    0,    0,    0,    0,    0,    0,    0, -999,  20.06,  20.16,  20.10,  20.34,  20.80,  21.37,  21.80,  22.20,  22.26,  22.10,  21.69,  21.35,  21.27,  21.30,  20.71,  20.78,  21.03,  21.22,  21.16,  21.13,  21.11,  21.21,  21.46,  21.91,  21.90,  21.95,  21.94,  22.00,  22.08,  22.15,  22.27
20050812, 0600,  , EX, 42.5N,  30.8W,  30, 1008,    0,    0,    0,    0,    0,    0,    0,    0,    0,    0,    0,    0, -999,  20.94,  21.07,  21.14,  21.14,  21.70,  22.32,  22.55,  22.72,  22.69,  22.63,  22.12,  21.72,  21.65,  21.67,  21.02,  20.89,  21.07,  21.27,  21.53,  21.34,  21.43,  21.46,  21.69,  22.24,  22.42,  22.73,  22.80,  22.58,  22.69,  22.63,  22.84
20050812, 1200,  , EX, 42.0N,  31.4W,  30, 1009,    0,    0,    0,    0,    0,    0,    0,    0,    0,    0,    0,    0, -999,  21.29,  21.30,  21.41,  21.49,  22.02,  22.47,  22.78,  22.89,  22.81,  22.89,  22.35,  21.96,  21.84,  22.05,  21.57,  20.99,  20.93,  21.23,  21.50,  21.36,  21.37,  21.60,  21.73,  22.17,  22.51,  22.58,  22.79,  22.59,  22.51,  22.56,  22.77
20050812, 1800,  , LO, 41.3N,  31.5W,  25, 1010,    0,    0,    0,    0,    0,    0,    0,    0,    0,    0,    0,    0, -999,  21.78,  22.14,  22.51,  22.72,  22.92,  22.90,  23.27,  23.42,  23.42,  23.53,  23.02,  22.56,  22.20,  22.57,  22.70,  22.09,  21.95,  22.28,  22.43,  22.21,  21.97,  22.45,  22.74,  23.06,  23.46,  23.62,  24.03,  23.82,  23.70,  23.74,  23.73
20050813, 0000,  , LO, 40.7N,  31.5W,  25, 1010,    0,    0,    0,    0,    0,    0,    0,    0,    0,    0,    0,    0, -999,  22.28,  22.78,  23.29,  23.29,  23.04,  23.33,  23.40,  23.39,  23.45,  22.98,  22.47,  22.13,  22.47,  22.67,  22.27,  22.11,  22.36,  22.60,  22.59,  22.43,  23.01,  23.43,  23.52,  23.83,  24.09,  24.37,  24.22,  24.16,  24.24,  24.31,  24.29
20050813, 0600,  , LO, 40.5N,  31.5W,  25, 1011,    0,    0,    0,    0,    0,    0,    0,    0,    0,    0,    0,    0, -999,  22.28,  22.78,  23.29,  23.29,  23.04,  23.33,  23.40,  23.39,  23.45,  22.98,  22.47,  22.13,  22.47,  22.67,  22.27,  22.11,  22.36,  22.60,  22.59,  22.43,  23.01,  23.43,  23.52,  23.83,  24.09,  24.37,  24.22,  24.16,  24.24,  24.31,  24.29
20050813, 1200,  , LO, 40.5N,  31.5W,  25, 1011,    0,    0,    0,    0,    0,    0,    0,    0,    0,    0,    0,    0, -999,  22.28,  22.78,  23.29,  23.29,  23.04,  23.33,  23.40,  23.39,  23.45,  22.98,  22.47,  22.13,  22.47,  22.67,  22.27,  22.11,  22.36,  22.60,  22.59,  22.43,  23.01,  23.43,  23.52,  23.83,  24.09,  24.37,  24.22,  24.16,  24.24,  24.31,  24.29
20050813, 1800,  , LO, 41.2N,  32.0W,  25, 1012,    0,    0,    0,    0,    0,    0,    0,    0,    0,    0,    0,    0, -999,  22.16,  22.55,  22.74,  22.91,  22.73,  23.12,  23.36,  23.41,  23.46,  22.90,  22.57,  22.21,  22.43,  22.70,  21.93,  21.85,  22.22,  22.41,  22.22,  22.24,  22.75,  23.05,  23.21,  23.58,  23.67,  24.13,  23.94,  23.82,  23.89,  23.95,  23.99
20050814, 0000,  , LO, 42.0N,  32.5W,  25, 1015,    0,    0,    0,    0,    0,    0,    0,    0,    0,    0,    0,    0, -999,  21.45,  21.73,  22.37,  22.59,  22.75,  22.85,  22.83,  22.78,  22.31,  21.98,  22.08,  22.21,  21.96,  20.79,  20.64,  20.87,  21.12,  20.96,  20.98,  21.42,  21.64,  21.80,  21.95,  21.99,  22.54,  22.55,  22.69,  22.81,  22.94,  22.95,  22.39
