AL092016,            HERMINE,     47,
20160828, 1800,  , TD, 23.8N,  81.4W,  30, 1009,    0,    0,    0,    0,    0,    0,    0,    0,    0,    0,    0,    0, -999,  30.27,  30.23,  30.19,  29.74,  29.48,  29.48,  29.44,  29.44,  29.63,  29.77,  29.93,  29.88,  29.96,  29.91,  29.74,  29.37,  29.23,  29.31,  28.71,  28.77,  29.29,  29.24,  29.14,  29.24,  29.18,  29.16,  29.04,  29.07,  29.19,  29.73,  29.94
20160829, 0000,  , TD, 23.4N,  82.4W,  30, 1007,    0,    0,    0,    0,    0,    0,    0,    0,    0,    0,    0,    0, -999,  29.85,  29.78,  29.52,  29.66,  29.64,  29.73,  29.97,  30.10,  30.01,  29.99,  29.92,  29.86,  30.02,  29.87,  29.06,  28.63,  28.40,  28.28,  28.42,  29.72,  29.68,  29.45,  29.46,  29.26,  29.32,  29.22,  29.26,  29.15,  29.39,  29.49,  29.42
20160829, 0600,  , TD, 23.4N,  83.3W,  30, 1007,    0,    0,    0,    0,    0,    0,    0,    0,    0,    0,    0,    0, -999,  30.09,  30.03,  29.83,  29.95,  29.97,  30.06,  30.17,  30.20,  29.98,  29.82,  29.82,  29.82,  29.97,  29.88,  29.36,  29.05,  28.86,  28.66,  28.60,  29.75,  29.95,  29.63,  29.44,  29.37,  29.30,  29.22,  29.35,  29.39,  29.81,  29.90,  29.75
20160829, 1200,  , TD, 23.5N,  84.0W,  30, 1007,    0,    0,    0,    0,    0,    0,    0,    0,    0,    0,    0,    0, -999,  30.35,  30.20,  30.14,  30.23,  30.19,  30.08,  30.06,  30.10,  29.89,  29.83,  29.84,  29.78,  29.85,  29.93,  29.77,  29.62,  29.39,  29.14,  29.27,  29.81,  29.84,  29.66,  29.50,  29.57,  29.60,  29.52,  29.50,  29.52,  29.82,  29.88,  29.79
20160829, 1800,  , TD, 23.7N,  84.6W,  30, 1005,    0,    0,    0,    0,    0,    0,    0,    0,    0,    0,    0,    0, -999,  29.83,  29.80,  29.79,  29.87,  29.73,  29.50,  29.62,  29.72,  29.64,  29.59,  29.77,  29.75,  29.71,  29.79,  29.73,  29.84,  29.75,  29.16,  29.42,  29.75,  29.67,  29.65,  29.55,  29.80,  29.93,  29.71,  29.55,  29.44,  29.57,  29.66,  29.64
20160830, 0000,  , TD, 23.8N,  85.4W,  30, 1003,    0,    0,    0,    0,    0,    0,    0,    0,    0,    0,    0,    0, -999,  29.84,  29.35,  29.34,  29.45,  29.57,  29.68,  29.71,  29.73,  29.60,  29.61,  29.54,  29.51,  29.63,  29.52,  29.43,  29.55,  28.86,  28.64,  29.21,  29.47,  29.35,  29.30,  29.58,  29.65,  29.53,  29.47,  29.32,  29.33,  29.32,  29.10,  29.16
20160830, 0600,  , TD, 23.8N,  86.2W,  30, 1003,    0,    0,    0,    0,    0,    0,    0,    0,    0,    0,    0,    0, -999,  30.25,  29.86,  29.96,  30.23,  30.25,  30.37,  30.53,  30.51,  30.36,  30.36,  30.40,  30.49,  30.64,  30.42,  29.96,  29.92,  29.46,  28.84,  29.05,  29.26,  29.15,  29.04,  29.16,  29.16,  29.27,  29.24,  29.39,  29.36,  29.17,  28.95,  28.97
20160830, 1200,  , TD, 23.9N,  86.8W,  30, 1003,    0,    0,    0,    0,    0,    0,    0,    0,    0,    0,    0,    0, -999,  30.63,  30.25,  30.38,  30.50,  30.42,  30.47,  30.54,  30.50,  30.35,  30.24,  30.10,  30.13,  30.26,  30.26,  30.05,  30.03,  29.59,  28.93,  28.93,  29.30,  29.47,  29.32,  29.50,  29.44,  29.72,  29.99,  30.34,  30.41,  30.38,  30.19,  30.09
20160830, 1800,  , TD, 24.0N,  87.3W,  30, 1003,    0,    0,    0,    0,    0,    0,    0,    0,    0,    0,    0,    0, -999,  30.62,  30.34,  30.37,  30.42,  30.32,  30.32,  30.37,  30.33,  30.25,  30.18,  29.99,  30.04,  30.14,  30.19,  30.21,  30.19,  29.78,  29.48,  29.43,  29.60,  29.56,  29.29,  29.58,  29.60,  29.83,  29.91,  30.02,  30.00,  30.11,  30.23,  30.19
20160831, 0000,  , TD, 24.1N,  87.8W,  30, 1003,    0,    0,    0,    0,    0,    0,    0,    0,    0,    0,    0,    0, -999,  30.29,  30.24,  30.25,  30.19,  30.24,  30.33,  30.34,  30.18,  30.16,  30.02,  30.01,  30.10,  30.19,  30.40,  30.28,  29.82,  29.46,  29.45,  29.68,  29.60,  29.38,  29.68,  29.79,  30.01,  29.98,  29.92,  29.78,  29.91,  30.16,  30.20,  29.90
20160831, 0600,  , TS, 24.4N,  88.0W,  35, 1003,   40,   60,    0,    0,    0,    0,    0,    0,    0,    0,    0,    0, -999,  30.10,  30.08,  30.14,  30.18,  30.26,  30.37,  30.43,  30.23,  30.24,  30.17,  30.11,  30.13,  30.17,  30.22,  30.15,  29.96,  29.61,  29.56,  29.81,  29.87,  29.78,  30.03,  30.06,  30.25,  30.19,  29.99,  29.79,  29.87,  30.19,  30.28,  30.00
20160831, 1200,  , TS, 24.8N,  87.9W,  40, 1003,   70,   90,    0,    0,    0,    0,    0,    0,    0,    0,    0,    0, -999,  30.27,  30.18,  30.33,  30.36,  30.43,  30.50,  30.59,  30.43,  30.47,  30.50,  30.23,  30.16,  30.13,  30.19,  30.08,  30.01,  29.75,  29.75,  29.88,  29.85,  29.82,  30.01,  29.90,  30.08,  30.00,  29.96,  29.81,  29.74,  29.89,  29.57,  29.35
20160831, 1800,  , TS, 25.1N,  87.7W,  45, 1002,  100,  110,   60,    0,    0,    0,    0,    0,    0,    0,    0,    0, -999,  30.33,  30.36,  30.53,  30.50,  30.51,  30.55,  30.58,  30.47,  30.52,  30.56,  30.16,  30.08,  30.02,  30.02,  29.89,  29.89,  29.84,  29.77,  29.85,  29.77,  29.74,  29.82,  29.54,  29.70,  29.73,  29.86,  29.79,  29.66,  29.65,  29.25,  29.12
20160901, 0000,  , TS, 25.5N,  87.2W,  50,  999,  120,  120,   90,    0,   20,   20,    0,    0,    0,    0,    0,    0, -999,  30.34,  30.42,  30.36,  30.48,  30.50,  30.48,  30.38,  30.41,  30.40,  29.81,  29.71,  29.69,  29.67,  29.68,  29.69,  29.37,  29.33,  29.56,  29.53,  29.56,  29.50,  29.24,  29.39,  29.46,  29.53,  29.45,  29.32,  29.29,  29.17,  29.05,  29.08
20160901, 0600,  , TS, 26.0N,  86.8W,  55,  995,  130,  130,   90,    0,   80,   70,    0,    0,    0,    0,    0,    0, -999,  29.95,  30.05,  30.02,  30.17,  30.21,  30.20,  30.11,  30.29,  30.36,  29.82,  29.73,  29.70,  29.61,  29.49,  29.46,  29.24,  29.12,  29.39,  29.49,  29.61,  29.43,  29.05,  29.04,  29.04,  29.05,  29.09,  29.01,  29.13,  29.15,  29.03,  29.06
20160901, 1200,  , TS, 26.9N,  86.2W,  60,  991,  130,  140,   80,   60,  100,  100,   30,   30,    0,    0,    0,    0, -999,  29.83,  29.86,  29.86,  30.03,  30.10,  30.10,  30.10,  30.11,  30.09,  29.88,  29.83,  29.72,  29.30,  29.03,  29.01,  28.89,  28.96,  29.15,  29.23,  29.32,  29.08,  29.05,  29.08,  29.18,  29.25,  29.34,  29.39,  29.24,  29.16,  29.09,  29.18
20160901, 1800,  , HU, 27.9N,  85.5W,  65,  988,  130,  150,   60,   60,   90,  110,   30,   40,   40,   40,    0,    0, -999,  29.43,  29.59,  29.78,  30.02,  30.08,  30.25,  30.29,  30.19,  29.95,  29.88,  29.86,  29.70,  29.65,  29.64,  29.65,  29.15,  29.01,  29.02,  28.94,  29.01,  28.89,  28.84,  28.83,  28.94,  29.01,  29.30,  29.49,  29.04,  29.01,  29.11,  29.15
20160902, 0000,  , HU, 29.0N,  84.8W,  70,  983,  130,  150,   60,   60,   70,  110,   40,   30,   40,   40,   30,    0, -999,  29.57,  29.75,  30.03,  29.95,  29.99,  30.18,  30.22,  30.06,  29.87,  29.67,  28.96,  29.32,  29.47,  29.40,  28.98,  28.68,  28.67,  28.75,  28.60,  28.44,  28.21,  28.24,  28.39,  28.58,  29.66,  29.60,  29.20,  29.05,  29.11,  28.54,  28.52
20160902, 0530, L, HU, 30.1N,  84.1W,  70,  981,  130,  150,   60,   60,   70,  110,   40,   30,   30,   40,   30,    0,   20,  30.53,  31.05,  31.32,  31.07,  30.91,  30.96,  30.90,  30.62,  30.33,  30.18,  29.98,  30.00,  30.02,  30.01,  29.88,  29.38,  28.88,  28.74,  28.49,  28.25,  28.22,  28.22,  28.35,  28.69,  29.37,  29.69,  29.31,  29.08,  29.08,  29.18,  28.96
20160902, 0600,  , HU, 30.3N,  84.0W,  65,  982,  130,  150,   60,   40,   40,  110,   30,   20,   20,   30,    0,    0, -999,    nan,    nan,    nan,    nan,    nan,    nan,    nan,    nan,    nan,    nan,    nan,    nan,    nan,    nan,    nan,    nan,    nan,    nan,    nan,    nan,    nan,    nan,    nan,    nan,    nan,    nan,    nan,    nan,    nan,    nan,    nan
20160902, 0800, R, TS, 30.6N,  83.8W,  60,  984,  130,  150,   60,   40,   40,  110,   30,   20,    0,    0,    0,    0, -999,    nan,    nan,    nan,    nan,    nan,    nan,    nan,    nan,    nan,    nan,    nan,    nan,    nan,    nan,    nan,    nan,    nan,    nan,    nan,    nan,    nan,    nan,    nan,    nan,    nan,    nan,    nan,    nan,    nan,    nan,    nan
20160902, 1200,  , TS, 31.4N,  82.8W,  50,  989,  130,  160,   30,   30,   20,  100,    0,    0,    0,    0,    0,    0, -999,    nan,    nan,    nan,    nan,    nan,    nan,    nan,    nan,    nan,    nan,    nan,    nan,    nan,    nan,    nan,    nan,    nan,    nan,    nan,    nan,    nan,    nan,    nan,    nan,    nan,    nan,    nan,    nan,    nan,    nan,    nan
20160902, 1800,  , TS, 32.4N,  81.2W,  50,  990,  130,  160,   20,   20,    0,  100,    0,    0,    0,    0,    0,    0, -999,    nan,    nan,    nan,    nan,    nan,    nan,    nan,    nan,    nan,    nan,    nan,    nan,    nan,    nan,    nan,    nan,    nan,    nan,    nan,    nan,    nan,    nan,    nan,    nan,    nan,    nan,    nan,    nan,    nan,    nan,    nan
20160903, 0000,  , TS, 33.6N,  79.2W,  50,  991,  140,  160,    0,    0,    0,   90,    0,    0,    0,    0,    0,    0, -999,    nan,    nan,    nan,    nan,    nan,    nan,    nan,    nan,    nan,    nan,    nan,    nan,    nan,    nan,    nan,    nan,    nan,    nan,    nan,    nan,    nan,    nan,    nan,    nan,    nan,    nan,    nan,    nan,    nan,    nan,    nan
20160903, 0600,  , TS, 34.9N,  77.2W,  55,  993,  140,  160,    0,    0,   20,   80,    0,    0,    0,    0,    0,    0, -999,    nan,    nan,    nan,    nan,    nan,    nan,    nan,    nan,    nan,    nan,    nan,    nan,    nan,    nan,    nan,    nan,    nan,    nan,    nan,    nan,    nan,    nan,    nan,    nan,    nan,    nan,    nan,    nan,    nan,    nan,    nan
20160903, 1200,  , EX, 35.8N,  75.5W,  60,  995,  150,  160,   70,   70,   40,   60,    0,   40,    0,    0,    0,    0, -999,    nan,    nan,    nan,    nan,    nan,    nan,    nan,    nan,    nan,    nan,    nan,    nan,    nan,    nan,    nan,    nan,    nan,    nan,    nan,    nan,    nan,    nan,    nan,    nan,    nan,    nan,    nan,    nan,    nan,    nan,    nan
20160903, 1800,  , EX, 36.0N,  74.1W,  60,  997,  170,  170,   90,  100,   60,   50,   60,   60,    0,    0,    0,    0, -999,  29.44,  29.64,  29.91,  29.72,  29.39,  28.70,  28.83,  28.85,  29.07,  29.17,  29.33,  29.17,  29.18,  28.97,  28.53,  29.22,  29.05,  28.65,  28.39,  28.59,  28.01,  27.76,  27.56,  27.59,  27.29,  26.99,  27.26,  27.37,  26.94,  26.94,  27.16
20160904, 0000,  , EX, 36.3N,  72.6W,  60,  998,  180,  170,  110,  130,   90,   30,   60,   80,    0,    0,    0,    0, -999,  28.92,  29.04,  29.24,  28.62,  28.31,  28.31,  28.48,  28.67,  28.60,  28.84,  28.93,  28.72,  28.67,  28.37,  28.21,  28.18,  28.13,  27.46,  27.22,  27.25,  27.77,  28.17,  28.19,  27.73,  27.18,  27.28,  27.55,  28.25,  28.38,  28.25,  28.29
20160904, 0600,  , EX, 36.7N,  71.3W,  60,  998,  190,  170,  130,  160,  110,   20,    0,   90,    0,    0,    0,    0, -999,  27.98,  28.05,  28.25,  27.92,  27.56,  27.67,  27.73,  27.84,  28.06,  28.22,  28.39,  28.18,  28.02,  27.97,  27.99,  27.75,  27.48,  26.70,  26.66,  26.62,  26.93,  26.95,  26.91,  26.84,  26.64,  26.79,  27.19,  27.86,  27.93,  28.18,  28.38
20160904, 1200,  , EX, 36.9N,  70.1W,  60,  998,  190,  170,  150,  180,  130,    0,    0,  100,    0,    0,    0,    0, -999,  28.00,  28.04,  28.12,  27.99,  27.72,  27.79,  27.94,  27.96,  28.04,  28.30,  28.37,  28.13,  28.07,  28.06,  28.00,  27.79,  27.56,  26.09,  25.77,  26.00,  26.11,  26.51,  26.66,  26.70,  26.20,  26.02,  26.17,  26.38,  26.36,  26.50,  26.56
20160904, 1800,  , EX, 37.0N,  69.0W,  60,  998,  200,  170,  160,  200,  150,    0,    0,  110,    0,    0,    0,    0, -999,  28.76,  28.72,  28.47,  28.20,  28.04,  28.00,  28.08,  28.28,  28.61,  28.98,  29.09,  28.96,  28.90,  29.00,  28.89,  28.41,  28.15,  27.45,  27.12,  26.83,  26.76,  26.82,  26.39,  26.32,  25.90,  25.74,  25.74,  25.43,  25.51,  25.56,  25.53
20160905, 0000,  , EX, 37.2N,  68.4W,  60,  997,  200,  160,  170,  200,  150,    0,    0,  120,    0,    0,    0,    0, -999,  29.40,  29.14,  28.92,  28.55,  28.31,  28.52,  28.68,  28.61,  28.65,  28.84,  28.65,  28.58,  28.69,  28.68,  27.87,  27.95,  28.05,  28.02,  28.03,  27.96,  28.32,  28.12,  27.65,  27.10,  27.41,  27.50,  27.16,  26.81,  26.94,  27.19,  27.28
20160905, 0600,  , EX, 37.8N,  68.2W,  60,  996,  200,  160,  170,  200,  150,    0,    0,  130,    0,    0,    0,    0, -999,  28.52,  28.81,  28.95,  28.95,  29.09,  29.12,  28.88,  28.68,  28.55,  28.55,  28.23,  28.21,  28.00,  28.29,  26.50,  25.44,  25.69,  25.64,  25.35,  25.05,  25.45,  25.97,  25.71,  25.31,  25.75,  25.85,  26.45,  26.85,  26.79,  27.46,  27.72
20160905, 1200,  , EX, 38.6N,  68.5W,  55,  995,  190,  150,  160,  190,  140,    0,    0,  140,    0,    0,    0,    0, -999,  27.01,  27.00,  26.58,  26.36,  26.53,  26.94,  26.84,  27.09,  27.08,  27.19,  27.00,  26.96,  26.89,  26.91,  25.96,  25.04,  25.04,  24.81,  24.73,  25.01,  25.50,  25.52,  25.21,  24.97,  25.00,  25.09,  25.04,  24.82,  24.93,  24.83,  25.00
20160905, 1800,  , EX, 39.2N,  69.3W,  55,  995,  180,  150,  150,  170,  120,    0,    0,  140,    0,    0,    0,    0, -999,  25.84,  25.80,  25.65,  25.74,  25.84,  26.41,  26.01,  26.24,  26.44,  26.45,  26.43,  26.29,  26.27,  26.21,  26.09,  25.16,  24.53,  24.48,  24.78,  25.04,  25.57,  25.61,  25.24,  24.98,  24.95,  24.95,  24.67,  24.22,  24.47,  24.63,  25.03
20160906, 0000,  , EX, 39.5N,  70.3W,  55,  995,  160,  140,  140,  150,  100,    0,    0,  120,    0,    0,    0,    0, -999,  25.85,  25.58,  25.58,  25.39,  25.38,  25.44,  25.47,  25.17,  25.37,  25.64,  25.70,  25.58,  25.39,  25.30,  24.07,  22.99,  22.89,  23.21,  23.62,  24.46,  24.53,  24.43,  24.19,  24.23,  24.51,  24.30,  24.17,  24.72,  24.89,  24.89,  25.00
20160906, 0600,  , EX, 39.6N,  71.2W,  50,  996,  130,  130,  130,  130,   80,    0,    0,   80,    0,    0,    0,    0, -999,  25.85,  25.69,  25.69,  25.39,  25.72,  25.80,  25.91,  25.72,  25.71,  25.94,  25.65,  25.08,  24.89,  25.06,  24.47,  22.77,  22.41,  22.66,  22.98,  23.41,  23.44,  23.02,  22.94,  23.08,  23.22,  23.24,  23.14,  23.49,  23.77,  23.88,  24.46
20160906, 1200,  , EX, 39.5N,  71.8W,  45,  997,  110,  120,  120,  100,    0,    0,    0,    0,    0,    0,    0,    0, -999,  27.03,  26.97,  26.88,  26.71,  26.53,  26.54,  26.35,  25.94,  25.97,  26.29,  26.06,  25.67,  25.44,  25.75,  25.61,  23.59,  23.33,  23.67,  23.55,  23.32,  23.27,  22.96,  22.83,  22.83,  22.88,  22.83,  22.78,  23.29,  23.53,  23.53,  23.67
20160906, 1800,  , EX, 39.5N,  72.3W,  40,  998,   80,  110,  100,   90,    0,    0,    0,    0,    0,    0,    0,    0, -999,  26.51,  26.42,  26.37,  26.38,  26.37,  26.73,  26.67,  26.32,  26.18,  26.39,  26.05,  25.53,  24.94,  24.87,  24.53,  22.82,  22.98,  23.35,  23.19,  22.89,  22.78,  22.37,  22.34,  22.44,  22.43,  21.95,  21.80,  22.12,  22.31,  22.45,  22.39
20160907, 0000,  , EX, 39.2N,  72.5W,  35, 1000,   60,   90,   90,   70,    0,    0,    0,    0,    0,    0,    0,    0, -999,  26.77,  26.74,  26.79,  26.89,  27.21,  27.19,  26.87,  26.77,  26.90,  26.64,  26.01,  25.41,  25.41,  25.17,  23.94,  23.85,  24.09,  23.94,  23.58,  23.51,  22.92,  22.81,  23.00,  23.09,  22.79,  22.81,  23.33,  23.48,  23.51,  23.17,  23.29
20160907, 0600,  , EX, 39.0N,  72.4W,  35, 1002,   50,   70,   80,   50,    0,    0,    0,    0,    0,    0,    0,    0, -999,  26.77,  26.74,  26.79,  26.89,  27.21,  27.19,  26.87,  26.77,  26.90,  26.64,  26.01,  25.41,  25.41,  25.17,  23.94,  23.85,  24.09,  23.94,  23.58,  23.51,  22.92,  22.81,  23.00,  23.09,  22.79,  22.81,  23.33,  23.48,  23.51,  23.17,  23.29
20160907, 1200,  , EX, 39.3N,  72.3W,  30, 1004,    0,    0,    0,    0,    0,    0,    0,    0,    0,    0,    0,    0, -999,  26.77,  26.74,  26.79,  26.89,  27.21,  27.19,  26.87,  26.77,  26.90,  26.64,  26.01,  25.41,  25.41,  25.17,  23.94,  23.85,  24.09,  23.94,  23.58,  23.51,  22.92,  22.81,  23.00,  23.09,  22.79,  22.81,  23.33,  23.48,  23.51,  23.17,  23.29
20160907, 1800,  , EX, 39.5N,  72.1W,  30, 1007,    0,    0,    0,    0,    0,    0,    0,    0,    0,    0,    0,    0, -999,  26.79,  26.78,  26.67,  26.53,  26.72,  26.59,  26.19,  26.10,  26.34,  26.09,  25.60,  25.19,  25.32,  25.07,  23.22,  23.20,  23.60,  23.43,  23.15,  23.04,  22.72,  22.64,  22.68,  22.63,  22.35,  22.24,  22.68,  22.83,  22.94,  22.96,  23.19
20160908, 0000,  , EX, 39.6N,  71.8W,  25, 1008,    0,    0,    0,    0,    0,    0,    0,    0,    0,    0,    0,    0, -999,  25.90,  25.59,  25.72,  25.99,  25.98,  25.77,  25.80,  26.10,  25.71,  25.07,  24.64,  24.69,  24.63,  22.41,  22.28,  22.66,  22.83,  22.99,  22.98,  22.49,  22.28,  22.16,  21.97,  21.98,  21.93,  22.29,  22.52,  22.68,  23.11,  23.28,  23.70
20160908, 0600,  , EX, 39.9N,  71.3W,  25, 1009,    0,    0,    0,    0,    0,    0,    0,    0,    0,    0,    0,    0, -999,  25.01,  24.53,  24.89,  25.06,  25.22,  25.10,  24.92,  25.18,  24.73,  23.84,  23.56,  23.51,  22.90,  21.36,  21.49,  21.84,  22.48,  22.82,  22.75,  22.20,  22.30,  22.48,  22.44,  22.60,  22.65,  22.92,  23.05,  23.08,  23.88,  24.23,  24.21
20160908, 1200,  , EX, 40.6N,  70.7W,  25, 1010,    0,    0,    0,    0,    0,    0,    0,    0,    0,    0,    0,    0, -999,  22.81,  23.15,  23.44,  23.41,  23.25,  23.11,  23.10,  23.43,  23.22,  22.96,  22.48,  21.98,  20.89,  19.62,  19.45,  19.63,  19.73,  20.56,  20.78,  20.23,  20.17,  20.25,  20.08,  19.99,  20.05,  20.36,  20.40,  20.12,  21.65,  21.84,  21.90
20160908, 1800,  , EX, 41.7N,  70.0W,  20, 1010,    0,    0,    0,    0,    0,    0,    0,    0,    0,    0,    0,    0, -999,  20.25,  20.23,  20.54,  20.77,  20.70,  20.61,  20.84,  20.81,  20.78,  20.96,  20.54,  20.29,  19.94,  19.26,  19.27,  19.40,  19.91,  20.34,  19.93,  19.81,  19.77,  19.90,  19.35,  19.18,  19.41,  19.69,  20.14,  20.21,  20.54,  20.22,  19.94
