AL092011,              IRENE,     43,
20110821, 0000,  , TS, 15.0N,  59.0W,  45, 1006,  105,    0,    0,   45,    0,    0,    0,    0,    0,    0,    0,    0, -999,  28.34,  28.60,  28.77,  28.79,  28.75,  28.34,  28.26,  28.61,  28.79,  28.80,  28.73,  28.85,  28.76,  28.41,  28.80,  28.92,  28.67,  28.39,  28.27,  28.14,  28.22,  29.02,  29.05,  28.95,  29.12,  29.08,  29.39,  29.65,  29.34,  29.43,  29.50
20110821, 0600,  , TS, 16.0N,  60.6W,  45, 1006,  130,    0,    0,   80,    0,    0,    0,    0,    0,    0,    0,    0, -999,  28.10,  28.71,  28.69,  28.54,  28.41,  28.36,  28.42,  28.72,  28.73,  28.77,  29.07,  29.07,  28.90,  28.39,  28.24,  28.20,  27.79,  27.88,  28.10,  28.68,  28.70,  28.33,  27.96,  28.22,  28.60,  28.68,  28.95,  29.14,  29.06,  29.18,  29.27
20110821, 1200,  , TS, 16.8N,  62.2W,  45, 1005,  130,    0,    0,   70,    0,    0,    0,    0,    0,    0,    0,    0, -999,  28.43,  28.85,  28.80,  28.51,  28.67,  28.67,  28.80,  29.00,  28.88,  28.89,  29.13,  29.12,  29.10,  28.62,  28.31,  28.36,  28.47,  28.61,  28.81,  29.04,  28.98,  28.92,  28.38,  28.48,  28.59,  28.86,  29.02,  29.09,  29.03,  28.98,  28.92
20110821, 1800,  , TS, 17.5N,  63.7W,  50,  999,  130,   20,    0,   70,   30,    0,    0,    0,    0,    0,    0,    0, -999,  28.86,  28.71,  28.60,  28.76,  28.99,  28.79,  28.90,  28.99,  28.85,  28.81,  29.20,  29.23,  29.10,  28.58,  28.38,  28.37,  28.38,  28.44,  28.61,  28.72,  28.65,  28.72,  28.85,  28.93,  28.86,  28.85,  28.96,  29.17,  29.28,  29.22,  29.04
20110821, 2300, L, TS, 17.8N,  64.6W,  60,  993, -999, -999, -999, -999, -999, -999, -999, -999, -999, -999, -999, -999, -999,  28.70,  28.76,  28.64,  28.68,  28.90,  28.83,  28.77,  28.93,  28.90,  29.03,  29.22,  29.10,  29.03,  28.93,  28.91,  29.06,  28.99,  28.92,  28.93,  28.97,  28.87,  28.80,  28.94,  29.03,  28.93,  28.87,  28.82,  29.04,  29.20,  29.20,  29.26
20110822, 0000,  , TS, 17.9N,  65.0W,  60,  993,  130,   30,   30,   90,   30,    0,    0,   30,    0,    0,    0,    0, -999,  28.71,  28.63,  28.66,  28.89,  28.86,  28.75,  28.91,  28.85,  29.07,  29.31,  29.18,  29.09,  29.01,  28.87,  28.99,  28.91,  28.83,  28.81,  28.81,  28.80,  28.76,  28.83,  28.86,  28.78,  28.74,  28.73,  29.00,  29.16,  29.16,  29.17,  29.02
20110822, 0525, L, TS, 18.1N,  65.8W,  60,  990, -999, -999, -999, -999, -999, -999, -999, -999, -999, -999, -999, -999, -999,    nan,    nan,    nan,    nan,    nan,    nan,    nan,    nan,    nan,    nan,    nan,    nan,    nan,    nan,    nan,    nan,    nan,    nan,    nan,    nan,    nan,    nan,    nan,    nan,    nan,    nan,    nan,    nan,    nan,    nan,    nan
20110822, 0600,  , HU, 18.2N,  65.9W,  65,  990,  130,   60,   60,   90,   40,   25,   20,   35,   25,    0,    0,    0, -999,    nan,    nan,    nan,    nan,    nan,    nan,    nan,    nan,    nan,    nan,    nan,    nan,    nan,    nan,    nan,    nan,    nan,    nan,    nan,    nan,    nan,    nan,    nan,    nan,    nan,    nan,    nan,    nan,    nan,    nan,    nan
20110822, 1200,  , HU, 18.9N,  67.0W,  70,  989,  160,   60,   60,   90,   40,   25,   20,   35,   25,    0,    0,    0, -999,  28.60,  28.61,  28.50,  28.81,  28.90,  28.74,  28.60,  28.95,  29.06,  28.99,  28.91,  28.69,  28.65,  28.60,  28.44,  28.41,  28.03,  28.05,  28.28,  28.49,  28.54,  28.65,  28.54,  28.17,  28.31,  28.79,  28.97,  29.01,  29.07,  29.12,  29.29
20110822, 1800,  , HU, 19.3N,  68.0W,  75,  988,  160,   60,   40,   90,   40,   30,   20,   35,   25,    0,    0,    0, -999,  28.49,  28.67,  28.60,  28.57,  28.79,  28.74,  28.76,  29.14,  29.11,  29.08,  28.98,  28.70,  28.68,  28.68,  28.59,  28.59,  28.62,  28.62,  28.58,  28.56,  28.52,  28.60,  28.66,  28.54,  28.67,  29.02,  28.96,  29.00,  29.10,  29.18,  29.19
20110823, 0000,  , HU, 19.7N,  68.8W,  80,  981,  160,   70,   50,  100,   70,   30,   30,   70,   25,    0,    0,   35, -999,  28.45,  28.42,  28.35,  28.66,  28.64,  28.65,  29.17,  29.13,  29.00,  28.95,  28.66,  28.60,  28.54,  28.53,  28.53,  28.40,  28.36,  28.27,  28.32,  28.28,  28.53,  28.61,  28.50,  28.52,  28.82,  28.86,  28.78,  29.01,  29.21,  29.22,  28.85
20110823, 0600,  , HU, 20.1N,  69.7W,  80,  978,  180,  120,   90,  130,   90,   60,   40,   70,   45,   30,   20,   35, -999,  28.39,  28.45,  28.36,  28.67,  28.70,  28.69,  29.41,  29.30,  29.01,  28.91,  28.64,  28.74,  28.75,  28.66,  28.64,  28.52,  28.29,  28.08,  28.26,  28.35,  28.75,  28.77,  28.50,  28.27,  28.38,  28.59,  28.56,  28.76,  29.14,  29.23,  28.75
20110823, 1200,  , HU, 20.4N,  70.6W,  80,  978,  180,  120,   90,  130,   90,   60,   40,   70,   40,   30,   20,   35, -999,  28.46,  28.40,  28.20,  28.54,  28.79,  28.87,  29.22,  29.10,  29.01,  28.94,  28.71,  28.75,  28.67,  28.59,  28.52,  28.47,  28.32,  28.28,  28.34,  28.34,  28.74,  28.70,  28.56,  28.53,  28.51,  28.64,  28.69,  29.30,  29.32,  29.26,  29.11
20110823, 1800,  , HU, 20.7N,  71.2W,  80,  977,  180,  120,   90,  130,   75,   60,   40,   70,   35,   30,   20,   35, -999,  28.47,  28.45,  28.15,  28.53,  28.84,  28.91,  29.18,  29.04,  28.95,  28.91,  28.55,  28.63,  28.69,  28.69,  28.60,  28.56,  28.42,  28.15,  28.04,  28.03,  28.50,  28.52,  28.43,  28.49,  28.43,  28.43,  28.48,  29.25,  29.29,  29.23,  29.41
20110824, 0000,  , HU, 21.0N,  71.9W,  80,  969,  180,  150,   90,  150,   70,   70,   40,   70,   35,   30,   25,   35, -999,  28.81,  28.54,  28.89,  29.15,  29.17,  29.35,  29.26,  29.10,  28.92,  28.42,  28.56,  28.76,  28.57,  28.59,  28.62,  28.49,  28.23,  28.33,  28.34,  28.66,  28.70,  28.62,  28.51,  28.43,  28.50,  28.76,  29.26,  29.24,  29.26,  29.60,  29.81
20110824, 0600,  , HU, 21.3N,  72.5W,  95,  965,  180,  150,   90,  150,   70,   70,   40,   70,   35,   30,   25,   35, -999,  29.02,  28.89,  29.06,  29.24,  29.22,  29.15,  29.26,  29.45,  29.03,  28.52,  28.93,  29.17,  28.97,  29.14,  29.17,  29.07,  28.38,  28.37,  28.31,  28.39,  28.73,  28.84,  28.80,  28.89,  29.16,  29.35,  29.61,  29.68,  29.81,  29.58,  29.48
20110824, 1200,  , HU, 21.9N,  73.3W, 105,  957,  180,  150,   90,  150,   90,   60,   45,   80,   45,   40,   25,   40, -999,  28.82,  28.84,  28.87,  28.99,  29.03,  29.03,  29.22,  29.36,  28.92,  28.59,  28.80,  29.14,  29.12,  29.07,  29.05,  29.09,  28.89,  29.10,  29.09,  28.79,  28.63,  28.68,  28.68,  28.61,  28.84,  28.97,  29.14,  29.34,  29.43,  28.57,  28.47
20110824, 1600, L, HU, 22.4N,  74.0W, 100,  955, -999, -999, -999, -999, -999, -999, -999, -999, -999, -999, -999, -999, -999,  29.11,  29.14,  29.00,  29.15,  29.24,  29.20,  29.49,  29.44,  29.38,  28.87,  28.83,  29.13,  29.24,  28.92,  29.30,  29.33,  29.34,  29.49,  29.67,  29.18,  28.60,  28.49,  28.69,  28.80,  29.14,  29.37,  29.35,  29.29,  29.30,  29.34,  29.26
20110824, 1800,  , HU, 22.7N,  74.3W, 100,  954,  200,  180,  100,  150,  100,   70,   50,   80,   50,   45,   25,   40, -999,  29.13,  29.23,  29.12,  29.22,  29.29,  29.29,  29.54,  29.53,  29.56,  28.84,  28.92,  29.20,  29.25,  29.03,  29.28,  29.31,  29.32,  29.42,  29.56,  28.95,  28.52,  28.55,  28.74,  28.82,  29.19,  29.41,  29.37,  29.22,  29.22,  29.49,  29.55
20110825, 0000, L, HU, 23.5N,  75.1W,  95,  952,  220,  180,  100,  150,  100,   90,   50,   80,   60,   60,   25,   50, -999,  29.43,  29.66,  29.41,  29.58,  29.82,  29.97,  29.93,  29.87,  29.10,  29.32,  29.45,  29.42,  29.42,  29.38,  29.34,  29.27,  29.46,  29.47,  28.58,  28.64,  28.90,  28.97,  28.97,  29.23,  29.17,  29.14,  29.18,  29.29,  29.52,  29.58,  29.66
20110825, 0600,  , HU, 24.1N,  75.9W,  95,  950,  220,  180,  100,  150,  100,   80,   50,   70,   60,   60,   25,   50, -999,  29.71,  29.79,  29.53,  29.68,  29.81,  29.89,  29.98,  30.02,  29.30,  29.35,  29.39,  29.36,  29.44,  29.58,  29.62,  29.61,  29.83,  29.57,  28.81,  28.98,  29.01,  28.92,  28.81,  28.97,  29.08,  29.21,  29.42,  29.64,  29.70,  29.43,  29.76
20110825, 0900, L, HU, 24.7N,  76.2W,  90,  950, -999, -999, -999, -999, -999, -999, -999, -999, -999, -999, -999, -999, -999,  29.84,  29.82,  29.55,  29.59,  29.92,  30.03,  30.04,  30.11,  29.31,  29.40,  29.51,  29.60,  29.66,  29.63,  29.60,  29.62,  29.58,  29.07,  28.60,  28.88,  29.01,  28.90,  28.74,  28.67,  28.74,  29.06,  29.32,  29.50,  29.52,  29.10,  29.35
20110825, 1200,  , HU, 25.4N,  76.6W,  90,  950,  250,  200,  100,  160,  100,  100,   50,   70,   60,   60,   25,   50, -999,  30.15,  30.12,  29.78,  29.61,  29.96,  30.12,  30.15,  30.19,  29.67,  29.68,  29.69,  29.75,  29.83,  29.84,  29.75,  29.72,  29.45,  28.66,  28.62,  28.72,  28.84,  28.94,  28.81,  28.42,  28.51,  29.17,  29.27,  29.38,  29.82,  30.06,  30.08
20110825, 1800, L, HU, 26.5N,  77.2W,  90,  950,  250,  200,  125,  160,  110,  100,   50,   75,   70,   60,   25,   50, -999,  29.85,  29.93,  29.91,  29.67,  29.69,  30.02,  30.12,  29.81,  29.71,  29.59,  29.49,  29.57,  29.65,  29.58,  29.69,  29.67,  29.57,  28.64,  28.64,  28.71,  28.72,  28.65,  28.44,  28.43,  28.69,  28.94,  28.86,  29.37,  29.78,  29.90,  29.99
20110826, 0000,  , HU, 27.7N,  77.3W,  90,  946,  250,  200,  125,  160,  110,  100,   50,   75,   70,   60,   25,   50, -999,  28.37,  29.45,  29.80,  29.71,  29.60,  29.47,  29.07,  28.95,  28.95,  29.01,  28.99,  29.23,  29.21,  29.28,  29.31,  29.34,  28.37,  28.40,  28.53,  28.54,  28.07,  28.37,  28.49,  28.23,  28.39,  28.68,  28.90,  29.11,  29.12,  29.01,  28.92
20110826, 0600,  , HU, 28.8N,  77.3W,  90,  942,  250,  200,  130,  175,  125,  105,   75,   75,   80,   80,   50,   50, -999,  28.78,  29.00,  29.11,  29.21,  29.35,  29.27,  29.17,  29.06,  28.98,  28.88,  28.90,  29.07,  29.24,  29.11,  29.02,  28.01,  27.89,  28.15,  28.10,  28.10,  28.07,  28.08,  27.94,  27.93,  28.03,  28.28,  28.46,  28.89,  28.88,  28.75,  28.72
20110826, 1200,  , HU, 30.0N,  77.4W,  85,  947,  250,  200,  130,  175,  125,  105,   75,   75,   80,   80,   50,   50, -999,  28.80,  29.01,  29.04,  28.98,  29.03,  29.02,  29.02,  28.93,  28.78,  28.31,  28.26,  28.65,  28.77,  28.43,  28.23,  27.89,  26.05,  26.07,  26.43,  26.50,  27.03,  27.10,  27.02,  27.06,  27.35,  27.64,  27.90,  28.18,  28.46,  28.36,  28.23
20110826, 1800,  , HU, 31.1N,  77.5W,  80,  950,  250,  225,  140,  175,  125,  125,   80,   75,   80,   80,   50,   50, -999,  29.11,  29.67,  29.61,  29.54,  29.55,  29.33,  29.25,  28.97,  28.97,  29.14,  28.95,  28.91,  28.85,  28.22,  27.90,  27.86,  28.12,  27.89,  27.85,  27.91,  26.91,  26.22,  26.13,  26.41,  26.71,  27.26,  27.43,  27.70,  27.79,  27.88,  27.88
20110827, 0000,  , HU, 32.1N,  77.1W,  75,  952,  225,  225,  140,  140,  125,  125,   90,   75,   80,   80,   40,   40, -999,  29.83,  29.80,  29.72,  29.69,  29.78,  29.77,  29.64,  29.83,  29.93,  29.84,  29.74,  29.61,  29.71,  29.05,  27.59,  27.70,  28.52,  29.23,  29.38,  29.31,  29.14,  28.84,  28.39,  28.69,  29.09,  29.41,  29.45,  29.39,  28.58,  28.55,  28.47
20110827, 0600,  , HU, 33.4N,  76.8W,  75,  952,  225,  225,  140,  140,  125,  125,   90,   75,   80,   80,   40,   40, -999,  29.88,  29.77,  29.21,  29.23,  29.48,  29.20,  29.51,  29.58,  29.74,  29.93,  29.30,  28.82,  29.16,  29.21,  28.86,  28.69,  28.74,  28.71,  28.70,  28.46,  28.42,  28.34,  28.72,  28.99,  29.03,  28.94,  29.27,  29.28,  29.06,  29.06,  28.68
20110827, 1200, L, HU, 34.7N,  76.6W,  75,  952,  225,  225,  150,  125,  125,  125,   90,   60,   80,   80,   40,   35,   45,    nan,    nan,    nan,    nan,    nan,    nan,    nan,    nan,    nan,    nan,    nan,    nan,    nan,    nan,    nan,    nan,    nan,    nan,    nan,    nan,    nan,    nan,    nan,    nan,    nan,    nan,    nan,    nan,    nan,    nan,    nan
20110827, 1800,  , HU, 35.5N,  76.3W,  65,  950,  210,  225,  150,  125,  125,  125,   80,   60,   75,   75,   35,   35, -999,  30.27,  29.59,  29.17,  29.03,  28.90,  28.85,  28.71,  28.77,  29.18,  29.51,  29.32,  28.22,  28.09,  28.10,  27.99,  26.99,  27.14,  27.57,  27.40,  27.01,  26.78,  26.72,  26.60,  26.53,  26.58,  27.04,  27.44,  27.60,  27.57,  27.98,  28.07
20110828, 0000,  , HU, 36.7N,  75.7W,  65,  951,  210,  225,  150,  125,  150,  150,   80,   60,   75,   75,    0,    0, -999,  27.47,  26.78,  26.58,  26.60,  26.79,  26.80,  26.93,  26.95,  26.91,  26.13,  25.96,  26.07,  26.04,  25.69,  22.46,  22.87,  23.69,  22.56,  22.38,  22.74,  23.02,  23.75,  23.89,  23.91,  23.99,  23.69,  23.59,  24.14,  24.86,  25.11,  24.93
20110828, 0600,  , HU, 38.1N,  75.0W,  65,  958,  230,  280,  160,  110,  150,  150,   80,   30,   75,   75,    0,    0, -999,  26.35,  24.94,  24.55,  24.34,  24.56,  24.95,  25.18,  25.27,  25.63,  25.20,  25.09,  24.71,  24.65,  24.71,  23.09,  22.14,  22.32,  22.11,  22.40,  22.49,  22.21,  22.45,  22.30,  22.27,  22.65,  22.85,  23.00,  23.03,  23.12,  23.27,  23.32
20110828, 0935, L, TS, 39.4N,  74.4W,  60,  959,  230,  280,  160,  110,  150,  150,   80,   30,    0,    0,    0,    0, -999,  25.93,  24.96,  24.51,  24.67,  24.67,  24.76,  24.78,  24.84,  24.77,  24.13,  24.05,  23.43,  23.32,  23.80,  24.02,  21.64,  21.64,  21.87,  22.46,  22.94,  22.53,  22.19,  21.79,  21.71,  21.66,  21.03,  21.21,  21.51,  21.66,  22.12,  22.67
20110828, 1200,  , TS, 40.3N,  74.1W,  55,  963,  230,  280,  130,   50,  150,  150,   80,   30,    0,    0,    0,    0, -999,    nan,    nan,    nan,    nan,    nan,    nan,    nan,    nan,    nan,    nan,    nan,    nan,    nan,    nan,    nan,    nan,    nan,    nan,    nan,    nan,    nan,    nan,    nan,    nan,    nan,    nan,    nan,    nan,    nan,    nan,    nan
20110828, 1300, L, TS, 40.6N,  74.0W,  55,  965,  230,  280,  130,   50,  150,  150,   80,   30,    0,    0,    0,    0, -999,    nan,    nan,    nan,    nan,    nan,    nan,    nan,    nan,    nan,    nan,    nan,    nan,    nan,    nan,    nan,    nan,    nan,    nan,    nan,    nan,    nan,    nan,    nan,    nan,    nan,    nan,    nan,    nan,    nan,    nan,    nan
20110828, 1800,  , TS, 42.5N,  73.1W,  50,  970,  230,  280,  180,   50,  150,  150,   80,   30,    0,    0,    0,    0, -999,    nan,    nan,    nan,    nan,    nan,    nan,    nan,    nan,    nan,    nan,    nan,    nan,    nan,    nan,    nan,    nan,    nan,    nan,    nan,    nan,    nan,    nan,    nan,    nan,    nan,    nan,    nan,    nan,    nan,    nan,    nan
20110829, 0000,  , EX, 44.2N,  72.1W,  45,  979,  230,  315,  250,   50,    0,    0,    0,    0,    0,    0,    0,    0, -999,    nan,    nan,    nan,    nan,    nan,    nan,    nan,    nan,    nan,    nan,    nan,    nan,    nan,    nan,    nan,    nan,    nan,    nan,    nan,    nan,    nan,    nan,    nan,    nan,    nan,    nan,    nan,    nan,    nan,    nan,    nan
20110829, 0600,  , EX, 46.5N,  69.5W,  40,  983,  360,  360,  360,    0,    0,    0,    0,    0,    0,    0,    0,    0, -999,    nan,    nan,    nan,    nan,    nan,    nan,    nan,    nan,    nan,    nan,    nan,    nan,    nan,    nan,    nan,    nan,    nan,    nan,    nan,    nan,    nan,    nan,    nan,    nan,    nan,    nan,    nan,    nan,    nan,    nan,    nan
20110829, 1200,  , EX, 49.1N,  66.7W,  40,  985,  360,  360,  300,    0,    0,    0,    0,    0,    0,    0,    0,    0, -999,  14.40,  15.72,  15.40,  14.98,  15.06,  15.60,  16.51,  17.01,  16.25,  15.11,  14.84,  14.31,  13.67,  13.83,  14.13,  12.09,  10.72,  11.47,  12.96,  13.73,  13.88,  14.01,  13.64,  12.52,  12.21,  11.89,  11.54,  11.42,  11.61,  11.64,  10.35
20110829, 1800,  , EX, 51.3N,  63.8W,  40,  987,    0,  360,    0,    0,    0,    0,    0,    0,    0,    0,    0,    0, -999,    nan,    nan,    nan,    nan,    nan,    nan,    nan,    nan,    nan,    nan,    nan,    nan,    nan,    nan,    nan,    nan,    nan,    nan,    nan,    nan,    nan,    nan,    nan,    nan,    nan,    nan,    nan,    nan,    nan,    nan,    nan
20110830, 0000,  , EX, 53.0N,  60.0W,  40,  991,    0,  270,    0,    0,    0,    0,    0,    0,    0,    0,    0,    0, -999,    nan,    nan,    nan,    nan,    nan,    nan,    nan,    nan,    nan,    nan,    nan,    nan,    nan,    nan,    nan,    nan,    nan,    nan,    nan,    nan,    nan,    nan,    nan,    nan,    nan,    nan,    nan,    nan,    nan,    nan,    nan
