AL092022,                IAN,     40,
20220922, 1800,  , LO, 12.3N,  66.3W,  30, 1006,    0,    0,    0,    0,    0,    0,    0,    0,    0,    0,    0,    0,   70,  29.35,  29.48,  29.46,  29.35,  29.41,  29.42,  29.34,  29.34,  29.35,  29.28,  29.30,  29.32,  29.37,  29.32,  29.30,  29.31,  29.37,  29.34,  29.22,  29.20,  29.20,  29.19,  29.16,  29.18,  29.29,  29.41,  29.49,  29.53,  29.55,  29.34,  29.13
20220923, 0000,  , LO, 12.9N,  67.2W,  30, 1006,    0,    0,    0,    0,    0,    0,    0,    0,    0,    0,    0,    0,   70,  29.50,  29.51,  29.37,  29.40,  29.42,  29.37,  29.34,  29.34,  29.35,  29.39,  29.41,  29.36,  29.13,  29.18,  29.22,  29.23,  29.25,  29.15,  29.23,  29.28,  29.32,  29.35,  29.35,  29.39,  29.45,  29.48,  29.51,  29.49,  29.35,  29.23,  29.24
20220923, 0600,  , TD, 13.7N,  68.1W,  30, 1006,    0,    0,    0,    0,    0,    0,    0,    0,    0,    0,    0,    0,   60,  29.42,  29.59,  29.56,  29.60,  29.64,  29.61,  29.56,  29.55,  29.53,  29.50,  29.44,  29.46,  29.34,  29.37,  29.39,  29.36,  29.29,  29.14,  29.19,  29.25,  29.41,  29.47,  29.43,  29.47,  29.51,  29.49,  29.55,  29.58,  29.43,  29.31,  29.34
20220923, 1200,  , TD, 14.2N,  69.3W,  30, 1006,    0,    0,    0,    0,    0,    0,    0,    0,    0,    0,    0,    0,   60,  29.75,  29.90,  29.86,  29.85,  29.92,  29.87,  29.90,  29.89,  29.82,  29.61,  29.57,  29.55,  29.44,  29.49,  29.44,  29.43,  29.39,  29.25,  29.27,  29.31,  29.40,  29.40,  29.42,  29.33,  29.30,  29.30,  29.39,  29.44,  29.30,  29.25,  29.32
20220923, 1800,  , TD, 14.6N,  70.6W,  30, 1006,    0,    0,    0,    0,    0,    0,    0,    0,    0,    0,    0,    0,   60,  29.41,  29.54,  29.51,  29.54,  29.55,  29.52,  29.53,  29.54,  29.61,  29.58,  29.55,  29.48,  29.42,  29.44,  29.50,  29.64,  29.63,  29.43,  29.39,  29.45,  29.59,  29.65,  29.72,  29.66,  29.63,  29.60,  29.58,  29.59,  29.61,  29.51,  29.47
20220924, 0000,  , TS, 14.7N,  71.7W,  35, 1005,    0,    0,    0,   30,    0,    0,    0,    0,    0,    0,    0,    0,   30,  29.67,  29.64,  29.64,  29.69,  29.62,  29.58,  29.54,  29.63,  29.55,  29.35,  29.24,  29.23,  29.39,  29.37,  29.42,  29.52,  29.40,  29.23,  29.32,  29.47,  29.60,  29.65,  29.62,  29.68,  29.65,  29.70,  29.74,  29.75,  29.49,  29.23,  29.30
20220924, 0600,  , TS, 14.7N,  72.9W,  35, 1005,    0,    0,    0,   30,    0,    0,    0,    0,    0,    0,    0,    0,   30,  29.63,  29.57,  29.47,  29.59,  29.56,  29.55,  29.49,  29.59,  29.54,  29.35,  29.20,  29.16,  29.28,  29.29,  29.27,  29.18,  29.40,  29.35,  29.37,  29.46,  29.64,  29.70,  29.70,  29.69,  29.60,  29.61,  29.65,  29.67,  29.48,  29.15,  29.26
20220924, 1200,  , TS, 14.5N,  74.4W,  40, 1003,    0,    0,    0,   50,    0,    0,    0,    0,    0,    0,    0,    0,   30,  29.51,  29.55,  29.42,  29.45,  29.42,  29.43,  29.36,  29.42,  29.47,  29.44,  29.31,  29.31,  29.36,  29.40,  29.48,  29.47,  29.51,  29.45,  29.54,  29.57,  29.69,  29.76,  29.79,  29.86,  29.80,  29.70,  29.71,  29.75,  29.63,  29.55,  29.44
20220924, 1800,  , TS, 14.4N,  75.8W,  40, 1003,    0,    0,    0,   50,    0,    0,    0,    0,    0,    0,    0,    0,   30,  29.52,  29.57,  29.46,  29.43,  29.40,  29.36,  29.29,  29.24,  29.25,  29.31,  29.29,  29.32,  29.30,  29.36,  29.48,  29.62,  29.70,  29.63,  29.64,  29.74,  29.85,  29.99,  30.00,  29.98,  29.87,  29.82,  29.76,  29.77,  29.63,  29.53,  29.35
20220925, 0000,  , TS, 14.6N,  77.2W,  40, 1003,   40,    0,    0,   50,    0,    0,    0,    0,    0,    0,    0,    0,   30,  29.46,  29.33,  29.34,  29.39,  29.35,  29.34,  29.29,  29.23,  29.27,  29.47,  29.49,  29.43,  29.48,  29.49,  29.56,  29.63,  29.53,  29.53,  29.60,  29.77,  29.78,  29.68,  29.75,  29.82,  29.81,  29.77,  29.77,  29.71,  29.69,  29.40,  29.44
20220925, 0600,  , TS, 14.6N,  78.3W,  40, 1003,   40,    0,    0,   50,    0,    0,    0,    0,    0,    0,    0,    0,   30,  29.43,  29.35,  29.34,  29.41,  29.38,  29.36,  29.32,  29.28,  29.29,  29.32,  29.58,  29.68,  29.72,  29.76,  29.89,  29.95,  29.88,  29.64,  29.52,  29.70,  29.61,  29.48,  29.50,  29.50,  29.54,  29.62,  29.64,  29.58,  29.57,  29.17,  29.15
20220925, 1200,  , TS, 15.0N,  79.4W,  40, 1003,   40,    0,    0,   50,    0,    0,    0,    0,    0,    0,    0,    0,   30,  29.68,  29.60,  29.60,  29.62,  29.56,  29.56,  29.57,  29.51,  29.47,  29.51,  29.68,  29.86,  29.80,  29.80,  30.02,  30.09,  29.73,  29.61,  29.52,  29.71,  29.73,  29.73,  29.55,  29.55,  29.73,  29.53,  29.46,  29.55,  29.58,  29.37,  29.38
20220925, 1800,  , TS, 15.8N,  80.1W,  40, 1003,   40,    0,    0,   50,    0,    0,    0,    0,    0,    0,    0,    0,   30,  29.66,  29.64,  29.59,  29.58,  29.52,  29.54,  29.53,  29.49,  29.59,  29.73,  29.82,  29.87,  29.90,  29.89,  29.99,  30.05,  29.76,  29.73,  29.84,  29.94,  29.93,  29.83,  29.66,  29.66,  30.04,  29.96,  29.61,  29.59,  29.59,  29.39,  29.34
20220926, 0000,  , TS, 16.8N,  80.9W,  50,  991,   60,   60,    0,   30,   30,    0,    0,    0,    0,    0,    0,    0,   30,  29.54,  29.53,  29.54,  29.47,  29.40,  29.45,  29.48,  29.59,  29.68,  29.67,  29.69,  29.82,  29.90,  29.94,  29.96,  29.80,  29.67,  29.71,  29.80,  29.90,  29.73,  29.61,  29.67,  29.82,  30.18,  29.81,  29.67,  29.66,  29.60,  29.54,  29.46
20220926, 0600,  , HU, 17.7N,  81.7W,  65,  985,   70,   70,   30,   70,   30,   30,    0,   20,   15,    0,    0,    0,   15,  29.57,  29.57,  29.59,  29.55,  29.50,  29.52,  29.52,  29.62,  29.77,  29.83,  29.93,  29.97,  30.08,  30.19,  30.12,  29.94,  29.65,  29.50,  29.60,  29.62,  29.58,  29.63,  29.72,  29.72,  29.86,  29.71,  29.71,  29.76,  29.63,  29.71,  29.65
20220926, 1200,  , HU, 18.7N,  82.4W,  70,  981,   90,   80,   40,   90,   40,   40,    0,   30,   20,    0,    0,    0,   15,  29.59,  29.60,  29.56,  29.46,  29.44,  29.51,  29.54,  29.68,  29.74,  29.93,  30.13,  30.08,  30.11,  30.12,  30.13,  30.14,  29.48,  29.42,  29.57,  29.53,  29.55,  29.61,  29.76,  29.87,  29.89,  29.85,  29.76,  29.70,  29.53,  29.64,  29.55
20220926, 1800,  , HU, 19.7N,  83.0W,  80,  976,  100,   90,   60,   90,   50,   50,   20,   30,   30,   25,    0,   20,   20,  29.89,  29.95,  29.94,  29.87,  29.79,  29.88,  29.90,  29.99,  30.08,  30.20,  30.43,  30.36,  30.35,  30.28,  30.23,  30.21,  29.84,  29.74,  29.56,  29.50,  29.50,  29.50,  29.55,  29.62,  29.67,  29.80,  29.78,  29.71,  29.60,  29.53,  29.48
20220927, 0000,  , HU, 20.8N,  83.3W,  85,  965,  100,   90,   60,   90,   50,   50,   20,   30,   30,   25,    0,   20,   20,  29.65,  29.56,  29.48,  29.45,  29.59,  29.62,  29.68,  29.67,  29.74,  29.98,  30.02,  30.07,  30.02,  30.02,  30.01,  29.76,  29.28,  29.21,  29.25,  29.16,  29.24,  29.36,  29.38,  29.46,  29.59,  29.55,  29.49,  29.43,  29.40,  29.44,  29.42
20220927, 0600,  , HU, 21.8N,  83.6W, 100,  956,  100,  100,   70,   90,   50,   50,   30,   40,   30,   25,   20,   20,   15,  30.13,  30.09,  30.07,  29.98,  30.09,  30.11,  30.14,  30.08,  30.11,  30.18,  30.26,  30.33,  30.32,  30.37,  30.36,  30.34,  29.43,  29.37,  29.42,  29.28,  29.09,  29.05,  28.93,  29.01,  29.14,  29.12,  29.13,  29.04,  28.96,  28.97,  29.13
20220927, 0830, L, HU, 22.2N,  83.7W, 110,  947,  100,  100,   70,   90,   50,   50,   30,   40,   30,   25,   20,   20,   15,  30.39,  30.33,  30.29,  30.17,  30.25,  30.25,  30.28,  30.25,  30.30,  30.38,  30.46,  30.54,  30.56,  30.59,  30.57,  30.54,  29.57,  29.47,  29.50,  29.32,  29.09,  29.00,  28.81,  28.82,  28.94,  28.94,  28.95,  28.90,  28.82,  28.82,  29.01
20220927, 1200,  , HU, 22.6N,  83.6W, 100,  963,  120,  120,  100,  120,   60,   60,   50,   60,   30,   25,   20,   20,   15,    nan,    nan,    nan,    nan,    nan,    nan,    nan,    nan,    nan,    nan,    nan,    nan,    nan,    nan,    nan,    nan,    nan,    nan,    nan,    nan,    nan,    nan,    nan,    nan,    nan,    nan,    nan,    nan,    nan,    nan,    nan
20220927, 1800,  , HU, 23.5N,  83.3W, 105,  951,  120,  120,  100,  120,   60,   60,   50,   60,   35,   35,   20,   20,   15,  29.89,  29.77,  29.54,  29.43,  29.45,  29.29,  29.18,  29.16,  29.19,  29.38,  29.52,  29.53,  29.47,  29.45,  29.42,  29.41,  28.63,  28.73,  28.73,  28.65,  28.50,  28.42,  28.51,  28.60,  28.64,  28.61,  28.62,  28.66,  28.61,  28.61,  28.71
20220928, 0000,  , HU, 24.4N,  83.0W, 105,  947,  120,  120,  100,  120,   60,   60,   50,   60,   35,   35,   20,   20,   20,  30.45,  30.28,  30.21,  30.23,  30.00,  29.87,  29.85,  29.89,  30.02,  29.97,  29.95,  30.04,  30.04,  30.01,  29.98,  28.73,  28.44,  28.47,  28.42,  28.23,  28.10,  28.08,  28.19,  28.27,  28.27,  28.24,  28.24,  28.17,  28.18,  28.31,  28.41
20220928, 0200, L, HU, 24.6N,  82.9W, 110,  952,  120,  120,  100,  120,   60,   60,   50,   60,   35,   35,   20,   20,   20,  30.46,  30.32,  30.23,  30.28,  30.04,  29.96,  29.97,  29.97,  30.07,  30.05,  30.07,  30.21,  30.20,  30.16,  30.12,  28.76,  28.65,  28.72,  28.57,  28.31,  28.17,  28.12,  28.19,  28.23,  28.20,  28.18,  28.19,  28.16,  28.20,  28.32,  28.40
20220928, 0600,  , HU, 25.2N,  82.9W, 120,  945,  120,  130,  100,  150,   70,   60,   60,   70,   35,   35,   30,   35,   20,  30.38,  30.23,  30.14,  30.14,  29.87,  29.80,  29.85,  29.84,  29.94,  29.95,  30.02,  30.16,  30.19,  30.16,  30.09,  28.79,  28.78,  28.99,  28.88,  28.62,  28.45,  28.29,  28.26,  28.25,  28.17,  28.11,  28.04,  28.03,  28.05,  28.13,  28.20
20220928, 1200,  , HU, 26.0N,  82.7W, 140,  937,  120,  140,  100,  150,   70,   60,   70,   80,   40,   40,   30,   40,   20,  30.40,  30.38,  30.34,  30.22,  29.92,  29.80,  29.91,  29.91,  29.96,  29.98,  30.15,  30.16,  30.20,  30.18,  30.19,  30.07,  29.39,  29.10,  28.96,  28.77,  28.59,  28.44,  28.38,  28.31,  28.25,  28.18,  28.04,  28.06,  28.09,  28.20,  28.18
20220928, 1800,  , HU, 26.6N,  82.4W, 135,  938,  130,  150,  100,  150,   50,   60,   70,   80,   30,   40,   30,   45,   20,  30.53,  30.43,  30.27,  30.15,  29.98,  29.84,  29.93,  30.06,  30.11,  30.13,  30.30,  30.19,  30.10,  30.18,  30.22,  30.26,  28.42,  27.98,  27.68,  27.47,  27.30,  27.25,  27.15,  27.02,  26.86,  26.71,  26.60,  26.84,  27.06,  27.20,  27.29
20220928, 1905, L, HU, 26.7N,  82.2W, 130,  941,  130,  150,  100,  150,   50,   60,   70,   80,   30,   40,   30,   45,   20,    nan,    nan,    nan,    nan,    nan,    nan,    nan,    nan,    nan,    nan,    nan,    nan,    nan,    nan,    nan,    nan,    nan,    nan,    nan,    nan,    nan,    nan,    nan,    nan,    nan,    nan,    nan,    nan,    nan,    nan,    nan
20220928, 2035, L, HU, 26.8N,  82.0W, 125,  945,  130,  150,  100,  150,   50,   60,   70,   80,   30,   40,   30,   45,   20,    nan,    nan,    nan,    nan,    nan,    nan,    nan,    nan,    nan,    nan,    nan,    nan,    nan,    nan,    nan,    nan,    nan,    nan,    nan,    nan,    nan,    nan,    nan,    nan,    nan,    nan,    nan,    nan,    nan,    nan,    nan
20220929, 0000,  , HU, 27.2N,  81.7W, 100,  960,  180,  120,  120,  220,   50,   60,   50,   70,   30,   40,   30,   45,   20,    nan,    nan,    nan,    nan,    nan,    nan,    nan,    nan,    nan,    nan,    nan,    nan,    nan,    nan,    nan,    nan,    nan,    nan,    nan,    nan,    nan,    nan,    nan,    nan,    nan,    nan,    nan,    nan,    nan,    nan,    nan
20220929, 0600,  , HU, 27.7N,  81.1W,  65,  985,  360,  120,  150,  200,   60,   50,   40,   70,   30,    0,    0,   30,   20,    nan,    nan,    nan,    nan,    nan,    nan,    nan,    nan,    nan,    nan,    nan,    nan,    nan,    nan,    nan,    nan,    nan,    nan,    nan,    nan,    nan,    nan,    nan,    nan,    nan,    nan,    nan,    nan,    nan,    nan,    nan
20220929, 1200,  , TS, 28.4N,  80.6W,  60,  987,  360,  120,  150,  200,   60,   50,   40,   70,    0,    0,    0,    0,   40,    nan,    nan,    nan,    nan,    nan,    nan,    nan,    nan,    nan,    nan,    nan,    nan,    nan,    nan,    nan,    nan,    nan,    nan,    nan,    nan,    nan,    nan,    nan,    nan,    nan,    nan,    nan,    nan,    nan,    nan,    nan
20220929, 1800,  , HU, 28.9N,  80.1W,  65,  986,  360,  140,  150,  200,   60,    0,   50,  100,    0,    0,    0,   40,   40,  29.96,  29.80,  29.64,  29.46,  29.42,  29.44,  29.54,  29.55,  29.46,  29.35,  29.33,  29.24,  29.29,  29.33,  29.13,  28.54,  28.24,  28.26,  28.25,  28.25,  28.13,  28.00,  27.88,  27.78,  27.79,  27.76,  27.77,  27.85,  27.86,  28.03,  28.23
20220930, 0000,  , HU, 29.6N,  79.4W,  70,  986,  420,  150,  120,  220,   60,   80,   80,  120,    0,    0,   40,   60,   40,  29.80,  29.78,  29.57,  29.45,  29.43,  29.47,  29.51,  29.48,  29.39,  29.34,  29.20,  29.19,  29.20,  29.07,  29.03,  29.00,  28.81,  28.70,  28.71,  28.59,  28.55,  28.41,  28.27,  28.26,  28.24,  28.24,  28.23,  28.24,  28.37,  28.37,  28.30
20220930, 0600,  , HU, 30.3N,  79.1W,  75,  984,  420,  130,  100,  160,   80,   60,   80,  120,    0,    0,   40,   60,   40,  29.67,  29.58,  29.55,  29.18,  29.17,  29.27,  29.30,  29.30,  29.30,  29.22,  29.09,  29.03,  29.02,  29.00,  28.92,  28.83,  28.72,  28.63,  28.59,  28.49,  28.37,  28.21,  28.02,  27.93,  27.87,  27.84,  27.84,  27.89,  28.00,  28.02,  27.79
20220930, 1200,  , HU, 31.5N,  79.0W,  75,  980,  240,  130,  120,  140,   80,   60,   80,   80,   40,    0,   40,   60,   40,  29.86,  29.93,  29.91,  29.72,  29.52,  29.53,  29.57,  29.59,  29.47,  29.35,  29.26,  29.20,  29.12,  28.85,  28.34,  28.32,  28.36,  28.34,  28.33,  28.28,  28.30,  28.20,  28.11,  28.08,  28.10,  28.12,  28.08,  28.15,  28.28,  28.29,  28.15
20220930, 1800,  , HU, 33.3N,  79.2W,  70,  978,  190,  130,  100,   60,   80,   60,   80,   40,    0,   30,   40,    0,   40,  27.51,  27.26,  27.00,  26.70,  26.69,  26.93,  27.17,  27.34,  27.05,  26.61,  26.36,  26.19,  26.12,  26.10,  25.02,  23.01,  22.44,  21.88,  21.04,  20.88,  21.17,  21.33,  21.44,  21.46,  21.36,  21.28,  21.30,  21.54,  21.96,  22.26,  22.29
20220930, 1805, L, HU, 33.3N,  79.2W,  70,  978,  190,  130,  100,   60,   80,   60,   80,   40,    0,   30,   40,    0,   40,  27.51,  27.26,  27.00,  26.70,  26.69,  26.93,  27.17,  27.34,  27.05,  26.61,  26.36,  26.19,  26.12,  26.10,  25.02,  23.01,  22.44,  21.88,  21.04,  20.88,  21.17,  21.33,  21.44,  21.46,  21.36,  21.28,  21.30,  21.54,  21.96,  22.26,  22.29
20221001, 0000,  , EX, 34.4N,  79.3W,  50,  990,  160,  170,    0,    0,    0,   90,    0,    0,    0,    0,    0,    0,   80,    nan,    nan,    nan,    nan,    nan,    nan,    nan,    nan,    nan,    nan,    nan,    nan,    nan,    nan,    nan,    nan,    nan,    nan,    nan,    nan,    nan,    nan,    nan,    nan,    nan,    nan,    nan,    nan,    nan,    nan,    nan
20221001, 0600,  , EX, 35.3N,  79.7W,  30,  999,    0,    0,    0,    0,    0,    0,    0,    0,    0,    0,    0,    0,  180,    nan,    nan,    nan,    nan,    nan,    nan,    nan,    nan,    nan,    nan,    nan,    nan,    nan,    nan,    nan,    nan,    nan,    nan,    nan,    nan,    nan,    nan,    nan,    nan,    nan,    nan,    nan,    nan,    nan,    nan,    nan
