AL101995,               IRIS,     66,
19950822, 1200,  , TD, 13.2N,  49.3W,  30, 1008, -999, -999, -999, -999, -999, -999, -999, -999, -999, -999, -999, -999, -999,  27.49,  27.49,  27.19,  26.73,  27.15,  27.11,  27.53,  29.04,  29.17,  27.88,  27.73,  28.39,  28.55,  28.46,  28.83,  28.84,  29.13,  29.09,  28.57,  27.37,  27.31,  27.24,  27.38,  27.76,  27.94,  28.80,  28.95,  28.72,  28.42,  28.46,  27.82
19950822, 1800,  , TS, 13.3N,  50.6W,  35, 1007, -999, -999, -999, -999, -999, -999, -999, -999, -999, -999, -999, -999, -999,  27.85,  27.45,  27.22,  26.83,  27.91,  27.97,  27.98,  29.11,  28.78,  27.81,  27.46,  28.03,  28.62,  28.15,  28.30,  28.34,  28.44,  28.14,  27.65,  26.89,  26.78,  26.79,  27.72,  28.45,  28.29,  28.64,  28.62,  28.54,  27.78,  27.88,  27.07
19950823, 0000,  , TS, 13.7N,  51.8W,  35, 1006, -999, -999, -999, -999, -999, -999, -999, -999, -999, -999, -999, -999, -999,  27.46,  27.11,  27.19,  28.23,  28.31,  28.30,  28.18,  28.89,  28.12,  27.66,  28.18,  28.54,  28.30,  28.44,  28.48,  28.47,  27.99,  27.92,  27.79,  28.18,  28.16,  28.33,  28.62,  28.98,  29.18,  29.01,  28.97,  28.87,  29.28,  28.84,  28.66
19950823, 0600,  , TS, 14.0N,  52.5W,  40, 1004, -999, -999, -999, -999, -999, -999, -999, -999, -999, -999, -999, -999, -999,  27.66,  27.20,  27.33,  27.80,  28.02,  28.18,  28.25,  28.72,  28.25,  27.79,  28.29,  28.62,  28.59,  28.55,  28.68,  28.66,  28.29,  28.23,  28.15,  28.36,  28.48,  28.71,  28.34,  29.35,  29.49,  28.85,  28.70,  28.61,  28.86,  28.71,  28.57
19950823, 1200,  , TS, 14.5N,  53.0W,  55,  998, -999, -999, -999, -999, -999, -999, -999, -999, -999, -999, -999, -999, -999,  27.74,  27.44,  27.44,  27.56,  27.68,  28.24,  28.30,  28.44,  27.67,  27.63,  28.40,  28.88,  28.86,  28.82,  28.82,  28.81,  28.18,  27.65,  27.04,  27.17,  27.30,  27.26,  26.97,  29.30,  29.50,  28.63,  28.40,  28.38,  28.37,  28.43,  28.42
19950823, 1800,  , HU, 15.0N,  53.4W,  75,  991, -999, -999, -999, -999, -999, -999, -999, -999, -999, -999, -999, -999, -999,  27.79,  27.55,  27.56,  27.62,  27.75,  28.23,  28.25,  28.26,  27.60,  27.78,  28.58,  29.07,  29.09,  29.05,  29.01,  28.98,  28.17,  27.71,  26.97,  27.10,  27.14,  26.76,  26.60,  29.40,  29.55,  28.42,  28.23,  28.18,  27.99,  27.93,  28.04
19950824, 0000,  , HU, 15.2N,  53.8W,  70,  992, -999, -999, -999, -999, -999, -999, -999, -999, -999, -999, -999, -999, -999,  27.66,  27.68,  27.72,  27.87,  28.26,  28.30,  28.34,  27.68,  27.78,  28.39,  29.03,  29.05,  29.01,  28.97,  28.95,  28.93,  28.05,  27.43,  27.57,  27.67,  27.13,  26.96,  29.28,  29.26,  28.26,  28.05,  27.99,  27.79,  27.71,  27.67,  28.10
19950824, 0600,  , HU, 15.0N,  54.3W,  70,  992, -999, -999, -999, -999, -999, -999, -999, -999, -999, -999, -999, -999, -999,  27.69,  27.45,  27.44,  27.64,  27.94,  28.16,  28.28,  27.81,  27.62,  28.06,  28.99,  29.04,  29.01,  28.99,  28.97,  28.96,  28.27,  27.51,  27.90,  28.09,  27.42,  27.31,  29.42,  29.33,  28.50,  28.16,  28.04,  27.82,  27.70,  27.82,  28.16
19950824, 1200,  , HU, 14.8N,  55.1W,  65,  992, -999, -999, -999, -999, -999, -999, -999, -999, -999, -999, -999, -999, -999,  28.04,  27.56,  27.43,  27.59,  27.66,  27.91,  28.16,  27.96,  27.82,  28.11,  29.06,  29.06,  29.01,  28.98,  28.88,  28.82,  28.80,  28.21,  28.39,  28.60,  27.67,  27.59,  29.02,  28.95,  28.55,  28.19,  28.19,  28.01,  27.68,  27.46,  27.39
19950824, 1800,  , TS, 14.6N,  56.0W,  60,  992, -999, -999, -999, -999, -999, -999, -999, -999, -999, -999, -999, -999, -999,  28.29,  28.28,  28.68,  28.70,  28.10,  27.85,  27.86,  27.72,  27.78,  28.27,  29.26,  29.21,  29.20,  28.69,  28.83,  28.85,  28.82,  28.24,  28.24,  28.74,  27.93,  27.74,  29.01,  29.10,  29.24,  29.34,  29.41,  29.10,  28.65,  28.33,  27.58
19950825, 0000,  , TS, 14.5N,  56.8W,  55,  995, -999, -999, -999, -999, -999, -999, -999, -999, -999, -999, -999, -999, -999,  27.96,  28.84,  28.87,  28.45,  27.50,  27.45,  27.75,  28.04,  28.38,  29.38,  29.55,  29.26,  28.44,  28.42,  28.61,  28.67,  27.96,  27.81,  27.84,  27.62,  27.57,  28.76,  29.16,  29.54,  29.59,  29.55,  29.26,  29.18,  29.07,  28.16,  28.17
19950825, 0600,  , TS, 14.3N,  57.8W,  55,  996, -999, -999, -999, -999, -999, -999, -999, -999, -999, -999, -999, -999, -999,  27.66,  28.51,  28.54,  28.15,  28.02,  27.94,  28.46,  27.80,  27.69,  29.00,  29.08,  28.53,  28.12,  27.99,  28.46,  28.56,  27.87,  27.75,  27.72,  28.40,  28.52,  28.85,  29.04,  29.34,  29.43,  29.41,  29.37,  29.28,  29.12,  28.07,  28.02
19950825, 1200,  , TS, 14.2N,  58.8W,  55,  999, -999, -999, -999, -999, -999, -999, -999, -999, -999, -999, -999, -999, -999,  28.46,  28.81,  28.79,  28.70,  28.70,  28.79,  28.87,  27.71,  27.52,  27.91,  28.42,  28.12,  29.14,  29.25,  28.73,  28.67,  28.49,  28.50,  28.56,  29.06,  29.14,  28.09,  28.01,  28.70,  28.84,  28.79,  28.24,  28.34,  28.40,  27.78,  27.72
19950825, 1800,  , TS, 14.2N,  59.8W,  50,  998, -999, -999, -999, -999, -999, -999, -999, -999, -999, -999, -999, -999, -999,  28.90,  28.75,  28.67,  28.68,  28.70,  28.71,  28.76,  28.05,  27.74,  28.18,  28.74,  28.76,  29.16,  28.99,  28.49,  28.40,  28.24,  28.28,  28.90,  28.76,  28.80,  28.36,  28.44,  29.12,  29.03,  28.82,  28.17,  28.15,  28.14,  27.86,  27.91
19950826, 0000,  , TS, 14.0N,  60.3W,  50, 1000, -999, -999, -999, -999, -999, -999, -999, -999, -999, -999, -999, -999, -999,  28.86,  28.96,  29.06,  29.08,  28.90,  28.79,  28.52,  28.00,  28.54,  28.60,  28.50,  28.11,  28.75,  28.93,  28.64,  28.52,  28.40,  29.28,  29.31,  28.99,  28.90,  28.94,  29.40,  29.45,  28.50,  27.96,  28.34,  28.61,  27.65,  27.62,  27.57
19950826, 0600,  , TS, 14.2N,  60.2W,  45,  999, -999, -999, -999, -999, -999, -999, -999, -999, -999, -999, -999, -999, -999,  28.74,  28.84,  28.93,  29.05,  28.96,  28.94,  28.66,  28.03,  28.57,  28.64,  28.49,  27.94,  28.65,  28.75,  28.66,  28.60,  28.43,  29.12,  28.98,  28.60,  28.53,  28.55,  29.28,  29.26,  28.61,  27.93,  28.29,  28.51,  27.70,  27.65,  27.89
19950826, 1200,  , TS, 14.6N,  60.5W,  45, 1000, -999, -999, -999, -999, -999, -999, -999, -999, -999, -999, -999, -999, -999,  28.76,  28.82,  28.88,  28.63,  28.74,  28.85,  28.56,  27.89,  28.49,  28.58,  28.39,  27.79,  28.23,  28.44,  28.57,  28.55,  28.37,  28.96,  28.71,  28.07,  28.05,  28.07,  28.93,  29.02,  28.64,  27.92,  28.31,  28.49,  27.78,  27.69,  28.09
19950826, 1800,  , TS, 14.9N,  61.0W,  40, 1003, -999, -999, -999, -999, -999, -999, -999, -999, -999, -999, -999, -999, -999,  29.07,  28.86,  28.85,  28.80,  28.85,  28.89,  28.75,  28.17,  28.80,  28.89,  28.32,  27.84,  28.36,  28.47,  28.88,  28.89,  28.69,  29.17,  29.06,  28.07,  28.21,  28.40,  28.94,  29.25,  28.81,  28.29,  28.72,  28.96,  27.97,  27.72,  28.36
19950827, 0000,  , TS, 15.0N,  61.2W,  35, 1006, -999, -999, -999, -999, -999, -999, -999, -999, -999, -999, -999, -999, -999,  28.89,  28.85,  28.97,  28.89,  28.84,  28.73,  28.28,  28.89,  28.91,  28.35,  28.00,  28.57,  28.68,  28.91,  28.97,  28.62,  29.17,  29.16,  28.29,  28.44,  28.41,  28.84,  29.21,  28.76,  28.34,  28.83,  29.01,  28.08,  27.84,  28.39,  28.65
19950827, 0600,  , TS, 15.6N,  61.2W,  40, 1005, -999, -999, -999, -999, -999, -999, -999, -999, -999, -999, -999, -999, -999,  29.26,  29.19,  29.00,  29.18,  29.03,  28.75,  28.44,  29.10,  29.11,  28.87,  28.39,  28.48,  28.36,  28.65,  28.75,  28.69,  28.94,  28.91,  28.11,  28.44,  28.70,  28.79,  29.07,  29.01,  28.62,  28.75,  28.75,  28.05,  27.93,  28.18,  28.26
19950827, 1200,  , TS, 16.2N,  61.2W,  45, 1002, -999, -999, -999, -999, -999, -999, -999, -999, -999, -999, -999, -999, -999,  29.10,  29.04,  28.88,  29.27,  29.22,  28.93,  28.67,  29.13,  29.07,  28.77,  28.49,  28.59,  28.51,  28.66,  28.78,  28.77,  28.96,  28.73,  27.95,  28.33,  28.67,  28.86,  29.22,  29.25,  28.81,  28.69,  28.68,  28.18,  28.08,  28.13,  28.19
19950827, 1800, L, TS, 17.0N,  61.9W,  50,  995, -999, -999, -999, -999, -999, -999, -999, -999, -999, -999, -999, -999, -999,  29.12,  28.68,  28.27,  28.49,  28.81,  28.85,  28.86,  29.25,  29.09,  28.78,  28.90,  28.61,  28.58,  28.65,  28.70,  28.80,  28.99,  28.28,  27.94,  28.64,  28.71,  28.17,  28.81,  29.00,  28.51,  28.40,  27.96,  27.98,  28.00,  28.14,  28.34
19950827, 2300, L, TS, 17.7N,  62.0W,  55,  993, -999, -999, -999, -999, -999, -999, -999, -999, -999, -999, -999, -999, -999,  29.01,  28.89,  28.03,  27.83,  27.43,  27.43,  28.13,  28.70,  28.84,  28.82,  28.94,  28.40,  28.72,  28.51,  28.14,  28.18,  28.19,  27.41,  27.05,  27.95,  28.54,  28.49,  28.75,  28.66,  28.22,  28.12,  27.16,  27.06,  27.24,  27.66,  27.92
19950828, 0000,  , TS, 17.8N,  62.0W,  55,  993, -999, -999, -999, -999, -999, -999, -999, -999, -999, -999, -999, -999, -999,  29.06,  28.25,  27.93,  27.37,  27.39,  28.27,  28.42,  28.51,  28.74,  28.89,  28.39,  28.68,  28.43,  28.14,  28.10,  28.03,  27.45,  27.01,  27.84,  28.31,  28.48,  28.72,  28.52,  28.17,  28.16,  27.02,  26.78,  26.98,  27.43,  27.70,  27.54
19950828, 0600,  , TS, 18.6N,  62.0W,  55,  989, -999, -999, -999, -999, -999, -999, -999, -999, -999, -999, -999, -999, -999,  28.79,  28.76,  28.73,  28.38,  28.19,  28.80,  28.14,  27.99,  28.44,  28.91,  28.38,  28.53,  28.28,  28.16,  28.20,  28.00,  27.92,  27.71,  27.72,  27.85,  28.43,  28.58,  28.36,  28.18,  28.17,  26.83,  26.44,  26.48,  26.91,  27.36,  27.38
19950828, 1200,  , TS, 19.4N,  62.1W,  60,  985, -999, -999, -999, -999, -999, -999, -999, -999, -999, -999, -999, -999, -999,  28.16,  28.55,  28.70,  28.65,  28.49,  28.80,  28.12,  28.09,  28.53,  28.86,  27.91,  28.11,  28.27,  27.82,  27.69,  27.57,  27.62,  27.74,  27.44,  27.78,  28.32,  28.38,  28.23,  27.95,  27.89,  26.78,  26.47,  26.56,  26.94,  27.42,  27.61
19950828, 1800,  , HU, 20.4N,  62.4W,  65,  983, -999, -999, -999, -999, -999, -999, -999, -999, -999, -999, -999, -999, -999,  28.52,  28.62,  28.58,  28.62,  29.04,  29.04,  28.73,  28.78,  28.62,  28.60,  28.02,  28.02,  27.83,  27.67,  27.62,  27.69,  27.76,  28.06,  27.93,  27.98,  28.01,  28.20,  28.01,  27.75,  27.61,  26.70,  26.77,  27.13,  27.52,  27.95,  28.30
19950829, 0000,  , HU, 21.3N,  62.5W,  70,  981, -999, -999, -999, -999, -999, -999, -999, -999, -999, -999, -999, -999, -999,  28.19,  27.99,  27.98,  28.29,  28.31,  28.12,  28.36,  28.49,  27.44,  26.71,  27.15,  27.47,  27.53,  27.54,  27.48,  27.52,  27.07,  26.89,  27.48,  27.81,  27.93,  27.66,  27.46,  27.45,  27.57,  27.46,  27.29,  27.40,  27.70,  27.87,  27.68
19950829, 0600,  , HU, 22.0N,  62.5W,  80,  974, -999, -999, -999, -999, -999, -999, -999, -999, -999, -999, -999, -999, -999,  27.84,  27.90,  27.91,  28.37,  28.39,  28.33,  28.40,  28.43,  27.89,  27.22,  27.28,  27.53,  27.45,  27.37,  27.28,  27.32,  26.90,  26.95,  27.39,  27.41,  27.58,  27.31,  27.24,  27.26,  27.53,  27.41,  27.22,  27.42,  27.70,  27.53,  27.38
19950829, 1200,  , HU, 22.6N,  62.5W,  75,  973, -999, -999, -999, -999, -999, -999, -999, -999, -999, -999, -999, -999, -999,  28.14,  28.24,  28.22,  28.57,  28.58,  28.47,  28.28,  28.26,  28.25,  27.56,  27.13,  27.53,  27.34,  27.24,  27.31,  27.37,  26.76,  26.81,  26.92,  26.72,  27.14,  27.06,  27.11,  27.17,  27.35,  27.19,  27.20,  27.32,  27.47,  27.19,  27.00
19950829, 1800,  , HU, 23.1N,  62.3W,  70,  975, -999, -999, -999, -999, -999, -999, -999, -999, -999, -999, -999, -999, -999,  28.04,  28.12,  28.07,  28.26,  28.24,  28.17,  27.96,  27.95,  27.98,  27.01,  26.58,  27.18,  27.05,  26.99,  27.11,  27.19,  26.31,  26.22,  26.22,  26.39,  26.89,  26.94,  26.96,  27.01,  27.13,  26.87,  27.02,  27.16,  27.31,  27.19,  27.13
19950830, 0000,  , HU, 23.6N,  62.1W,  70,  976, -999, -999, -999, -999, -999, -999, -999, -999, -999, -999, -999, -999, -999,  28.06,  28.04,  27.92,  27.85,  27.98,  27.71,  27.74,  27.77,  27.05,  26.56,  26.89,  27.08,  27.20,  27.40,  27.12,  26.40,  26.32,  26.28,  26.59,  26.86,  26.93,  27.01,  27.06,  26.97,  26.88,  27.06,  27.25,  27.43,  27.42,  27.26,  27.20
19950830, 0600,  , HU, 23.8N,  61.8W,  70,  977, -999, -999, -999, -999, -999, -999, -999, -999, -999, -999, -999, -999, -999,  27.97,  27.89,  27.44,  27.32,  27.56,  27.41,  27.52,  27.57,  26.98,  26.53,  26.77,  27.16,  27.38,  27.51,  27.13,  26.42,  26.38,  26.34,  26.79,  26.97,  27.02,  27.06,  27.11,  27.15,  27.00,  27.14,  27.32,  27.47,  27.34,  27.08,  26.96
19950830, 1200,  , HU, 24.0N,  61.4W,  75,  972, -999, -999, -999, -999, -999, -999, -999, -999, -999, -999, -999, -999, -999,  27.84,  27.51,  27.21,  27.16,  27.54,  27.53,  27.35,  27.36,  26.82,  26.51,  26.74,  27.03,  27.17,  27.18,  27.21,  26.20,  26.02,  25.90,  26.66,  26.78,  26.69,  26.67,  26.69,  27.06,  26.89,  26.87,  26.95,  27.05,  26.70,  26.59,  26.63
19950830, 1800,  , HU, 24.2N,  60.8W,  75,  971, -999, -999, -999, -999, -999, -999, -999, -999, -999, -999, -999, -999, -999,  26.80,  26.95,  26.85,  26.84,  27.27,  27.29,  27.25,  27.21,  26.99,  26.55,  26.63,  26.89,  27.08,  27.18,  27.19,  26.24,  25.77,  25.30,  25.91,  26.05,  26.02,  26.01,  26.08,  26.71,  26.65,  26.67,  26.89,  27.07,  26.73,  26.64,  26.65
19950831, 0000,  , HU, 24.5N,  60.1W,  75,  971, -999, -999, -999, -999, -999, -999, -999, -999, -999, -999, -999, -999, -999,  26.56,  26.64,  26.58,  26.63,  26.94,  26.95,  26.88,  26.96,  26.38,  26.75,  27.13,  27.50,  27.59,  27.58,  26.97,  26.67,  26.38,  25.36,  25.59,  25.98,  25.95,  25.90,  26.18,  26.51,  26.67,  27.03,  27.23,  26.83,  26.64,  26.61,  26.56
19950831, 0600,  , HU, 24.7N,  59.6W,  75,  971, -999, -999, -999, -999, -999, -999, -999, -999, -999, -999, -999, -999, -999,  26.69,  26.90,  26.90,  26.77,  27.04,  26.99,  26.97,  27.08,  26.53,  26.86,  27.30,  27.61,  27.74,  27.73,  27.70,  27.64,  27.47,  25.56,  25.66,  26.08,  26.02,  25.95,  26.21,  26.65,  26.82,  27.07,  27.29,  26.89,  26.60,  26.88,  26.93
19950831, 1200,  , HU, 24.9N,  59.1W,  75,  971, -999, -999, -999, -999, -999, -999, -999, -999, -999, -999, -999, -999, -999,  26.85,  27.23,  27.28,  27.09,  27.17,  26.96,  26.83,  26.80,  26.20,  26.54,  27.10,  27.39,  27.52,  27.27,  27.22,  27.24,  27.10,  25.06,  25.10,  25.57,  25.66,  25.70,  25.93,  26.41,  26.52,  26.85,  27.15,  26.84,  26.46,  27.03,  27.09
19950831, 1800,  , HU, 25.0N,  58.9W,  85,  968, -999, -999, -999, -999, -999, -999, -999, -999, -999, -999, -999, -999, -999,  26.93,  27.29,  27.37,  27.22,  27.21,  26.77,  26.66,  26.66,  26.04,  26.37,  27.11,  27.33,  27.40,  26.92,  26.87,  26.94,  26.81,  24.92,  24.85,  25.10,  25.33,  25.38,  25.72,  26.25,  26.32,  26.68,  27.01,  26.74,  26.45,  26.93,  26.96
19950901, 0000,  , HU, 25.2N,  58.8W,  90,  967, -999, -999, -999, -999, -999, -999, -999, -999, -999, -999, -999, -999, -999,  27.29,  27.37,  27.22,  27.21,  26.77,  26.66,  26.66,  26.04,  26.37,  27.11,  27.33,  27.40,  26.92,  26.87,  26.94,  26.81,  24.92,  24.85,  25.10,  25.33,  25.38,  25.72,  26.25,  26.32,  26.68,  27.01,  26.74,  26.45,  26.93,  26.96,  26.99
19950901, 0600,  , HU, 25.5N,  58.8W,  95,  965, -999, -999, -999, -999, -999, -999, -999, -999, -999, -999, -999, -999, -999,  27.26,  27.35,  27.26,  27.21,  26.80,  26.71,  26.73,  26.20,  26.47,  27.27,  27.49,  27.53,  27.02,  26.96,  27.01,  26.86,  24.94,  24.85,  24.90,  25.02,  25.07,  25.54,  26.10,  26.22,  26.51,  26.77,  26.49,  26.25,  26.79,  26.96,  26.99
19950901, 1200,  , HU, 25.6N,  59.0W,  90,  967, -999, -999, -999, -999, -999, -999, -999, -999, -999, -999, -999, -999, -999,  27.33,  27.39,  27.41,  27.31,  26.94,  26.87,  26.91,  26.47,  26.67,  27.47,  27.71,  27.79,  27.25,  27.17,  27.20,  27.03,  25.08,  24.96,  25.12,  25.17,  25.16,  25.60,  26.10,  26.23,  26.49,  26.70,  26.37,  26.26,  26.90,  26.97,  27.11
19950901, 1800,  , HU, 25.7N,  59.7W,  85,  969, -999, -999, -999, -999, -999, -999, -999, -999, -999, -999, -999, -999, -999,  27.18,  27.12,  27.18,  27.05,  26.94,  26.86,  26.89,  26.80,  26.99,  27.70,  27.86,  27.86,  27.85,  27.77,  27.71,  27.49,  25.43,  25.54,  25.76,  25.84,  25.82,  25.99,  26.33,  26.51,  26.70,  26.75,  26.31,  25.93,  26.26,  26.43,  26.48
19950902, 0000,  , HU, 26.0N,  60.2W,  85,  971, -999, -999, -999, -999, -999, -999, -999, -999, -999, -999, -999, -999, -999,  26.76,  26.85,  26.73,  26.68,  26.65,  26.61,  26.70,  26.80,  27.33,  27.51,  27.45,  27.16,  27.15,  27.55,  28.13,  26.32,  26.29,  26.55,  26.71,  26.77,  27.06,  27.12,  27.15,  27.31,  27.45,  27.15,  26.52,  26.22,  26.29,  26.35,  26.71
19950902, 0600,  , HU, 26.6N,  60.2W,  85,  973, -999, -999, -999, -999, -999, -999, -999, -999, -999, -999, -999, -999, -999,  26.76,  26.86,  26.96,  26.89,  26.80,  26.89,  26.96,  27.16,  27.54,  27.65,  27.36,  27.11,  26.83,  26.73,  26.87,  25.60,  25.97,  26.51,  26.68,  26.83,  26.82,  26.92,  27.08,  27.26,  27.22,  26.93,  26.36,  26.08,  26.35,  26.38,  26.69
19950902, 1200,  , HU, 27.8N,  59.9W,  80,  978, -999, -999, -999, -999, -999, -999, -999, -999, -999, -999, -999, -999, -999,  26.85,  26.83,  27.14,  27.20,  27.29,  27.45,  27.54,  27.62,  28.04,  28.10,  27.83,  27.63,  27.08,  26.96,  26.93,  25.90,  26.32,  27.07,  27.13,  27.15,  27.11,  26.68,  26.68,  26.96,  27.01,  26.77,  26.67,  26.85,  26.85,  27.04,  27.11
19950902, 1800,  , HU, 29.1N,  59.7W,  75,  983, -999, -999, -999, -999, -999, -999, -999, -999, -999, -999, -999, -999, -999,  26.75,  26.79,  27.17,  27.08,  26.99,  27.16,  27.39,  27.78,  28.14,  28.11,  27.88,  27.78,  27.03,  26.95,  26.99,  26.38,  26.31,  26.52,  26.58,  26.61,  26.85,  26.48,  26.62,  26.93,  27.09,  27.12,  26.90,  27.13,  27.19,  27.16,  27.33
19950903, 0000,  , HU, 31.3N,  59.0W,  75,  982, -999, -999, -999, -999, -999, -999, -999, -999, -999, -999, -999, -999, -999,  27.17,  27.88,  28.01,  28.02,  28.24,  28.30,  28.27,  27.93,  27.74,  27.66,  27.42,  27.08,  27.08,  26.78,  26.72,  26.52,  26.71,  26.98,  27.15,  27.57,  27.49,  26.40,  26.64,  27.20,  26.91,  26.87,  27.32,  27.33,  27.10,  27.42,  27.39
19950903, 0600,  , HU, 34.2N,  58.6W,  75,  982, -999, -999, -999, -999, -999, -999, -999, -999, -999, -999, -999, -999, -999,  25.60,  26.85,  27.17,  27.48,  27.41,  27.09,  27.15,  27.21,  27.49,  27.51,  26.88,  26.73,  26.92,  27.01,  26.59,  25.95,  26.36,  26.24,  26.53,  26.73,  26.91,  26.71,  26.49,  26.86,  26.71,  26.89,  27.05,  27.55,  27.74,  27.11,  27.00
19950903, 1200,  , HU, 36.9N,  57.5W,  75,  982, -999, -999, -999, -999, -999, -999, -999, -999, -999, -999, -999, -999, -999,  26.44,  26.37,  26.27,  25.96,  25.78,  25.72,  25.84,  25.77,  25.58,  25.45,  25.43,  25.17,  25.64,  25.83,  25.67,  25.20,  25.60,  25.62,  25.70,  25.80,  25.46,  26.11,  26.06,  25.69,  25.17,  24.69,  25.07,  25.28,  25.32,  25.19,  25.30
19950903, 1800,  , HU, 39.2N,  55.5W,  70,  985, -999, -999, -999, -999, -999, -999, -999, -999, -999, -999, -999, -999, -999,  25.60,  25.77,  25.83,  25.92,  26.63,  26.79,  26.87,  26.90,  26.33,  25.90,  25.08,  24.78,  25.00,  25.57,  25.59,  25.14,  24.68,  24.50,  24.03,  23.91,  24.06,  25.02,  25.47,  25.61,  25.99,  26.08,  25.50,  24.85,  24.75,  24.52,  24.45
19950904, 0000,  , HU, 41.0N,  52.3W,  65,  987, -999, -999, -999, -999, -999, -999, -999, -999, -999, -999, -999, -999, -999,  23.66,  23.70,  23.76,  23.49,  23.54,  23.30,  23.36,  23.51,  23.51,  23.11,  23.54,  23.54,  23.77,  23.84,  23.82,  22.73,  22.56,  22.39,  23.23,  23.28,  23.15,  22.71,  22.48,  22.28,  22.34,  22.45,  22.49,  22.51,  22.14,  22.14,  22.22
19950904, 0600,  , TS, 43.1N,  49.4W,  60,  990, -999, -999, -999, -999, -999, -999, -999, -999, -999, -999, -999, -999, -999,  14.48,  15.32,  16.52,  16.96,  16.97,  16.92,  15.03,  15.04,  15.08,  15.74,  14.82,  14.26,  14.66,  14.77,  14.91,  14.46,  14.17,  13.83,  13.77,  13.89,  14.13,  14.53,  14.64,  14.60,  14.64,  15.40,  15.40,  15.35,  15.29,  14.82,  14.00
19950904, 1200,  , EX, 45.0N,  46.0W,  60,  995, -999, -999, -999, -999, -999, -999, -999, -999, -999, -999, -999, -999, -999,  14.37,  14.51,  14.67,  14.80,  15.29,  15.55,  15.60,  14.99,  14.84,  15.30,  15.42,  15.65,  15.71,  15.31,  15.15,  15.14,  14.84,  14.72,  14.65,  14.91,  15.20,  15.20,  15.01,  14.70,  14.63,  14.57,  14.15,  14.01,  13.99,  14.00,  14.25
19950904, 1800,  , EX, 47.1N,  42.0W,  55,  997, -999, -999, -999, -999, -999, -999, -999, -999, -999, -999, -999, -999, -999,  14.52,  14.41,  14.42,  14.66,  15.47,  15.34,  16.33,  16.76,  16.80,  16.58,  16.27,  16.27,  16.35,  16.07,  16.28,  15.99,  16.15,  16.24,  15.88,  15.62,  16.09,  16.19,  15.57,  16.83,  17.54,  17.57,  17.42,  17.44,  15.70,  15.06,  15.67
19950905, 0000,  , EX, 48.7N,  35.7W,  50,  999, -999, -999, -999, -999, -999, -999, -999, -999, -999, -999, -999, -999, -999,  16.24,  15.70,  15.29,  15.43,  15.83,  16.58,  16.80,  16.33,  15.84,  15.81,  16.19,  16.54,  16.21,  15.96,  16.01,  15.95,  15.79,  16.10,  16.15,  16.22,  15.89,  15.67,  15.73,  15.83,  16.35,  16.45,  16.46,  16.12,  16.33,  16.43,  16.44
19950905, 0600,  , EX, 48.9N,  28.1W,  50,  998, -999, -999, -999, -999, -999, -999, -999, -999, -999, -999, -999, -999, -999,  16.82,  16.74,  16.81,  16.42,  16.52,  17.10,  17.24,  16.98,  17.16,  17.34,  17.48,  17.49,  17.46,  17.34,  17.44,  17.14,  17.15,  16.92,  16.81,  16.64,  16.19,  15.47,  16.26,  16.27,  16.33,  16.42,  16.68,  17.11,  17.09,  16.63,  16.63
19950905, 1200,  , EX, 48.6N,  25.0W,  50,  987, -999, -999, -999, -999, -999, -999, -999, -999, -999, -999, -999, -999, -999,  18.61,  18.77,  17.89,  17.85,  18.12,  18.08,  18.00,  18.13,  18.15,  18.10,  17.77,  17.38,  17.33,  17.30,  17.43,  17.18,  17.37,  17.46,  17.42,  17.36,  17.23,  17.19,  17.06,  16.89,  17.05,  16.81,  16.61,  16.53,  17.36,  17.31,  17.44
19950905, 1800,  , EX, 48.5N,  21.5W,  55,  979, -999, -999, -999, -999, -999, -999, -999, -999, -999, -999, -999, -999, -999,  18.13,  18.28,  18.45,  19.00,  19.13,  19.02,  18.84,  18.85,  18.67,  18.65,  18.67,  18.28,  18.22,  18.24,  18.36,  18.01,  17.65,  17.71,  17.85,  17.78,  17.66,  17.63,  18.08,  18.09,  17.76,  17.39,  17.09,  17.32,  17.37,  17.55,  17.66
19950906, 0000,  , EX, 48.3N,  18.0W,  55,  972, -999, -999, -999, -999, -999, -999, -999, -999, -999, -999, -999, -999, -999,  19.48,  19.41,  19.32,  19.10,  18.85,  18.60,  18.42,  19.15,  19.35,  19.35,  18.95,  19.29,  19.36,  19.36,  18.89,  18.42,  18.53,  18.55,  18.58,  18.51,  18.37,  18.35,  18.25,  18.18,  18.00,  17.98,  17.90,  17.58,  17.59,  17.79,  17.87
19950906, 0600,  , EX, 48.0N,  14.2W,  60,  967, -999, -999, -999, -999, -999, -999, -999, -999, -999, -999, -999, -999, -999,  20.00,  20.07,  20.24,  20.37,  20.17,  20.00,  19.84,  19.44,  19.52,  19.65,  19.60,  19.40,  19.18,  19.05,  19.05,  18.92,  18.00,  18.08,  18.37,  18.05,  17.94,  17.84,  17.79,  17.68,  17.53,  17.37,  17.28,  17.26,  17.09,  17.31,  17.46
19950906, 1200,  , EX, 48.0N,  12.6W,  60,  963, -999, -999, -999, -999, -999, -999, -999, -999, -999, -999, -999, -999, -999,  19.97,  20.02,  20.06,  20.05,  20.17,  20.12,  19.95,  19.82,  19.51,  19.40,  19.75,  19.30,  19.69,  20.06,  19.65,  18.84,  17.60,  17.67,  17.85,  17.99,  17.79,  17.74,  17.83,  17.76,  17.39,  17.14,  17.07,  17.00,  16.71,  16.78,  17.25
19950906, 1800,  , EX, 48.2N,  11.1W,  65,  960, -999, -999, -999, -999, -999, -999, -999, -999, -999, -999, -999, -999, -999,  19.61,  19.83,  20.05,  19.95,  19.83,  19.76,  19.36,  19.00,  19.42,  19.37,  19.45,  19.31,  19.23,  19.23,  18.67,  18.45,  17.01,  17.12,  17.20,  17.31,  17.45,  17.34,  17.31,  17.20,  17.19,  16.82,  16.78,  16.79,  16.64,  16.49,  16.74
19950907, 0000,  , EX, 48.4N,   8.7W,  65,  957, -999, -999, -999, -999, -999, -999, -999, -999, -999, -999, -999, -999, -999,  19.18,  18.72,  18.90,  18.96,  18.66,  18.39,  18.14,  18.34,  18.57,  18.73,  18.75,  18.21,  18.44,  18.82,  18.90,  17.00,  16.94,  16.66,  16.50,  16.54,  16.38,  16.26,  15.90,  15.87,  15.98,  15.96,  15.84,  15.94,  16.13,  16.36,  16.26
19950907, 0600,  , EX, 48.9N,   6.9W,  65,  962, -999, -999, -999, -999, -999, -999, -999, -999, -999, -999, -999, -999, -999,  20.02,  19.73,  19.68,  19.55,  19.34,  19.18,  19.00,  19.19,  19.29,  19.32,  19.27,  19.23,  19.26,  19.25,  18.98,  17.50,  17.67,  17.90,  17.84,  17.74,  17.50,  17.57,  17.53,  17.04,  17.02,  16.68,  16.55,  16.64,  16.81,  16.88,  16.71
19950907, 1200,  , EX, 49.3N,   4.4W,  60,  968, -999, -999, -999, -999, -999, -999, -999, -999, -999, -999, -999, -999, -999,  18.65,  17.96,  18.05,  17.73,  16.34,  15.89,  15.90,  15.90,  16.03,  16.67,  16.09,  15.93,  15.79,  15.52,  15.54,  14.86,  14.95,  15.06,  15.12,  15.01,  14.57,  14.68,  14.77,  14.61,  14.46,  14.18,  14.10,  14.06,  14.30,  14.57,  14.80
