AL102012,              JOYCE,     12,
20120821, 1800,  , LO, 10.7N,  31.7W,  25, 1011,    0,    0,    0,    0,    0,    0,    0,    0,    0,    0,    0,    0, -999,  27.80,  27.78,  27.77,  27.58,  27.10,  26.69,  26.87,  27.11,  27.39,  27.70,  28.20,  28.32,  28.06,  27.91,  28.03,  27.42,  27.22,  27.41,  27.61,  27.70,  27.80,  28.15,  28.11,  28.34,  27.98,  27.36,  27.29,  27.37,  27.48,  27.68,  27.69
20120822, 0000,  , LO, 11.1N,  33.1W,  25, 1011,    0,    0,    0,    0,    0,    0,    0,    0,    0,    0,    0,    0, -999,  27.67,  27.82,  28.47,  28.60,  27.62,  27.59,  27.97,  27.57,  27.50,  28.07,  28.12,  28.20,  27.98,  27.52,  27.54,  27.85,  27.79,  27.80,  27.81,  28.06,  27.87,  27.89,  28.25,  27.62,  27.51,  27.24,  27.47,  27.76,  27.63,  27.39,  27.72
20120822, 0600,  , TD, 11.5N,  34.5W,  25, 1011,    0,    0,    0,    0,    0,    0,    0,    0,    0,    0,    0,    0, -999,  27.79,  28.02,  28.34,  28.14,  27.61,  27.68,  28.12,  27.87,  27.16,  27.77,  27.93,  27.94,  27.69,  27.78,  28.21,  28.05,  27.87,  27.83,  28.11,  28.53,  28.37,  28.38,  28.60,  28.57,  28.10,  27.54,  27.71,  28.00,  28.06,  27.92,  28.13
20120822, 1200,  , TD, 12.1N,  35.8W,  30, 1009,    0,    0,    0,    0,    0,    0,    0,    0,    0,    0,    0,    0, -999,  27.69,  27.73,  27.76,  27.41,  27.66,  27.83,  28.11,  27.66,  27.38,  27.93,  27.94,  28.15,  27.93,  28.08,  28.22,  27.76,  27.63,  27.73,  27.86,  28.47,  28.47,  28.47,  28.56,  28.55,  28.35,  27.81,  27.80,  28.22,  28.31,  28.54,  28.40
20120822, 1800,  , TD, 12.8N,  37.3W,  30, 1009,    0,    0,    0,    0,    0,    0,    0,    0,    0,    0,    0,    0, -999,  28.29,  27.63,  27.86,  27.75,  27.32,  27.61,  27.84,  27.59,  27.19,  27.29,  27.40,  27.76,  27.99,  28.29,  28.39,  27.98,  27.77,  27.62,  27.90,  28.44,  28.45,  28.45,  28.74,  28.95,  28.80,  28.10,  27.83,  27.86,  27.76,  28.42,  28.47
20120823, 0000,  , TD, 13.5N,  38.7W,  30, 1009,    0,    0,    0,    0,    0,    0,    0,    0,    0,    0,    0,    0, -999,  27.43,  27.37,  27.24,  27.28,  27.46,  27.55,  26.96,  26.57,  27.21,  27.45,  28.13,  28.38,  28.63,  28.67,  28.08,  27.98,  27.82,  27.63,  28.72,  28.86,  28.79,  28.41,  28.08,  28.32,  28.32,  28.12,  27.93,  27.97,  28.64,  28.71,  28.69
20120823, 0600,  , TD, 14.2N,  40.0W,  30, 1009,    0,    0,    0,    0,    0,    0,    0,    0,    0,    0,    0,    0, -999,  27.39,  27.09,  26.98,  27.16,  27.33,  27.37,  26.83,  26.55,  26.50,  26.58,  27.36,  27.96,  27.99,  27.92,  27.86,  27.88,  27.54,  27.52,  28.67,  28.79,  28.74,  28.59,  28.23,  28.37,  28.34,  27.90,  27.50,  27.45,  28.26,  28.53,  28.57
20120823, 1200,  , TS, 14.8N,  41.1W,  35, 1007,  120,    0,    0,  120,    0,    0,    0,    0,    0,    0,    0,    0, -999,  27.30,  27.21,  27.27,  27.42,  27.58,  27.60,  27.34,  27.21,  26.75,  26.74,  27.06,  27.36,  27.27,  28.20,  28.30,  28.25,  28.23,  28.08,  27.93,  28.62,  29.26,  29.02,  28.90,  28.52,  28.35,  27.78,  27.58,  27.78,  27.90,  28.18,  28.20
20120823, 1800,  , TS, 15.5N,  42.1W,  35, 1006,  180,    0,    0,  180,    0,    0,    0,    0,    0,    0,    0,    0, -999,  26.81,  26.76,  27.01,  27.12,  27.32,  27.42,  27.37,  27.05,  26.26,  26.64,  27.01,  26.99,  26.93,  27.69,  27.74,  27.73,  27.97,  27.81,  28.15,  28.79,  29.21,  28.96,  28.80,  28.19,  28.14,  27.57,  27.40,  27.78,  27.99,  28.13,  28.17
20120824, 0000,  , TD, 16.1N,  43.2W,  30, 1008,    0,    0,    0,    0,    0,    0,    0,    0,    0,    0,    0,    0, -999,  26.62,  27.02,  27.19,  27.36,  27.40,  27.32,  26.14,  25.99,  26.81,  27.21,  27.35,  27.55,  27.79,  27.80,  27.40,  27.57,  27.60,  28.06,  28.31,  28.86,  28.83,  28.74,  28.18,  28.23,  28.01,  27.79,  27.83,  28.06,  28.19,  28.17,  28.29
20120824, 0600,  , TD, 16.7N,  44.3W,  30, 1008,    0,    0,    0,    0,    0,    0,    0,    0,    0,    0,    0,    0, -999,  26.74,  26.92,  27.07,  27.30,  27.40,  27.40,  26.26,  26.37,  26.97,  27.41,  27.68,  27.79,  27.84,  27.82,  27.82,  27.70,  27.77,  27.89,  28.05,  28.66,  28.70,  28.60,  28.15,  27.99,  28.00,  28.18,  28.34,  28.53,  28.41,  28.39,  28.51
20120824, 1200,  , LO, 17.4N,  45.4W,  30, 1009,    0,    0,    0,    0,    0,    0,    0,    0,    0,    0,    0,    0, -999,  26.69,  26.87,  27.03,  27.22,  27.24,  27.18,  26.45,  26.53,  27.09,  27.60,  27.63,  27.71,  27.74,  27.51,  27.53,  27.37,  27.37,  27.60,  28.06,  28.37,  28.59,  28.42,  28.14,  28.20,  28.12,  28.02,  28.42,  28.54,  28.31,  28.27,  28.35
