AL102023,             IDALIA,     54,
20230826, 1200,  , TD, 20.8N,  86.1W,  25, 1006,    0,    0,    0,    0,    0,    0,    0,    0,    0,    0,    0,    0,   90,  30.75,  30.73,  30.58,  30.28,  30.28,  30.21,  30.01,  29.89,  29.88,  29.96,  29.94,  29.91,  29.84,  29.80,  29.75,  29.24,  28.80,  29.35,  29.52,  29.64,  29.83,  29.89,  29.79,  29.83,  29.90,  29.86,  30.03,  30.14,  30.25,  30.44,  30.52
20230826, 1800,  , TD, 21.3N,  86.2W,  25, 1006,    0,    0,    0,    0,    0,    0,    0,    0,    0,    0,    0,    0,   70,  30.77,  30.76,  30.65,  30.39,  30.40,  30.28,  29.99,  29.91,  29.95,  29.97,  29.98,  29.96,  29.82,  29.72,  29.68,  28.99,  28.66,  29.30,  29.31,  29.36,  29.42,  29.41,  29.34,  29.45,  29.49,  29.58,  29.75,  29.87,  29.92,  30.10,  30.30
20230827, 0000,  , TD, 21.1N,  86.4W,  30, 1004,    0,    0,    0,    0,    0,    0,    0,    0,    0,    0,    0,    0,   40,  30.57,  30.46,  30.24,  30.24,  30.13,  29.88,  29.80,  29.83,  29.89,  29.89,  29.86,  29.78,  29.70,  29.64,  28.94,  28.63,  29.29,  29.42,  29.47,  29.53,  29.46,  29.39,  29.52,  29.60,  29.65,  29.80,  29.90,  29.96,  30.09,  30.25,  30.26
20230827, 0600, L, TD, 20.5N,  86.8W,  30, 1002,    0,    0,    0,    0,    0,    0,    0,    0,    0,    0,    0,    0,   20,  30.65,  30.52,  30.32,  30.27,  30.10,  29.87,  29.85,  29.85,  29.96,  29.93,  29.89,  29.89,  29.83,  29.75,  29.54,  29.40,  29.70,  29.77,  29.77,  29.86,  29.81,  29.81,  29.81,  29.84,  29.87,  30.04,  30.10,  30.15,  30.26,  30.37,  30.40
20230827, 1200,  , TS, 19.9N,  86.3W,  35,  999,    0,   60,    0,    0,    0,    0,    0,    0,    0,    0,    0,    0,   20,  30.62,  30.47,  30.20,  30.16,  29.99,  29.80,  29.75,  29.72,  29.85,  29.92,  29.96,  29.87,  29.82,  29.72,  29.69,  29.67,  29.30,  29.46,  29.74,  29.96,  29.97,  29.88,  29.96,  29.98,  29.86,  29.99,  30.08,  30.23,  30.53,  30.47,  30.48
20230827, 1800,  , TS, 19.9N,  85.8W,  40,  996,    0,   60,    0,    0,    0,    0,    0,    0,    0,    0,    0,    0,   20,  30.65,  30.55,  30.26,  30.20,  30.06,  29.93,  29.83,  29.83,  29.95,  30.01,  30.04,  29.91,  29.89,  29.86,  29.91,  29.92,  29.43,  29.42,  29.62,  29.77,  29.81,  29.76,  29.85,  29.91,  29.87,  30.01,  30.15,  30.35,  30.58,  30.52,  30.52
20230828, 0000,  , TS, 19.8N,  85.4W,  45,  992,   40,   80,   20,    0,    0,    0,    0,    0,    0,    0,    0,    0,   20,  30.70,  30.42,  30.33,  30.16,  30.06,  29.96,  29.98,  30.13,  30.16,  30.13,  29.97,  29.92,  29.94,  30.10,  30.08,  29.66,  29.45,  29.49,  29.56,  29.59,  29.62,  29.77,  29.83,  29.89,  30.05,  30.27,  30.51,  30.70,  30.65,  30.63,  30.57
20230828, 0600,  , TS, 19.9N,  85.2W,  55,  989,   60,   80,   20,    0,   20,   20,    0,    0,    0,    0,    0,    0,   20,  30.71,  30.43,  30.33,  30.16,  30.09,  30.00,  30.04,  30.20,  30.23,  30.18,  30.02,  29.91,  29.93,  30.14,  30.13,  29.80,  29.47,  29.44,  29.49,  29.51,  29.55,  29.71,  29.74,  29.85,  30.00,  30.26,  30.50,  30.67,  30.66,  30.62,  30.55
20230828, 1200,  , TS, 20.6N,  85.2W,  55,  989,   70,  100,   40,   30,   30,   30,    0,    0,    0,    0,    0,    0,   20,  31.04,  30.68,  30.62,  30.51,  30.33,  30.17,  30.11,  30.17,  30.19,  30.11,  29.92,  29.84,  29.93,  29.95,  29.56,  29.58,  29.40,  29.36,  29.44,  29.52,  29.49,  29.65,  29.76,  29.83,  29.96,  30.16,  30.34,  30.60,  30.57,  30.53,  30.45
20230828, 1800,  , TS, 21.2N,  85.2W,  60,  986,   80,  120,   50,   50,   30,   40,   20,   20,    0,    0,    0,    0,   20,  31.39,  31.15,  31.11,  31.00,  30.84,  30.84,  30.86,  30.81,  30.94,  30.98,  30.70,  30.53,  30.51,  30.44,  29.76,  30.19,  29.76,  29.58,  29.55,  29.58,  29.54,  29.71,  29.67,  29.83,  30.04,  30.19,  30.30,  30.60,  30.57,  30.50,  30.43
20230829, 0000,  , TS, 21.8N,  85.1W,  60,  984,   90,  130,   50,   50,   30,   40,   20,   20,    0,    0,    0,    0,   20,  31.23,  31.18,  31.03,  30.91,  30.97,  31.02,  30.98,  31.12,  31.20,  30.98,  30.82,  30.77,  30.67,  30.18,  30.40,  30.08,  29.94,  29.84,  29.75,  29.72,  29.84,  29.74,  29.94,  30.24,  30.32,  30.36,  30.58,  30.53,  30.46,  30.45,  30.51
20230829, 0600,  , HU, 22.6N,  85.0W,  65,  981,  110,  140,   50,   50,   40,   40,   20,   20,   15,   15,    0,    0,   15,  31.32,  31.29,  31.14,  31.06,  31.00,  31.03,  31.04,  31.01,  31.00,  30.92,  30.75,  30.68,  30.57,  30.32,  30.43,  30.09,  30.01,  29.96,  29.91,  29.97,  30.04,  30.01,  30.13,  30.54,  30.50,  30.47,  30.43,  30.45,  30.48,  30.50,  30.47
20230829, 1200,  , HU, 23.8N,  84.8W,  70,  978,  120,  140,   50,   60,   50,   40,   20,   30,   20,   15,    0,   10,   15,  31.51,  31.48,  31.44,  31.29,  31.34,  31.33,  31.24,  30.98,  30.71,  30.54,  30.48,  30.51,  30.36,  30.27,  30.39,  30.23,  30.09,  30.07,  30.16,  30.11,  30.09,  29.80,  30.16,  30.66,  30.61,  30.57,  30.73,  30.59,  30.51,  30.54,  30.49
20230829, 1800,  , HU, 25.3N,  84.8W,  80,  973,  120,  140,   50,   60,   50,   40,   20,   30,   20,   15,   10,   10,   15,  31.92,  31.91,  31.94,  31.91,  31.92,  31.85,  31.79,  31.52,  30.98,  30.79,  30.77,  30.73,  30.58,  30.57,  30.58,  30.36,  30.28,  30.03,  30.03,  29.98,  29.99,  29.71,  29.96,  30.05,  29.93,  29.93,  30.18,  30.11,  30.16,  30.29,  30.39
20230830, 0000,  , HU, 26.9N,  84.7W,  90,  965,  120,  140,   50,   60,   50,   40,   20,   30,   20,   15,   10,   10,   10,  32.26,  32.22,  31.97,  31.78,  31.55,  31.40,  30.98,  30.79,  30.78,  30.73,  30.76,  30.75,  30.75,  30.84,  30.81,  30.31,  30.30,  30.31,  30.09,  30.28,  29.92,  30.22,  30.18,  30.19,  30.26,  30.33,  30.34,  30.43,  30.51,  30.58,  30.60
20230830, 0600,  , HU, 28.3N,  84.5W, 105,  945,  120,  150,   60,   60,   60,   50,   30,   40,   20,   20,   15,   10,   10,  31.84,  31.78,  31.50,  31.40,  31.23,  31.11,  30.91,  30.84,  30.94,  30.93,  30.94,  30.93,  31.09,  31.16,  31.13,  30.30,  30.09,  29.90,  29.51,  29.78,  29.47,  29.77,  29.88,  30.09,  30.14,  30.04,  30.22,  30.30,  30.40,  30.44,  30.51
20230830, 0900, I, HU, 29.1N,  84.1W, 115,  942,  130,  150,   70,   60,   60,   50,   30,   40,   20,   20,   15,   10,   10,  31.46,  31.15,  30.83,  30.88,  30.86,  30.73,  30.59,  30.69,  30.95,  30.92,  30.94,  30.97,  31.20,  31.30,  31.33,  30.67,  30.45,  30.40,  29.90,  30.25,  29.96,  30.25,  30.35,  30.61,  30.57,  30.44,  30.48,  30.53,  30.53,  30.48,  30.62
20230830, 1145, L, HU, 29.9N,  83.6W, 100,  950,  130,  180,   50,   60,   60,   50,   30,   40,   20,   20,   15,   10,   10,  31.84,  31.41,  31.17,  31.15,  31.21,  31.18,  31.05,  31.21,  31.49,  31.42,  31.30,  31.34,  31.50,  31.57,  31.46,  31.10,  30.24,  30.11,  29.55,  29.63,  29.54,  29.83,  30.05,  30.35,  30.31,  29.89,  29.96,  29.97,  29.97,  29.90,  29.97
20230830, 1200,  , HU, 30.0N,  83.5W, 100,  954,  140,  180,   50,   60,   50,   50,   30,   40,   20,   20,   15,   10,   10,    nan,    nan,    nan,    nan,    nan,    nan,    nan,    nan,    nan,    nan,    nan,    nan,    nan,    nan,    nan,    nan,    nan,    nan,    nan,    nan,    nan,    nan,    nan,    nan,    nan,    nan,    nan,    nan,    nan,    nan,    nan
20230830, 1800,  , TS, 31.5N,  82.5W,  60,  981,  140,  180,   60,   50,   40,   40,   30,   30,    0,    0,    0,    0,   20,    nan,    nan,    nan,    nan,    nan,    nan,    nan,    nan,    nan,    nan,    nan,    nan,    nan,    nan,    nan,    nan,    nan,    nan,    nan,    nan,    nan,    nan,    nan,    nan,    nan,    nan,    nan,    nan,    nan,    nan,    nan
20230831, 0000,  , TS, 32.7N,  80.9W,  50,  985,  140,  180,   50,   50,   40,   40,    0,    0,    0,    0,    0,    0,   40,    nan,    nan,    nan,    nan,    nan,    nan,    nan,    nan,    nan,    nan,    nan,    nan,    nan,    nan,    nan,    nan,    nan,    nan,    nan,    nan,    nan,    nan,    nan,    nan,    nan,    nan,    nan,    nan,    nan,    nan,    nan
20230831, 0600,  , TS, 33.5N,  78.9W,  50,  990,  160,  180,   70,   40,    0,   50,    0,    0,    0,    0,    0,    0,   40,  29.27,  29.12,  28.60,  28.51,  28.48,  28.62,  28.62,  28.53,  28.36,  28.24,  28.26,  28.51,  28.75,  29.04,  29.06,  28.12,  27.67,  27.58,  27.54,  27.50,  27.66,  27.85,  28.04,  28.21,  28.37,  28.41,  28.56,  28.66,  28.79,  28.76,  28.52
20230831, 1200,  , EX, 33.7N,  77.0W,  55,  990,  180,  180,  160,  100,    0,    0,   40,   40,    0,    0,    0,    0,   40,  30.08,  30.19,  30.09,  30.12,  30.19,  30.22,  30.17,  30.04,  29.84,  29.77,  29.87,  30.04,  30.22,  30.34,  30.36,  30.11,  29.58,  29.56,  29.45,  29.15,  29.40,  29.41,  29.36,  29.15,  29.20,  29.32,  29.31,  29.36,  29.56,  29.53,  29.41
20230831, 1800,  , EX, 33.6N,  74.6W,  55,  993,  200,  180,  160,  180,    0,    0,   60,   80,    0,    0,    0,    0,   40,  30.10,  29.96,  29.71,  29.67,  29.71,  29.82,  29.89,  29.86,  29.71,  29.60,  29.56,  29.48,  29.46,  29.54,  29.58,  29.31,  28.92,  28.58,  28.61,  28.26,  28.36,  28.37,  28.44,  28.43,  28.62,  28.39,  28.49,  28.59,  28.53,  28.40,  28.08
20230901, 0000,  , EX, 33.4N,  72.3W,  55,  996,  200,  160,  180,  200,    0,    0,   60,  100,    0,    0,    0,    0,   60,  28.67,  28.58,  28.50,  28.55,  28.69,  28.79,  28.76,  28.72,  28.57,  28.43,  28.41,  28.47,  28.48,  28.43,  28.44,  28.27,  27.44,  27.33,  27.08,  27.13,  27.13,  27.21,  27.38,  27.53,  27.41,  27.59,  27.72,  27.73,  27.57,  27.17,  27.01
20230901, 0600,  , EX, 32.7N,  70.5W,  50,  997,  200,  160,  180,  200,    0,    0,   80,  100,    0,    0,    0,    0,   80,  28.79,  28.68,  28.52,  28.51,  28.70,  28.89,  28.94,  28.76,  28.36,  28.17,  28.22,  28.12,  27.89,  27.65,  27.57,  27.50,  26.65,  26.53,  26.41,  26.55,  26.63,  26.77,  26.81,  26.87,  27.03,  27.37,  27.44,  27.38,  27.23,  26.72,  26.54
20230901, 1200,  , EX, 32.3N,  68.8W,  50,  998,  200,  150,  180,  200,    0,    0,    0,  120,    0,    0,    0,    0,  100,  28.44,  28.26,  28.19,  28.22,  28.32,  28.49,  28.63,  28.53,  28.26,  28.35,  28.29,  28.22,  28.02,  27.24,  26.37,  25.52,  24.90,  24.99,  24.81,  25.15,  25.36,  25.67,  25.95,  26.17,  26.52,  26.80,  26.89,  26.87,  26.13,  25.50,  25.41
20230901, 1800,  , EX, 32.1N,  67.1W,  50,  999,  210,  120,  180,  190,    0,    0,    0,   90,    0,    0,    0,    0,  100,  28.52,  28.28,  28.16,  28.19,  28.23,  28.35,  28.49,  28.45,  28.10,  28.07,  28.06,  28.00,  27.94,  27.79,  27.21,  26.28,  25.13,  25.38,  25.25,  25.37,  25.43,  25.64,  25.93,  26.29,  26.73,  26.98,  27.10,  27.12,  25.95,  25.88,  25.86
20230902, 0000,  , EX, 31.9N,  65.7W,  50,  999,  180,  150,  180,  190,    0,    0,    0,   90,    0,    0,    0,    0,  100,  28.60,  28.44,  28.52,  28.61,  28.76,  28.83,  28.80,  28.55,  28.54,  28.56,  28.54,  28.54,  28.41,  27.95,  27.62,  27.01,  27.04,  26.86,  26.96,  26.98,  27.02,  27.05,  27.19,  27.36,  27.40,  27.42,  27.43,  26.48,  26.49,  26.50,  26.35
20230902, 0600,  , EX, 31.8N,  64.7W,  50,  999,  180,  140,  160,  190,    0,    0,    0,   90,    0,    0,    0,    0,   80,  28.40,  28.40,  28.62,  28.69,  28.73,  28.72,  28.58,  28.42,  28.34,  28.34,  28.25,  28.18,  28.06,  27.67,  27.40,  27.06,  27.08,  26.80,  26.95,  26.95,  27.01,  27.01,  27.04,  27.25,  27.34,  27.43,  27.49,  27.17,  26.80,  26.75,  26.70
20230902, 1200,  , EX, 31.8N,  63.9W,  50,  998,  180,    0,  120,  180,    0,    0,    0,   90,    0,    0,    0,    0,   90,  28.37,  28.49,  28.75,  28.80,  28.79,  28.72,  28.60,  28.53,  28.52,  28.54,  28.49,  28.46,  28.42,  28.25,  28.20,  27.68,  27.37,  27.12,  27.26,  27.29,  27.38,  27.36,  27.35,  27.53,  27.59,  27.64,  27.60,  27.38,  27.03,  27.01,  27.00
20230902, 1800,  , EX, 31.8N,  63.1W,  50,  997,  180,    0,  120,  170,    0,    0,    0,   80,    0,    0,    0,    0,   80,  28.64,  28.83,  29.03,  29.00,  28.95,  28.87,  28.75,  28.69,  28.69,  28.72,  28.66,  28.66,  28.66,  28.59,  28.53,  28.07,  27.79,  27.35,  27.31,  27.28,  27.31,  27.25,  27.17,  27.33,  27.39,  27.41,  27.35,  27.29,  27.12,  27.15,  27.19
20230903, 0000,  , EX, 32.0N,  62.2W,  50,  996,  180,    0,  120,  170,    0,    0,    0,   80,    0,    0,    0,    0,   80,  28.96,  29.06,  28.93,  28.83,  28.76,  28.65,  28.53,  28.47,  28.50,  28.45,  28.46,  28.47,  28.34,  27.85,  27.82,  27.75,  27.27,  27.23,  27.16,  27.11,  27.10,  27.05,  27.18,  27.22,  27.23,  27.18,  27.06,  26.93,  26.90,  26.96,  26.94
20230903, 0600,  , EX, 32.5N,  61.3W,  50,  994,  180,    0,  120,  170,    0,    0,    0,   80,    0,    0,    0,    0,   80,  29.10,  29.13,  28.96,  28.88,  28.82,  28.71,  28.60,  28.52,  28.51,  28.45,  28.43,  28.41,  28.30,  27.78,  27.76,  27.67,  27.16,  27.12,  27.04,  26.95,  26.95,  26.99,  27.10,  27.15,  27.19,  27.16,  26.99,  26.93,  26.93,  27.06,  27.12
20230903, 1200,  , EX, 33.4N,  60.5W,  50,  992,  180,    0,  120,  170,    0,    0,    0,   80,    0,    0,    0,    0,   80,  28.80,  28.87,  28.82,  28.76,  28.69,  28.56,  28.40,  28.34,  28.37,  28.40,  28.40,  28.40,  28.38,  27.97,  27.88,  27.66,  27.23,  27.24,  27.19,  27.18,  27.26,  27.32,  27.45,  27.58,  27.64,  27.50,  27.40,  27.40,  27.40,  27.49,  27.49
20230903, 1800,  , EX, 34.9N,  59.7W,  55,  990,  180,    0,  120,  170,    0,    0,    0,   80,    0,    0,    0,    0,   80,  28.72,  28.67,  28.60,  28.60,  28.52,  28.32,  28.00,  27.69,  27.61,  27.59,  27.58,  27.55,  27.56,  27.55,  27.03,  26.72,  25.84,  25.55,  25.57,  25.51,  25.60,  25.80,  26.02,  26.20,  26.39,  26.45,  26.50,  26.48,  26.55,  26.59,  26.64
20230904, 0000,  , EX, 36.2N,  58.9W,  60,  988,  180,    0,  120,  170,    0,    0,    0,   80,    0,    0,    0,    0,   80,  28.03,  28.07,  28.11,  28.03,  27.85,  27.50,  27.16,  27.06,  27.08,  27.16,  27.24,  27.35,  27.33,  26.96,  26.71,  26.51,  26.35,  26.36,  26.34,  26.48,  26.73,  26.80,  26.81,  26.90,  26.90,  26.83,  26.72,  26.66,  26.65,  26.71,  26.74
20230904, 0600,  , EX, 37.6N,  58.0W,  60,  985,  180,    0,  120,  170,    0,    0,    0,   80,    0,    0,    0,    0,   80,  27.83,  27.97,  28.08,  27.99,  27.83,  27.59,  27.30,  27.15,  27.11,  27.18,  27.32,  27.42,  27.33,  27.18,  26.82,  26.52,  26.45,  26.31,  26.35,  26.56,  27.11,  27.28,  27.38,  27.38,  27.33,  27.29,  27.19,  27.15,  27.22,  27.40,  27.55
20230904, 1200,  , EX, 39.2N,  57.5W,  55,  985,  210,  180,  180,  240,    0,    0,   90,   80,    0,    0,    0,    0,   90,  27.12,  27.29,  27.53,  27.55,  27.52,  27.39,  27.15,  26.99,  26.87,  27.05,  27.24,  27.31,  27.27,  26.72,  26.75,  25.98,  25.74,  25.55,  25.50,  25.68,  26.56,  26.82,  27.08,  27.24,  27.39,  27.42,  27.48,  27.63,  27.74,  27.67,  27.55
20230904, 1800,  , EX, 40.5N,  57.9W,  55,  986,  210,  180,  180,  240,    0,    0,   90,   80,    0,    0,    0,    0,   80,  26.28,  26.25,  26.30,  26.31,  26.18,  26.09,  25.84,  25.45,  25.66,  26.03,  26.44,  26.74,  27.00,  27.22,  27.13,  26.53,  26.97,  26.34,  25.35,  24.86,  24.90,  25.12,  25.62,  26.29,  26.49,  26.71,  26.91,  26.92,  26.54,  25.64,  25.06
20230905, 0000,  , EX, 41.1N,  58.7W,  50,  986,  180,  220,  180,  180,    0,    0,   70,    0,    0,    0,    0,    0,   50,  24.74,  24.82,  24.69,  24.56,  24.45,  24.43,  24.48,  24.73,  25.02,  25.60,  25.91,  25.85,  25.77,  25.71,  23.97,  24.28,  23.95,  23.42,  23.21,  23.57,  23.56,  23.88,  24.05,  24.07,  24.34,  24.74,  25.01,  24.96,  24.91,  24.91,  24.92
20230905, 0600,  , EX, 41.6N,  59.1W,  50,  986,  180,  220,  180,  180,    0,    0,   70,    0,    0,    0,    0,    0,   50,  24.11,  24.05,  23.67,  23.59,  23.56,  23.57,  23.63,  23.78,  23.96,  24.46,  24.71,  24.32,  23.72,  23.37,  22.05,  22.03,  21.45,  21.00,  21.00,  21.47,  21.75,  22.27,  22.51,  22.18,  22.17,  22.30,  22.17,  21.66,  21.46,  21.49,  21.42
20230905, 1200,  , EX, 42.2N,  59.3W,  45,  986,  100,  180,  200,   80,    0,    0,    0,    0,    0,    0,    0,    0,  120,  22.77,  22.65,  22.31,  22.25,  22.22,  22.20,  22.21,  22.38,  22.56,  22.98,  23.11,  22.77,  22.58,  22.48,  21.82,  20.88,  20.65,  20.31,  20.36,  21.49,  21.50,  21.91,  22.06,  21.29,  21.07,  21.18,  21.26,  20.93,  20.85,  20.97,  20.95
20230905, 1800,  , EX, 42.6N,  59.8W,  40,  987,  100,  180,  200,   80,    0,    0,    0,    0,    0,    0,    0,    0,  120,  21.98,  22.02,  21.79,  21.80,  21.89,  22.01,  22.12,  22.36,  22.54,  22.87,  22.86,  22.49,  22.29,  22.07,  21.56,  20.79,  20.78,  20.56,  20.47,  21.38,  21.09,  21.39,  21.50,  20.92,  20.98,  21.20,  21.21,  20.68,  20.35,  20.22,  20.05
20230906, 0000,  , EX, 42.6N,  60.5W,  35,  988,   50,  180,  180,   60,    0,    0,    0,    0,    0,    0,    0,    0,  120,  21.62,  21.27,  21.20,  21.23,  21.32,  21.40,  21.52,  21.70,  22.17,  22.04,  21.81,  21.80,  21.59,  21.06,  20.61,  20.61,  20.34,  20.13,  20.54,  20.68,  21.19,  21.70,  21.36,  21.70,  21.58,  21.18,  20.48,  20.14,  20.06,  19.94,  19.74
20230906, 0600,  , EX, 42.6N,  61.4W,  35,  991,   50,  180,  180,   60,    0,    0,    0,    0,    0,    0,    0,    0,  120,  20.97,  20.81,  20.82,  20.91,  21.08,  21.16,  21.21,  21.35,  22.08,  21.87,  21.42,  21.53,  21.30,  20.59,  20.16,  19.80,  19.51,  19.55,  19.61,  19.96,  20.40,  21.02,  20.69,  20.72,  20.61,  20.38,  19.43,  18.50,  18.40,  18.27,  18.23
20230906, 1200,  , EX, 42.6N,  62.0W,  35,  992,   50,  180,  180,   60,    0,    0,    0,    0,    0,    0,    0,    0,  120,  20.39,  20.23,  20.25,  20.37,  20.59,  20.76,  20.78,  20.98,  21.63,  21.37,  20.71,  20.74,  20.38,  20.03,  19.56,  19.57,  19.67,  19.74,  19.75,  20.15,  20.38,  20.82,  20.58,  20.47,  20.36,  19.77,  18.04,  17.46,  17.30,  17.03,  16.99
20230906, 1800,  , EX, 42.6N,  62.8W,  35,  994,   50,  180,  180,   60,    0,    0,    0,    0,    0,    0,    0,    0,  120,  20.13,  20.12,  20.25,  20.44,  20.68,  20.91,  20.78,  21.29,  21.82,  21.34,  20.77,  20.79,  20.21,  20.07,  19.58,  19.38,  19.34,  19.41,  19.41,  19.97,  20.11,  20.58,  20.42,  20.36,  20.34,  17.97,  15.90,  15.86,  15.71,  15.62,  15.82
20230907, 0000,  , EX, 42.9N,  62.9W,  30,  996,    0,    0,    0,    0,    0,    0,    0,    0,    0,    0,    0,    0,  120,  19.75,  19.95,  20.18,  20.45,  20.68,  20.60,  20.93,  21.61,  21.04,  20.49,  20.46,  19.95,  19.78,  19.47,  19.45,  19.37,  19.31,  19.16,  19.69,  19.77,  20.24,  20.16,  20.01,  19.95,  17.41,  15.70,  15.69,  15.51,  15.39,  15.58,  15.74
20230907, 0600,  , EX, 43.0N,  62.1W,  30,  998,    0,    0,    0,    0,    0,    0,    0,    0,    0,    0,    0,    0,   90,  19.56,  19.67,  19.87,  20.10,  20.27,  20.35,  20.45,  21.14,  20.80,  20.33,  20.34,  19.99,  19.81,  18.60,  18.77,  19.41,  19.43,  19.04,  19.55,  19.55,  19.96,  19.87,  19.74,  19.57,  18.78,  17.12,  16.79,  16.57,  16.42,  16.49,  16.48
20230907, 1200,  , EX, 43.2N,  61.1W,  30, 1000,    0,    0,    0,    0,    0,    0,    0,    0,    0,    0,    0,    0,   40,  20.27,  20.42,  20.63,  20.86,  20.96,  20.85,  20.94,  21.63,  21.34,  20.88,  20.82,  20.63,  20.33,  19.17,  19.46,  19.46,  19.33,  19.10,  19.44,  19.69,  20.29,  20.07,  20.19,  20.02,  19.67,  18.76,  18.05,  17.89,  17.66,  17.51,  17.45
20230907, 1800,  , EX, 43.6N,  60.1W,  30, 1001,    0,    0,    0,    0,    0,    0,    0,    0,    0,    0,    0,    0,   40,  19.47,  19.46,  19.60,  19.81,  19.89,  19.86,  19.98,  20.68,  20.50,  19.93,  19.55,  19.50,  19.05,  18.71,  18.84,  18.94,  19.07,  18.83,  19.00,  19.22,  19.69,  19.22,  19.02,  19.09,  19.69,  19.21,  18.76,  18.55,  18.21,  17.90,  17.73
20230908, 0000,  , EX, 44.3N,  59.3W,  30, 1002,    0,    0,    0,    0,    0,    0,    0,    0,    0,    0,    0,    0,   40,  19.28,  19.44,  19.59,  19.60,  19.49,  19.50,  19.60,  19.54,  19.14,  18.67,  18.80,  17.97,  18.86,  18.86,  18.87,  18.81,  18.85,  19.08,  19.04,  19.43,  19.00,  18.94,  18.40,  19.24,  18.54,  18.24,  18.09,  17.70,  17.46,  17.21,  16.91
20230908, 0600,  , EX, 45.2N,  58.3W,  30, 1003,    0,    0,    0,    0,    0,    0,    0,    0,    0,    0,    0,    0,   40,  19.02,  19.10,  19.16,  19.17,  19.13,  19.16,  19.31,  19.21,  18.85,  18.32,  18.55,  17.74,  18.98,  19.17,  19.19,  19.12,  18.99,  18.82,  19.01,  19.50,  19.39,  19.35,  19.52,  19.61,  19.07,  18.77,  18.56,  18.18,  17.82,  17.46,  17.13
