AL112010,               IGOR,     61,
20100908, 0600,  , TD, 14.0N,  22.7W,  30, 1006,    0,    0,    0,    0,    0,    0,    0,    0,    0,    0,    0,    0, -999,  28.28,  28.24,  27.88,  27.95,  27.55,  27.45,  27.50,  28.14,  28.01,  27.92,  27.89,  27.95,  27.86,  27.85,  27.86,  27.10,  27.20,  27.17,  27.04,  25.58,  25.51,  25.95,  26.09,  25.81,  26.16,  26.63,  27.12,  27.34,  26.99,  26.90,  27.55
20100908, 1200,  , TS, 13.8N,  23.3W,  40, 1005,    0,   45,   45,   30,    0,    0,    0,    0,    0,    0,    0,    0, -999,  28.59,  28.51,  28.08,  27.72,  26.76,  26.79,  27.06,  27.88,  27.83,  27.78,  27.79,  27.96,  27.88,  27.85,  27.88,  26.87,  26.87,  26.97,  26.76,  25.86,  25.75,  26.38,  26.48,  26.24,  26.44,  26.72,  27.30,  27.49,  26.67,  26.55,  27.52
20100908, 1800,  , TS, 13.8N,  23.7W,  40, 1005,    0,   45,   45,   30,    0,    0,    0,    0,    0,    0,    0,    0, -999,  28.28,  28.14,  27.91,  27.73,  26.89,  26.97,  27.67,  28.08,  28.04,  28.03,  28.00,  28.20,  28.06,  28.38,  28.39,  26.92,  26.86,  26.92,  26.80,  26.62,  26.07,  26.50,  26.59,  26.45,  26.65,  26.85,  27.43,  27.51,  26.90,  26.88,  27.37
20100909, 0000,  , TS, 13.8N,  24.1W,  40, 1005,    0,   45,   45,   30,    0,    0,    0,    0,    0,    0,    0,    0, -999,  28.08,  27.96,  27.92,  27.29,  27.29,  27.91,  28.07,  28.01,  27.94,  27.84,  28.14,  28.11,  28.42,  28.52,  27.00,  26.94,  26.87,  26.81,  26.74,  26.24,  26.58,  26.71,  26.65,  26.88,  27.03,  27.43,  27.44,  27.15,  27.13,  27.40,  27.60
20100909, 0600,  , TS, 13.9N,  24.8W,  35, 1005,    0,   45,   45,   30,    0,    0,    0,    0,    0,    0,    0,    0, -999,  28.14,  28.20,  28.24,  27.78,  27.49,  28.07,  28.17,  28.16,  28.09,  27.98,  28.59,  28.56,  28.56,  28.51,  27.16,  27.13,  26.94,  27.04,  27.09,  26.55,  26.56,  26.86,  26.82,  27.02,  27.26,  27.47,  27.38,  27.49,  27.55,  27.51,  27.66
20100909, 1200,  , TD, 14.2N,  25.5W,  30, 1006,    0,    0,    0,    0,    0,    0,    0,    0,    0,    0,    0,    0, -999,  27.95,  28.02,  27.78,  27.38,  26.91,  27.55,  27.91,  27.88,  27.80,  27.77,  28.37,  28.43,  28.38,  28.33,  27.52,  27.55,  27.35,  27.47,  27.50,  27.01,  27.12,  27.30,  27.19,  27.20,  27.38,  27.69,  27.51,  27.24,  27.31,  27.39,  27.64
20100909, 1800,  , TD, 14.7N,  26.4W,  30, 1006,    0,    0,    0,    0,    0,    0,    0,    0,    0,    0,    0,    0, -999,  28.25,  28.41,  28.25,  27.79,  27.12,  27.46,  28.06,  28.16,  27.83,  27.72,  27.98,  28.02,  28.14,  28.15,  27.48,  27.35,  27.33,  27.55,  27.54,  27.49,  27.24,  27.17,  27.02,  27.01,  27.31,  27.56,  27.56,  27.25,  27.42,  27.45,  27.57
20100910, 0000,  , TD, 15.4N,  27.5W,  30, 1004,    0,    0,    0,    0,    0,    0,    0,    0,    0,    0,    0,    0, -999,  28.09,  28.13,  27.87,  27.41,  27.55,  27.93,  28.02,  28.07,  28.09,  28.11,  27.98,  28.00,  27.97,  28.01,  27.17,  27.28,  27.73,  27.72,  27.57,  27.29,  26.66,  26.65,  26.71,  26.96,  26.93,  26.98,  27.03,  27.03,  27.07,  27.29,  27.67
20100910, 0600,  , TD, 15.9N,  28.7W,  30, 1004,    0,    0,    0,    0,    0,    0,    0,    0,    0,    0,    0,    0, -999,  27.99,  28.04,  28.09,  27.26,  27.20,  27.67,  27.75,  27.84,  27.77,  27.87,  27.71,  27.85,  27.90,  27.94,  27.08,  27.04,  27.37,  27.74,  27.68,  27.28,  26.38,  25.97,  25.90,  25.96,  26.51,  26.63,  26.59,  26.63,  26.82,  26.83,  26.92
20100910, 1200,  , TS, 16.3N,  30.4W,  35, 1004,    0,    0,   30,   30,    0,    0,    0,    0,    0,    0,    0,    0, -999,  27.86,  27.66,  27.37,  27.20,  27.37,  27.53,  27.85,  28.07,  27.75,  27.91,  28.08,  28.07,  28.05,  28.10,  27.78,  27.81,  27.77,  28.02,  28.02,  27.24,  26.73,  25.84,  25.16,  24.70,  24.79,  24.88,  25.01,  25.09,  26.21,  26.34,  26.63
20100910, 1800,  , TS, 16.6N,  32.5W,  40, 1002,    0,    0,   40,   40,    0,    0,    0,    0,    0,    0,    0,    0, -999,  27.27,  27.34,  26.39,  26.28,  26.59,  26.80,  27.23,  27.44,  27.49,  27.49,  27.56,  27.73,  27.64,  28.12,  27.82,  27.64,  27.58,  27.53,  27.28,  27.23,  27.61,  27.21,  26.98,  26.79,  26.52,  26.74,  27.24,  27.25,  26.75,  26.45,  26.46
20100911, 0000,  , TS, 16.9N,  34.8W,  50,  999,    0,    0,   40,   40,    0,    0,    0,   20,    0,    0,    0,    0, -999,  27.20,  26.88,  26.80,  26.62,  27.15,  27.61,  27.59,  27.59,  27.56,  27.79,  27.96,  27.95,  28.00,  28.02,  27.94,  27.47,  27.38,  27.25,  27.14,  27.84,  27.71,  27.41,  27.34,  26.88,  26.78,  26.76,  26.79,  26.58,  26.65,  27.02,  27.20
20100911, 0600,  , TS, 17.1N,  37.0W,  60,  995,   40,   40,   40,   40,   20,    0,    0,   20,    0,    0,    0,    0, -999,  26.85,  26.86,  26.82,  26.78,  27.17,  27.38,  27.18,  27.20,  27.11,  27.40,  27.67,  27.78,  28.33,  28.63,  28.45,  27.68,  27.57,  27.60,  27.62,  28.02,  27.86,  27.72,  27.70,  27.16,  27.07,  27.04,  27.14,  26.70,  27.47,  27.51,  27.62
20100911, 1200,  , TS, 17.3N,  38.7W,  60,  995,  100,   60,   60,  100,   45,   30,    0,   30,    0,    0,    0,    0, -999,  27.14,  27.15,  27.25,  27.26,  27.09,  27.32,  27.41,  27.36,  27.26,  27.34,  27.63,  27.82,  28.02,  28.11,  28.22,  27.91,  27.70,  27.48,  27.42,  27.45,  27.46,  27.59,  27.55,  27.14,  27.34,  27.05,  27.08,  27.09,  27.52,  27.52,  27.71
20100911, 1800,  , TS, 17.4N,  40.4W,  60,  995,  100,   60,   60,  100,   45,   30,    0,   30,    0,    0,    0,    0, -999,  27.42,  27.44,  27.71,  27.48,  27.13,  27.46,  27.63,  27.51,  27.25,  27.28,  27.65,  27.93,  27.97,  28.07,  28.30,  27.98,  27.83,  27.69,  27.65,  27.56,  27.50,  27.58,  27.40,  27.12,  27.49,  27.17,  27.10,  26.92,  27.30,  27.58,  27.57
20100912, 0000,  , HU, 17.6N,  42.0W,  65,  987,  100,   60,   60,  100,   45,   30,   20,   30,   15,    0,    0,   15, -999,  27.79,  27.84,  28.02,  27.85,  27.94,  28.08,  27.76,  27.59,  27.43,  28.14,  28.26,  28.22,  27.83,  28.18,  28.05,  28.08,  27.77,  27.69,  27.67,  27.76,  27.77,  27.43,  26.94,  27.18,  26.71,  26.97,  27.46,  27.42,  27.59,  27.84,  27.90
20100912, 0600,  , HU, 17.7N,  43.5W,  70,  985,  100,   60,   60,  100,   45,   30,   20,   30,   15,    0,    0,   15, -999,  28.06,  28.17,  28.24,  27.99,  27.96,  27.82,  27.79,  27.63,  27.95,  28.36,  28.41,  28.40,  28.40,  28.34,  28.15,  27.71,  27.55,  27.53,  27.85,  27.88,  28.03,  27.89,  27.42,  27.73,  27.16,  27.38,  28.15,  27.98,  28.03,  28.10,  28.16
20100912, 1200,  , HU, 17.7N,  44.9W,  90,  970,  120,   80,   80,  120,   50,   40,   30,   40,   30,   15,   15,   20, -999,  27.96,  28.10,  28.13,  27.98,  28.04,  28.16,  28.12,  27.74,  28.11,  28.37,  28.37,  28.32,  28.42,  28.41,  28.39,  28.29,  27.83,  27.53,  27.73,  27.81,  27.91,  27.96,  27.90,  27.82,  27.43,  27.74,  28.09,  28.17,  28.16,  28.12,  27.95
20100912, 1800,  , HU, 17.7N,  46.1W, 115,  948,  140,  110,   90,  130,   70,   60,   40,   60,   30,   30,   15,   30, -999,  27.52,  27.80,  27.86,  27.92,  28.05,  28.30,  28.34,  27.97,  28.29,  28.33,  28.42,  28.26,  28.19,  28.04,  28.22,  28.19,  28.16,  28.14,  27.66,  27.48,  27.79,  27.71,  27.26,  27.15,  27.29,  27.57,  27.76,  27.86,  27.95,  28.05,  27.94
20100913, 0000,  , HU, 17.7N,  47.3W, 130,  935,  140,  110,   90,  130,   70,   60,   40,   60,   30,   30,   15,   30, -999,  28.16,  28.19,  28.05,  28.13,  28.34,  28.30,  28.21,  28.42,  28.47,  28.49,  28.44,  28.34,  28.30,  28.40,  28.24,  28.21,  28.24,  27.13,  27.67,  28.23,  28.27,  27.55,  27.37,  27.68,  27.74,  28.01,  28.03,  28.08,  28.15,  28.05,  27.96
20100913, 0600,  , HU, 17.6N,  48.3W, 130,  935,  150,  140,   90,  130,   70,   60,   50,   60,   30,   30,   15,   30, -999,  28.21,  28.41,  28.27,  28.30,  28.49,  28.41,  28.58,  28.71,  28.69,  28.51,  28.27,  28.33,  28.48,  28.42,  28.35,  28.30,  28.32,  27.43,  27.97,  28.34,  28.34,  27.80,  27.73,  27.88,  27.86,  28.16,  28.27,  28.36,  28.40,  28.31,  28.21
20100913, 1200,  , HU, 17.6N,  49.3W, 130,  933,  150,  140,  100,  130,   80,   60,   50,   80,   45,   30,   30,   45, -999,  28.32,  28.42,  28.09,  28.11,  28.45,  28.42,  28.66,  28.72,  28.77,  28.78,  28.77,  28.38,  28.74,  28.65,  28.69,  28.54,  26.89,  26.50,  26.94,  27.08,  27.17,  27.10,  27.31,  27.57,  27.86,  28.09,  28.11,  28.27,  28.43,  28.46,  28.34
20100913, 1800,  , HU, 17.6N,  50.2W, 125,  937,  180,  140,  110,  140,   90,   70,   60,   80,   45,   30,   30,   45, -999,  28.54,  28.59,  28.16,  28.14,  28.32,  28.58,  28.81,  28.82,  28.89,  28.84,  28.81,  28.72,  28.79,  28.64,  28.67,  28.30,  27.02,  26.50,  26.80,  27.02,  27.40,  27.28,  27.32,  27.60,  27.93,  28.00,  28.02,  28.15,  28.33,  28.35,  27.96
20100914, 0000,  , HU, 17.7N,  50.9W, 125,  937,  180,  140,  110,  140,   90,   70,   60,   80,   45,   30,   30,   45, -999,  28.24,  28.19,  28.34,  28.64,  28.96,  28.97,  28.92,  28.94,  28.93,  28.89,  28.98,  28.98,  28.90,  28.91,  28.81,  28.43,  27.60,  27.27,  27.48,  27.71,  27.54,  27.34,  27.58,  27.73,  27.82,  27.92,  28.04,  28.16,  28.08,  27.47,  27.56
20100914, 0600,  , HU, 17.9N,  51.5W, 115,  945,  180,  140,  110,  140,   90,   70,   60,   80,   45,   30,   30,   45, -999,  28.03,  28.07,  28.15,  28.48,  28.81,  28.75,  28.69,  28.69,  28.69,  28.70,  28.90,  28.91,  28.75,  28.73,  28.69,  28.23,  27.51,  27.04,  27.26,  27.21,  27.08,  26.89,  27.14,  27.37,  27.55,  27.71,  27.83,  27.94,  27.81,  27.46,  27.57
20100914, 1200,  , HU, 18.2N,  52.1W, 115,  945,  180,  140,  110,  140,   90,   70,   60,   80,   45,   30,   30,   45, -999,  27.94,  28.01,  28.09,  28.32,  28.61,  28.62,  28.54,  28.57,  28.54,  28.50,  28.85,  29.01,  29.01,  29.00,  28.98,  28.95,  28.72,  28.02,  27.97,  27.77,  27.63,  27.19,  27.47,  27.79,  27.68,  27.75,  27.86,  27.81,  27.68,  27.56,  27.71
20100914, 1800,  , HU, 18.6N,  52.8W, 125,  933,  210,  150,  130,  160,   90,   70,   60,   90,   45,   30,   30,   45, -999,  28.15,  28.12,  27.96,  28.20,  28.75,  29.01,  28.85,  28.99,  28.86,  28.68,  28.93,  29.05,  29.17,  29.12,  29.07,  29.02,  28.79,  28.01,  27.39,  27.24,  27.13,  26.34,  26.53,  26.76,  26.81,  26.98,  27.29,  27.44,  27.25,  27.07,  27.23
20100915, 0000,  , HU, 18.9N,  53.5W, 135,  924,  210,  150,  130,  160,  100,   70,   60,   90,   45,   30,   30,   45, -999,  28.25,  28.00,  28.12,  28.73,  28.91,  28.62,  28.84,  28.74,  28.70,  28.89,  28.93,  29.06,  29.07,  29.02,  28.99,  28.97,  28.51,  27.90,  27.75,  27.32,  26.46,  26.67,  26.98,  27.09,  27.25,  27.50,  27.63,  27.35,  27.15,  27.26,  27.25
20100915, 0600,  , HU, 19.2N,  54.1W, 125,  935,  210,  150,  130,  160,  100,   80,   60,   90,   45,   30,   30,   45, -999,  28.91,  28.32,  28.33,  28.89,  28.94,  28.52,  28.53,  28.63,  28.78,  28.76,  28.79,  28.92,  28.93,  28.98,  29.03,  28.78,  28.43,  27.76,  28.02,  27.32,  26.43,  26.71,  27.32,  27.59,  27.70,  28.00,  28.04,  27.76,  27.72,  27.75,  27.79
20100915, 1200,  , HU, 19.5N,  54.7W, 115,  945,  210,  150,  130,  160,  100,   80,   60,   90,   45,   30,   30,   45, -999,  29.26,  28.54,  28.55,  29.15,  29.20,  28.88,  28.63,  28.90,  29.05,  28.97,  29.03,  29.15,  29.14,  29.17,  29.16,  28.85,  28.76,  27.58,  27.62,  27.25,  26.40,  26.69,  27.24,  27.66,  27.82,  28.12,  28.02,  27.98,  27.98,  27.90,  27.91
20100915, 1800,  , HU, 19.8N,  55.3W, 115,  942,  210,  175,  140,  175,  120,   80,   60,  100,   45,   45,   30,   45, -999,  29.12,  28.49,  28.55,  29.22,  29.35,  29.24,  28.84,  29.07,  29.34,  29.23,  29.21,  29.23,  29.23,  29.15,  29.13,  29.00,  28.97,  27.16,  26.98,  26.98,  26.62,  26.39,  26.91,  27.29,  27.49,  27.69,  27.69,  27.86,  27.74,  27.65,  27.69
20100916, 0000,  , HU, 20.1N,  56.0W, 120,  936,  240,  210,  180,  210,  120,   90,   80,  100,   60,   45,   45,   60, -999,  28.82,  28.77,  29.28,  29.49,  29.42,  29.03,  28.99,  29.25,  29.15,  29.08,  29.06,  29.17,  29.30,  29.30,  29.16,  29.13,  27.36,  27.49,  27.76,  27.32,  26.84,  27.40,  27.66,  27.80,  27.81,  28.16,  28.40,  28.39,  28.33,  28.24,  28.14
20100916, 0600,  , HU, 20.4N,  56.5W, 125,  929,  240,  210,  180,  210,  130,   90,   80,  110,   60,   45,   45,   60, -999,  28.59,  28.71,  29.08,  29.33,  29.42,  29.17,  29.11,  29.27,  29.18,  29.06,  28.99,  29.10,  29.17,  29.02,  28.96,  28.97,  27.26,  27.40,  27.43,  26.57,  26.49,  26.95,  27.32,  27.55,  27.47,  28.03,  28.38,  28.37,  28.30,  28.20,  28.13
20100916, 1200,  , HU, 20.8N,  57.1W, 120,  934,  240,  210,  180,  210,  130,   90,   80,  110,   60,   45,   45,   60, -999,  28.65,  28.73,  28.92,  29.14,  29.40,  29.27,  29.10,  29.17,  29.09,  29.05,  28.89,  29.16,  29.12,  29.03,  28.99,  28.98,  27.39,  27.36,  27.21,  26.72,  26.49,  26.78,  26.86,  27.08,  26.92,  27.40,  27.76,  27.70,  27.54,  27.59,  27.60
20100916, 1800,  , HU, 21.4N,  57.8W, 115,  940,  250,  210,  180,  225,  140,  110,  100,  120,   90,   60,   45,   75, -999,  28.47,  28.55,  28.72,  29.18,  29.28,  29.07,  29.00,  29.17,  29.08,  29.06,  28.98,  29.17,  29.08,  29.08,  29.11,  29.12,  27.31,  27.30,  27.02,  26.70,  26.06,  26.47,  26.59,  26.75,  26.55,  26.95,  27.24,  27.37,  27.35,  27.34,  27.31
20100917, 0000,  , HU, 21.8N,  58.4W, 115,  935,  250,  210,  180,  225,  140,  110,  100,  120,   90,   60,   45,   75, -999,  29.08,  29.10,  29.65,  29.57,  29.26,  29.17,  29.33,  29.26,  29.32,  29.27,  29.31,  29.30,  29.18,  29.18,  29.10,  27.69,  27.13,  26.98,  26.75,  26.08,  26.34,  26.77,  26.99,  27.12,  27.25,  27.18,  27.30,  27.33,  27.20,  27.10,  26.91
20100917, 0600,  , HU, 22.2N,  59.1W, 110,  935,  250,  210,  180,  240,  140,  110,  100,  120,   90,   60,   45,   75, -999,  28.59,  28.75,  29.46,  29.51,  29.38,  29.23,  29.33,  29.21,  29.18,  29.17,  29.19,  29.19,  29.07,  29.14,  29.13,  27.62,  27.01,  26.99,  26.57,  25.93,  26.01,  26.60,  26.74,  26.80,  26.93,  27.06,  27.19,  27.20,  27.09,  26.95,  26.79
20100917, 1200,  , HU, 22.8N,  59.9W, 100,  945,  250,  210,  180,  240,  140,  110,  100,  120,   90,   60,   45,   75, -999,  28.25,  28.41,  29.11,  29.26,  29.17,  29.05,  29.16,  29.16,  29.11,  29.03,  29.07,  29.13,  29.04,  28.98,  28.99,  27.66,  27.02,  27.15,  26.97,  26.16,  26.07,  26.85,  27.05,  27.15,  27.28,  27.26,  27.36,  27.44,  27.33,  27.23,  26.95
20100917, 1800,  , HU, 23.5N,  60.7W,  90,  947,  300,  210,  200,  240,  160,  110,  130,  120,   90,   60,   45,   75, -999,  28.30,  28.42,  28.83,  29.17,  29.25,  29.02,  29.21,  29.24,  29.21,  29.06,  29.04,  29.24,  29.26,  29.14,  29.06,  29.02,  26.93,  26.82,  26.90,  26.41,  26.18,  26.84,  26.72,  26.66,  26.95,  27.04,  27.12,  27.20,  27.20,  27.16,  26.93
20100918, 0000,  , HU, 24.2N,  61.6W,  90,  947,  300,  210,  200,  240,  160,  110,  130,  120,   90,   60,   45,   75, -999,  28.63,  29.20,  29.33,  29.36,  29.30,  29.36,  29.45,  29.38,  29.09,  29.10,  29.53,  29.46,  29.17,  29.04,  29.06,  27.50,  27.59,  27.67,  27.59,  27.68,  27.72,  27.42,  27.18,  27.45,  27.48,  27.52,  27.56,  27.48,  27.30,  27.42,  27.23
20100918, 0600,  , HU, 24.9N,  62.5W,  85,  939,  300,  210,  200,  240,  160,  110,  130,  130,   90,   60,   45,   75, -999,  28.56,  28.84,  29.16,  29.20,  28.93,  29.01,  29.11,  29.15,  29.05,  29.11,  29.53,  29.58,  29.41,  29.28,  29.24,  28.11,  26.78,  26.69,  26.48,  26.63,  26.75,  26.73,  26.63,  26.55,  26.42,  26.53,  26.75,  26.76,  26.70,  27.17,  27.19
20100918, 1200,  , HU, 25.7N,  63.3W,  85,  939,  300,  210,  200,  240,  160,  110,  130,  130,   90,   60,   45,   75, -999,  28.49,  28.77,  28.95,  28.97,  28.85,  28.93,  28.96,  29.18,  29.03,  29.17,  29.36,  29.56,  29.43,  29.15,  29.04,  28.72,  26.35,  26.38,  27.08,  26.69,  26.43,  26.36,  26.62,  26.79,  26.92,  27.03,  27.13,  27.06,  27.02,  27.24,  27.27
20100918, 1800,  , HU, 26.6N,  64.0W,  80,  945,  300,  225,  200,  240,  160,  110,  110,  130,   80,   50,   45,   75, -999,  28.79,  28.76,  28.81,  28.84,  28.69,  28.61,  28.45,  28.70,  28.75,  28.71,  28.64,  28.54,  28.53,  28.59,  28.57,  28.34,  26.35,  26.51,  26.93,  26.74,  26.61,  26.81,  26.94,  26.91,  26.92,  26.87,  26.95,  26.61,  26.38,  26.60,  27.06
20100919, 0000,  , HU, 27.5N,  64.6W,  80,  945,  300,  225,  200,  240,  160,  110,  110,  150,   80,   45,   45,   75, -999,  28.36,  28.57,  28.60,  28.45,  28.41,  28.25,  28.29,  28.37,  28.31,  28.52,  28.90,  28.70,  28.40,  28.22,  28.15,  25.82,  25.71,  25.74,  25.72,  25.68,  26.04,  26.22,  26.22,  26.45,  26.55,  26.62,  26.42,  26.18,  26.61,  26.83,  26.94
20100919, 0600,  , HU, 28.4N,  65.2W,  75,  949,  300,  225,  200,  260,  160,  130,  120,  140,   75,   45,   60,   75, -999,  28.23,  28.51,  28.57,  28.43,  28.40,  28.57,  28.64,  28.31,  28.08,  28.44,  28.80,  28.86,  28.59,  28.44,  28.42,  26.34,  26.34,  26.19,  25.76,  25.58,  25.60,  25.69,  25.65,  25.80,  26.02,  26.08,  26.08,  26.07,  26.17,  26.45,  26.76
20100919, 1200,  , HU, 29.6N,  65.6W,  75,  949,  300,  250,  200,  300,  160,  130,  120,  140,   75,   45,   60,   75, -999,  28.12,  28.37,  28.46,  28.59,  28.65,  28.63,  28.56,  28.25,  27.97,  28.12,  28.07,  28.42,  28.24,  28.00,  27.69,  26.51,  25.96,  25.56,  25.46,  25.40,  25.47,  25.48,  25.41,  25.58,  25.67,  25.77,  25.76,  25.81,  25.95,  26.27,  26.36
20100919, 1800,  , HU, 30.8N,  65.9W,  70,  952,  300,  250,  200,  300,  180,  150,  120,  150,   75,   60,   60,   75, -999,  28.54,  28.66,  28.67,  28.83,  28.84,  28.80,  28.72,  28.18,  28.22,  28.43,  28.31,  28.56,  28.32,  27.99,  27.91,  26.62,  25.68,  25.55,  25.69,  25.63,  25.53,  25.61,  25.62,  25.75,  25.78,  25.70,  25.68,  25.65,  26.24,  26.69,  26.26
20100920, 0000,  , HU, 31.9N,  65.7W,  65,  953,  300,  250,  200,  300,  180,  150,  120,  150,   75,   60,   75,   75, -999,  28.58,  28.58,  28.49,  28.52,  28.65,  28.56,  28.22,  28.08,  27.86,  27.61,  27.98,  27.92,  27.72,  27.61,  27.11,  26.06,  25.87,  25.74,  25.65,  25.63,  25.58,  25.63,  25.83,  25.79,  25.82,  25.75,  25.34,  26.10,  26.41,  25.98,  26.10
20100920, 0600,  , HU, 33.2N,  65.2W,  65,  957,  350,  300,  250,  300,  180,  150,  120,  160,   75,   50,   75,   75, -999,  28.27,  28.35,  28.22,  28.33,  28.34,  28.18,  27.92,  27.73,  27.52,  27.50,  27.57,  27.33,  27.35,  27.26,  27.21,  26.72,  26.08,  25.98,  25.78,  25.85,  25.82,  25.75,  25.75,  25.77,  25.84,  25.85,  25.35,  25.70,  25.83,  25.81,  25.98
20100920, 1200,  , HU, 35.1N,  64.2W,  65,  960,  350,  300,  250,  300,  180,  150,  120,  160,   75,   50,   75,   75, -999,  28.09,  28.14,  28.15,  28.25,  28.05,  27.74,  27.39,  27.30,  27.21,  27.01,  27.48,  27.19,  27.02,  26.87,  26.83,  26.46,  26.37,  26.36,  26.31,  26.23,  26.30,  26.59,  26.64,  26.48,  26.28,  26.36,  26.51,  26.65,  26.64,  26.46,  26.36
20100920, 1800,  , HU, 37.2N,  62.6W,  65,  960,  350,  300,  250,  300,  180,  150,  120,  160,   75,   45,   60,   75, -999,  27.82,  27.89,  27.27,  27.03,  26.99,  26.74,  26.62,  26.44,  26.57,  26.43,  26.74,  26.55,  26.67,  26.86,  26.72,  26.41,  26.06,  26.12,  26.07,  25.84,  25.84,  25.93,  26.15,  26.52,  27.21,  27.73,  27.74,  27.16,  26.71,  26.69,  27.42
20100921, 0000,  , HU, 39.0N,  60.4W,  65,  960,  400,  350,  300,  350,  200,  180,  140,  160,   75,   45,   60,   75, -999,  26.36,  26.40,  26.57,  26.55,  26.27,  26.26,  26.20,  26.53,  26.54,  26.21,  26.12,  26.15,  26.38,  26.47,  26.12,  25.79,  25.25,  25.05,  25.19,  25.33,  25.51,  25.79,  26.23,  26.71,  27.06,  27.03,  26.60,  26.56,  26.54,  26.63,  26.64
20100921, 0600,  , HU, 41.5N,  57.0W,  65,  960,  400,  350,  300,  350,  210,  180,  140,  160,   75,   45,   60,   75, -999,  23.33,  22.95,  22.57,  22.45,  23.45,  23.59,  23.52,  23.94,  24.23,  24.16,  24.16,  23.96,  23.92,  23.90,  23.50,  22.30,  22.20,  22.41,  22.90,  22.82,  22.32,  22.02,  22.24,  22.41,  22.47,  22.40,  22.55,  22.66,  22.60,  23.14,  23.02
20100921, 1200,  , HU, 44.8N,  54.4W,  65,  955,  400,  350,  350,  350,  200,  180,  140,  160,   75,   45,   60,   75, -999,  18.15,  18.08,  17.72,  17.69,  17.78,  17.84,  17.90,  17.81,  17.55,  17.40,  17.19,  16.95,  16.83,  16.64,  16.54,  15.65,  12.66,  12.60,  12.77,  12.23,  12.35,  12.57,  12.47,  13.24,  15.29,  15.41,  13.32,  12.99,  12.90,  12.40,  12.34
20100921, 1500, L, HU, 46.6N,  53.2W,  75,  950,  400,  350,  350,  350,  200,  180,  140,  160,   75,   45,   60,   75, -999,  15.88,  15.64,  15.20,  14.95,  14.34,  14.51,  14.38,  13.67,  13.89,  13.83,  13.55,  13.63,  14.39,  14.79,  14.74,  12.85,  11.19,  11.11,   9.97,   9.65,   8.79,   8.51,   8.30,   8.31,   8.32,   8.28,   8.88,   9.16,   9.15,   8.89,   9.10
20100921, 1800,  , EX, 48.5N,  52.1W,  75,  950,  450,  400,  350,  400,  220,  210,  160,  180,    0,   75,   75,   75, -999,  14.60,  14.37,  13.95,  13.30,  12.78,  12.65,  12.41,  11.49,  11.63,  11.74,  12.33,  12.04,  11.62,  11.31,  11.02,   8.98,   5.92,   6.19,   5.97,   5.92,   6.07,   6.35,   6.33,   6.36,   6.35,   6.33,   7.85,   8.10,   8.37,   8.51,   8.00
20100922, 0000,  , EX, 51.5N,  50.5W,  75,  950,  450,  400,  350,  400,  220,  210,  160,  180,    0,   75,   75,   75, -999,  10.51,  10.47,  10.11,  10.08,   9.50,   9.49,   9.69,   9.65,   9.56,   9.48,   9.20,   9.44,   9.69,   9.75,   7.37,   7.46,   7.06,   6.35,   6.30,   6.19,   5.81,   5.35,   5.26,   5.13,   5.23,   6.47,   5.56,   4.97,   4.79,   4.99,   4.87
20100922, 0600,  , EX, 53.5N,  49.5W,  70,  950,  450,  400,  350,  400,  220,  210,  160,  180,    0,   75,   75,   75, -999,  11.89,  11.59,  11.78,  11.39,  11.30,  11.95,  12.03,  11.96,  11.87,  11.81,  11.05,  11.13,  11.19,  11.21,  10.96,  10.14,   9.86,  10.05,  10.35,  10.20,  10.27,  10.84,  10.86,  10.48,  10.22,  10.20,  10.41,  10.61,  10.54,  10.14,   9.64
20100922, 1200,  , EX, 55.5N,  49.4W,  70,  950,  450,  400,  350,  400,  220,  240,  160,  180,    0,   75,   75,   75, -999,  11.65,  11.10,  11.11,  11.11,  11.16,  11.41,  11.52,  11.49,  11.36,  11.27,  11.14,  10.66,  11.05,  11.30,  10.35,  10.26,  10.37,  10.55,   9.93,   9.78,   9.90,   9.82,  10.00,   9.77,   9.29,   9.24,   9.37,   9.69,   9.64,   9.35,   9.11
20100922, 1800,  , EX, 57.0N,  50.0W,  65,  955,  450,  400,  350,  400,  220,  240,  160,  180,    0,   75,   75,   75, -999,  11.25,  11.48,  11.50,  11.33,  11.00,  11.04,  11.21,  11.22,  10.95,  10.71,  10.69,  10.22,  10.17,  10.11,   9.90,   9.95,  10.11,  10.08,   9.71,   9.31,   9.22,   9.35,   9.53,   9.55,   9.52,   8.81,   8.80,   9.17,   9.08,   8.82,   8.46
20100923, 0000,  , EX, 58.5N,  51.0W,  60,  960,  450,  400,  350,  400,  220,  240,  160,  180,    0,    0,    0,    0, -999,  10.88,  10.92,  10.74,  10.33,  10.01,  10.48,  10.63,  10.61,  10.65,  10.66,  10.15,   9.98,   9.81,   9.72,   9.40,   9.41,   9.40,   9.27,   9.02,   9.02,   9.09,   9.30,   9.13,   8.89,   8.73,   8.63,   8.55,   8.38,   8.05,   7.88,   7.78
