AL111987,            UNNAMED,     17,
19870913, 1200,  , TD, 14.0N,  54.0W,  25, -999, -999, -999, -999, -999, -999, -999, -999, -999, -999, -999, -999, -999, -999,  28.24,  27.94,  27.77,  28.17,  28.32,  28.42,  27.57,  27.29,  27.48,  28.46,  28.53,  28.45,  28.50,  28.17,  28.07,  28.46,  28.55,  28.69,  28.06,  28.10,  28.15,  28.40,  27.88,  27.79,  28.58,  28.61,  28.79,  28.67,  27.56,  27.52,  27.55
19870913, 1800,  , TD, 14.7N,  54.8W,  25, -999, -999, -999, -999, -999, -999, -999, -999, -999, -999, -999, -999, -999, -999,  28.27,  27.95,  27.74,  27.81,  28.05,  27.86,  27.16,  27.38,  27.58,  28.74,  28.93,  28.56,  28.06,  27.97,  27.47,  27.43,  27.73,  28.07,  28.25,  28.36,  28.45,  28.34,  28.42,  28.56,  28.69,  28.52,  28.48,  28.36,  27.40,  27.31,  27.34
19870914, 0000,  , TD, 15.0N,  55.5W,  30, -999, -999, -999, -999, -999, -999, -999, -999, -999, -999, -999, -999, -999, -999,  28.40,  28.29,  28.33,  28.30,  27.91,  27.46,  27.57,  27.67,  28.72,  28.98,  28.33,  28.22,  28.18,  27.68,  27.90,  28.55,  28.76,  29.00,  28.72,  29.02,  29.06,  28.98,  28.63,  28.67,  28.67,  28.64,  28.07,  27.46,  27.45,  27.59,  28.14
19870914, 0600,  , TD, 15.5N,  56.1W,  30, -999, -999, -999, -999, -999, -999, -999, -999, -999, -999, -999, -999, -999, -999,  28.69,  28.72,  29.03,  28.51,  28.31,  28.19,  27.41,  27.51,  28.57,  28.79,  27.98,  28.03,  28.00,  27.53,  27.78,  28.44,  28.59,  28.76,  28.69,  29.23,  29.15,  29.12,  28.59,  28.57,  28.58,  28.66,  28.00,  27.60,  27.65,  27.70,  28.34
19870914, 1200,  , TD, 16.0N,  57.0W,  30, -999, -999, -999, -999, -999, -999, -999, -999, -999, -999, -999, -999, -999, -999,  28.67,  28.58,  28.46,  28.16,  28.25,  28.66,  27.49,  27.03,  28.25,  28.58,  28.06,  27.90,  28.10,  28.37,  27.75,  27.70,  27.69,  27.64,  28.12,  28.68,  28.77,  28.79,  28.28,  28.47,  28.72,  28.69,  28.56,  28.54,  28.48,  28.40,  28.29
19870914, 1800,  , TD, 16.5N,  57.8W,  30, -999, -999, -999, -999, -999, -999, -999, -999, -999, -999, -999, -999, -999, -999,  28.38,  28.28,  28.14,  28.13,  28.38,  28.71,  27.40,  26.84,  27.70,  28.50,  28.61,  28.48,  28.40,  28.92,  27.95,  27.72,  27.64,  27.56,  28.45,  28.53,  28.85,  28.90,  27.78,  27.70,  28.33,  28.56,  29.09,  29.25,  29.10,  28.86,  28.41
19870915, 0000,  , TD, 17.0N,  58.5W,  30, -999, -999, -999, -999, -999, -999, -999, -999, -999, -999, -999, -999, -999, -999,  28.20,  27.98,  27.95,  28.07,  27.62,  26.93,  26.80,  26.73,  28.24,  28.49,  28.15,  27.76,  28.08,  27.55,  27.38,  27.27,  27.24,  28.85,  28.97,  28.94,  28.86,  28.01,  27.62,  28.37,  28.69,  29.22,  29.29,  29.14,  28.98,  28.66,  28.67
19870915, 0600,  , TD, 17.5N,  59.2W,  30, -999, -999, -999, -999, -999, -999, -999, -999, -999, -999, -999, -999, -999, -999,  28.94,  28.95,  28.63,  28.47,  27.96,  27.37,  27.35,  27.21,  28.71,  28.63,  28.32,  28.19,  28.14,  28.26,  28.30,  27.99,  28.04,  28.96,  29.01,  29.01,  29.09,  28.65,  27.86,  28.59,  28.75,  28.76,  28.77,  28.77,  28.60,  28.57,  28.64
19870915, 1200,  , TD, 18.0N,  60.0W,  30, -999, -999, -999, -999, -999, -999, -999, -999, -999, -999, -999, -999, -999, -999,  28.92,  28.60,  28.84,  28.89,  28.31,  27.01,  26.96,  26.80,  28.59,  28.65,  28.64,  28.16,  28.25,  28.43,  28.27,  28.21,  28.71,  29.20,  29.07,  28.81,  28.63,  28.39,  27.76,  28.54,  28.71,  28.76,  28.74,  28.62,  28.60,  28.61,  28.66
19870915, 1800,  , TD, 18.5N,  60.8W,  25, -999, -999, -999, -999, -999, -999, -999, -999, -999, -999, -999, -999, -999, -999,  28.67,  28.47,  28.68,  28.87,  28.20,  27.21,  27.20,  27.33,  28.47,  28.43,  28.58,  28.19,  28.17,  28.45,  28.75,  28.83,  28.22,  28.47,  28.58,  28.65,  28.84,  28.64,  28.20,  28.65,  28.75,  28.76,  28.73,  28.66,  28.65,  28.64,  28.69
19870916, 0000,  , TD, 19.0N,  61.8W,  25, -999, -999, -999, -999, -999, -999, -999, -999, -999, -999, -999, -999, -999, -999,  28.49,  28.55,  28.84,  28.41,  27.64,  27.57,  28.16,  28.59,  28.65,  28.75,  28.49,  28.55,  28.80,  29.00,  29.06,  28.27,  28.28,  28.55,  28.61,  28.83,  28.56,  28.35,  27.78,  27.78,  27.87,  28.10,  28.46,  28.53,  28.51,  28.56,  28.66
19870916, 0600,  , TD, 19.5N,  62.7W,  25, -999, -999, -999, -999, -999, -999, -999, -999, -999, -999, -999, -999, -999, -999,  28.65,  28.66,  28.58,  28.66,  28.68,  28.56,  28.77,  28.59,  28.63,  28.78,  28.65,  28.50,  28.62,  28.76,  28.82,  28.43,  28.62,  28.74,  28.64,  28.91,  28.95,  28.69,  27.97,  28.04,  28.31,  28.80,  28.90,  28.67,  28.55,  28.86,  29.01
19870916, 1200,  , TD, 20.0N,  63.5W,  25, -999, -999, -999, -999, -999, -999, -999, -999, -999, -999, -999, -999, -999, -999,  28.85,  28.84,  28.94,  28.94,  28.93,  28.92,  29.21,  28.79,  28.79,  28.94,  28.91,  28.75,  28.86,  28.93,  28.98,  28.42,  28.48,  28.74,  28.67,  28.84,  29.13,  29.12,  28.27,  28.32,  28.26,  28.59,  28.70,  28.98,  29.01,  29.06,  29.05
19870916, 1800,  , TD, 20.5N,  63.9W,  20, -999, -999, -999, -999, -999, -999, -999, -999, -999, -999, -999, -999, -999, -999,  28.86,  29.01,  29.06,  29.17,  29.17,  29.16,  29.21,  28.82,  28.84,  28.95,  28.97,  28.77,  28.91,  28.93,  28.70,  28.49,  28.59,  28.70,  28.79,  28.94,  29.49,  29.65,  29.15,  28.93,  28.56,  28.60,  28.63,  29.21,  29.26,  29.24,  29.12
19870917, 0000,  , TD, 21.0N,  64.0W,  20, -999, -999, -999, -999, -999, -999, -999, -999, -999, -999, -999, -999, -999, -999,  29.06,  29.08,  29.15,  29.18,  29.06,  29.01,  28.66,  28.68,  28.80,  28.96,  28.76,  28.82,  28.85,  28.48,  28.34,  28.48,  28.60,  28.76,  28.91,  29.57,  29.74,  29.72,  29.48,  28.89,  28.74,  28.75,  29.22,  29.23,  29.21,  29.05,  29.11
19870917, 0600,  , TD, 21.5N,  64.0W,  20, -999, -999, -999, -999, -999, -999, -999, -999, -999, -999, -999, -999, -999, -999,  29.06,  29.10,  29.00,  28.98,  28.84,  28.63,  28.61,  28.68,  28.83,  29.08,  29.05,  28.94,  28.91,  28.33,  28.32,  28.54,  28.65,  28.75,  28.90,  29.52,  29.64,  29.61,  29.49,  29.09,  28.81,  28.96,  29.17,  29.12,  29.09,  28.91,  28.94
19870917, 1200,  , TD, 22.0N,  64.0W,  15, -999, -999, -999, -999, -999, -999, -999, -999, -999, -999, -999, -999, -999, -999,  29.11,  29.19,  29.00,  28.95,  28.88,  28.61,  28.67,  28.81,  29.09,  29.32,  29.45,  29.27,  29.16,  28.53,  28.59,  28.66,  28.72,  28.77,  28.91,  29.34,  29.45,  29.19,  29.20,  29.10,  29.04,  29.35,  29.35,  29.25,  29.20,  29.06,  29.05
