AL112016,              JULIA,     33,
20160913, 0600, L, TD, 27.3N,  80.2W,  30, 1010,    0,    0,    0,    0,    0,    0,    0,    0,    0,    0,    0,    0, -999,  29.05,  28.68,  28.18,  27.93,  27.74,  28.00,  27.98,  27.91,  28.11,  28.20,  28.28,  28.51,  28.78,  29.11,  29.11,  28.72,  29.08,  29.35,  29.05,  28.74,  28.82,  28.82,  28.90,  29.50,  29.70,  29.64,  29.43,  29.08,  29.28,  29.44,  29.31
20160913, 1200,  , TS, 28.0N,  80.7W,  35, 1010,   40,   40,    0,    0,    0,    0,    0,    0,    0,    0,    0,    0, -999,    nan,    nan,    nan,    nan,    nan,    nan,    nan,    nan,    nan,    nan,    nan,    nan,    nan,    nan,    nan,    nan,    nan,    nan,    nan,    nan,    nan,    nan,    nan,    nan,    nan,    nan,    nan,    nan,    nan,    nan,    nan
20160913, 1800,  , TS, 29.0N,  81.2W,  45, 1010,   50,   50,    0,    0,    0,    0,    0,    0,    0,    0,    0,    0, -999,    nan,    nan,    nan,    nan,    nan,    nan,    nan,    nan,    nan,    nan,    nan,    nan,    nan,    nan,    nan,    nan,    nan,    nan,    nan,    nan,    nan,    nan,    nan,    nan,    nan,    nan,    nan,    nan,    nan,    nan,    nan
20160914, 0000,  , TS, 29.8N,  81.5W,  45, 1010,   50,   50,    0,    0,    0,    0,    0,    0,    0,    0,    0,    0, -999,    nan,    nan,    nan,    nan,    nan,    nan,    nan,    nan,    nan,    nan,    nan,    nan,    nan,    nan,    nan,    nan,    nan,    nan,    nan,    nan,    nan,    nan,    nan,    nan,    nan,    nan,    nan,    nan,    nan,    nan,    nan
20160914, 0600,  , TS, 30.5N,  81.7W,  40, 1011,   70,    0,    0,    0,    0,    0,    0,    0,    0,    0,    0,    0, -999,    nan,    nan,    nan,    nan,    nan,    nan,    nan,    nan,    nan,    nan,    nan,    nan,    nan,    nan,    nan,    nan,    nan,    nan,    nan,    nan,    nan,    nan,    nan,    nan,    nan,    nan,    nan,    nan,    nan,    nan,    nan
20160914, 1200,  , TS, 31.3N,  81.5W,  40, 1011,  100,    0,    0,    0,    0,    0,    0,    0,    0,    0,    0,    0, -999,    nan,    nan,    nan,    nan,    nan,    nan,    nan,    nan,    nan,    nan,    nan,    nan,    nan,    nan,    nan,    nan,    nan,    nan,    nan,    nan,    nan,    nan,    nan,    nan,    nan,    nan,    nan,    nan,    nan,    nan,    nan
20160914, 1800,  , TS, 31.8N,  80.7W,  40, 1009,  100,    0,    0,   60,    0,    0,    0,    0,    0,    0,    0,    0, -999,  29.28,  29.27,  29.18,  28.82,  28.72,  28.60,  28.46,  28.12,  28.02,  28.09,  28.29,  28.54,  28.72,  28.85,  28.90,  28.16,  27.79,  27.65,  27.42,  27.47,  27.62,  27.70,  27.61,  27.43,  27.42,  27.40,  27.61,  27.67,  27.59,  27.32,  27.21
20160915, 0000,  , TS, 31.9N,  80.1W,  40, 1007,  100,    0,    0,   60,    0,    0,    0,    0,    0,    0,    0,    0, -999,  28.60,  28.51,  28.28,  28.46,  28.35,  28.35,  28.09,  28.05,  28.15,  28.38,  28.58,  28.78,  29.31,  29.53,  28.03,  27.59,  27.70,  27.47,  27.44,  27.61,  27.59,  27.43,  27.45,  27.52,  27.52,  27.74,  27.80,  27.83,  27.56,  27.22,  27.21
20160915, 0600,  , TS, 31.9N,  79.5W,  40, 1007,   70,    0,    0,    0,    0,    0,    0,    0,    0,    0,    0,    0, -999,  28.99,  28.71,  28.04,  27.98,  27.90,  28.24,  28.35,  28.41,  28.47,  28.66,  28.60,  28.66,  29.29,  29.40,  27.67,  26.87,  26.94,  27.08,  27.82,  28.27,  28.17,  28.13,  28.48,  28.92,  28.74,  28.78,  28.94,  29.19,  29.16,  28.56,  27.75
20160915, 1200,  , TS, 31.9N,  78.7W,  40, 1007,   70,    0,    0,    0,    0,    0,    0,    0,    0,    0,    0,    0, -999,  29.33,  28.95,  27.79,  27.80,  28.07,  28.49,  28.60,  28.78,  28.85,  29.06,  29.01,  28.87,  29.09,  28.99,  27.94,  27.42,  27.54,  27.66,  28.13,  28.41,  28.59,  28.72,  29.09,  29.53,  29.47,  29.61,  29.75,  30.17,  30.21,  29.77,  29.02
20160915, 1800,  , TS, 31.9N,  77.9W,  40, 1007,   70,    0,    0,    0,    0,    0,    0,    0,    0,    0,    0,    0, -999,  29.69,  29.36,  28.16,  28.12,  27.93,  28.16,  28.59,  28.93,  29.21,  29.38,  29.42,  29.48,  29.46,  29.45,  29.35,  28.71,  28.51,  28.66,  28.83,  28.88,  28.94,  29.41,  29.54,  29.47,  29.34,  29.37,  29.39,  29.68,  29.90,  29.76,  29.36
20160916, 0000,  , TS, 31.5N,  77.2W,  40, 1007,   70,    0,    0,    0,    0,    0,    0,    0,    0,    0,    0,    0, -999,  29.20,  28.84,  28.98,  29.04,  28.85,  28.85,  28.85,  28.92,  28.97,  28.97,  29.17,  29.31,  29.33,  29.20,  29.09,  28.61,  28.31,  28.32,  28.55,  28.54,  28.79,  29.09,  29.18,  29.25,  29.29,  29.00,  28.54,  28.61,  28.67,  28.62,  28.72
20160916, 0600,  , TS, 31.2N,  76.6W,  40, 1008,   60,    0,    0,    0,    0,    0,    0,    0,    0,    0,    0,    0, -999,  29.16,  28.80,  29.01,  29.00,  28.67,  28.65,  28.67,  28.75,  28.81,  28.85,  28.94,  28.92,  28.90,  28.68,  28.64,  28.43,  28.18,  28.40,  28.42,  28.25,  28.38,  28.69,  28.67,  28.70,  28.50,  28.38,  28.32,  28.37,  28.33,  28.27,  28.30
20160916, 1200,  , TS, 31.1N,  75.9W,  40, 1008,   60,    0,    0,   30,    0,    0,    0,    0,    0,    0,    0,    0, -999,  29.27,  28.62,  28.62,  28.71,  28.43,  28.39,  28.36,  28.54,  28.74,  29.09,  29.17,  29.20,  29.15,  28.80,  28.64,  28.25,  27.99,  28.04,  27.95,  28.02,  28.14,  28.39,  28.59,  28.65,  28.48,  28.41,  28.36,  28.59,  28.66,  28.64,  28.68
20160916, 1800,  , TS, 30.9N,  75.7W,  40, 1008,   30,    0,    0,   30,    0,    0,    0,    0,    0,    0,    0,    0, -999,  29.36,  28.58,  28.41,  28.67,  28.58,  28.60,  28.53,  28.74,  28.94,  29.25,  29.27,  29.27,  29.17,  28.84,  28.73,  28.43,  28.21,  28.19,  28.09,  28.24,  28.48,  28.76,  28.94,  29.02,  28.82,  28.79,  28.71,  28.81,  28.89,  28.86,  28.80
20160917, 0000,  , TD, 30.4N,  76.0W,  30, 1009,    0,    0,    0,    0,    0,    0,    0,    0,    0,    0,    0,    0, -999,  29.26,  29.15,  29.15,  28.95,  28.88,  28.64,  28.69,  28.97,  29.26,  29.40,  29.53,  29.57,  29.25,  29.13,  29.08,  28.74,  28.97,  28.92,  28.85,  28.95,  29.17,  29.38,  29.46,  29.31,  29.23,  28.88,  29.05,  28.99,  28.99,  28.98,  28.69
20160917, 0600,  , TD, 30.3N,  76.1W,  30, 1009,    0,    0,    0,    0,    0,    0,    0,    0,    0,    0,    0,    0, -999,  29.26,  29.15,  29.15,  28.95,  28.88,  28.64,  28.69,  28.97,  29.26,  29.40,  29.53,  29.57,  29.25,  29.13,  29.08,  28.74,  28.97,  28.92,  28.85,  28.95,  29.17,  29.38,  29.46,  29.31,  29.23,  28.88,  29.05,  28.99,  28.99,  28.98,  28.69
20160917, 1200,  , TD, 30.2N,  76.2W,  30, 1010,    0,    0,    0,    0,    0,    0,    0,    0,    0,    0,    0,    0, -999,  29.26,  29.15,  29.15,  28.95,  28.88,  28.64,  28.69,  28.97,  29.26,  29.40,  29.53,  29.57,  29.25,  29.13,  29.08,  28.74,  28.97,  28.92,  28.85,  28.95,  29.17,  29.38,  29.46,  29.31,  29.23,  28.88,  29.05,  28.99,  28.99,  28.98,  28.69
20160917, 1800,  , TD, 30.4N,  76.3W,  30, 1010,    0,    0,    0,    0,    0,    0,    0,    0,    0,    0,    0,    0, -999,  29.26,  29.15,  29.15,  28.95,  28.88,  28.64,  28.69,  28.97,  29.26,  29.40,  29.53,  29.57,  29.25,  29.13,  29.08,  28.74,  28.97,  28.92,  28.85,  28.95,  29.17,  29.38,  29.46,  29.31,  29.23,  28.88,  29.05,  28.99,  28.99,  28.98,  28.69
20160918, 0000,  , TD, 30.7N,  76.4W,  30, 1010,    0,    0,    0,    0,    0,    0,    0,    0,    0,    0,    0,    0, -999,  28.95,  28.90,  28.70,  28.67,  28.62,  28.71,  28.91,  29.16,  29.22,  29.35,  29.33,  29.02,  29.03,  29.04,  28.62,  28.90,  28.83,  28.64,  28.71,  28.98,  29.09,  29.16,  29.05,  28.94,  28.66,  28.81,  28.74,  28.70,  28.63,  28.36,  28.56
20160918, 0600,  , TD, 31.1N,  76.6W,  25, 1010,    0,    0,    0,    0,    0,    0,    0,    0,    0,    0,    0,    0, -999,  29.01,  29.00,  28.67,  28.65,  28.67,  28.75,  28.81,  28.85,  28.94,  28.92,  28.90,  28.68,  28.64,  28.43,  28.18,  28.40,  28.42,  28.25,  28.38,  28.69,  28.67,  28.70,  28.50,  28.38,  28.32,  28.37,  28.33,  28.27,  28.30,  28.12,  28.17
20160918, 1200,  , TD, 31.7N,  77.0W,  25, 1010,    0,    0,    0,    0,    0,    0,    0,    0,    0,    0,    0,    0, -999,  28.96,  29.00,  28.72,  28.71,  28.74,  28.83,  28.92,  28.93,  29.16,  29.28,  29.27,  29.13,  28.94,  28.40,  28.07,  28.18,  28.30,  28.27,  28.54,  28.85,  28.96,  29.10,  29.18,  28.90,  28.34,  28.27,  28.32,  28.31,  28.44,  28.56,  28.40
20160918, 1800,  , TD, 32.0N,  77.8W,  25, 1010,    0,    0,    0,    0,    0,    0,    0,    0,    0,    0,    0,    0, -999,  27.42,  27.10,  27.18,  27.62,  28.00,  28.72,  29.15,  29.33,  29.42,  29.27,  29.21,  29.20,  27.95,  27.81,  27.97,  28.09,  28.10,  28.18,  28.71,  29.24,  29.41,  29.47,  29.61,  29.65,  29.96,  30.02,  29.66,  29.34,  29.30,  29.27,  29.08
20160919, 0000,  , LO, 32.2N,  78.3W,  30, 1010,    0,    0,    0,    0,    0,    0,    0,    0,    0,    0,    0,    0, -999,  26.68,  27.23,  27.69,  28.12,  28.67,  29.03,  29.29,  29.28,  29.05,  28.99,  28.89,  27.58,  27.37,  27.46,  27.50,  27.63,  27.93,  28.56,  29.11,  29.29,  29.38,  29.59,  29.67,  29.87,  29.82,  29.58,  29.27,  29.20,  29.00,  28.84,  28.73
20160919, 0600,  , LO, 32.4N,  78.2W,  30, 1011,    0,    0,    0,    0,    0,    0,    0,    0,    0,    0,    0,    0, -999,  26.45,  26.63,  26.89,  27.08,  27.77,  28.26,  28.80,  29.02,  28.86,  28.86,  28.81,  27.12,  26.68,  26.52,  26.57,  26.71,  27.01,  27.53,  28.24,  28.57,  28.73,  29.08,  29.05,  29.16,  29.10,  28.89,  28.57,  28.68,  28.65,  28.57,  28.52
20160919, 1200,  , LO, 32.8N,  77.7W,  30, 1011,    0,    0,    0,    0,    0,    0,    0,    0,    0,    0,    0,    0, -999,  27.52,  27.42,  27.53,  27.60,  27.86,  27.72,  27.88,  28.22,  28.38,  28.51,  28.45,  27.08,  26.54,  26.52,  26.98,  27.03,  27.00,  27.09,  27.21,  27.07,  27.31,  27.85,  28.07,  28.88,  29.13,  28.79,  28.29,  28.01,  28.34,  28.54,  28.47
20160919, 1800,  , LO, 33.2N,  77.0W,  30, 1011,    0,    0,    0,    0,    0,    0,    0,    0,    0,    0,    0,    0, -999,  28.38,  28.15,  28.47,  28.79,  29.07,  28.77,  28.54,  28.43,  28.30,  28.10,  28.06,  28.04,  28.30,  28.03,  28.39,  28.35,  28.30,  28.34,  28.73,  28.88,  28.73,  28.30,  27.97,  28.72,  29.07,  29.17,  29.33,  29.01,  28.68,  28.25,  28.12
20160920, 0000,  , EX, 33.6N,  76.5W,  30, 1011,    0,    0,    0,    0,    0,    0,    0,    0,    0,    0,    0,    0, -999,  28.36,  28.26,  28.17,  28.61,  29.27,  29.50,  29.35,  29.09,  28.40,  28.26,  28.37,  28.54,  28.64,  28.92,  29.05,  29.04,  29.12,  29.27,  29.41,  29.55,  29.49,  28.91,  28.89,  28.62,  28.62,  28.86,  29.14,  29.24,  29.09,  29.04,  28.77
20160920, 0600,  , EX, 34.3N,  76.1W,  30, 1011,    0,    0,    0,    0,    0,    0,    0,    0,    0,    0,    0,    0, -999,  28.32,  28.29,  28.22,  28.38,  28.62,  29.09,  29.11,  28.98,  28.65,  28.53,  27.90,  27.66,  27.84,  28.16,  28.67,  28.83,  29.07,  29.22,  29.35,  29.64,  29.74,  29.42,  29.42,  29.44,  29.19,  28.39,  28.35,  28.31,  28.81,  28.87,  28.41
20160920, 1200,  , EX, 35.0N,  76.0W,  25, 1011,    0,    0,    0,    0,    0,    0,    0,    0,    0,    0,    0,    0, -999,  27.05,  26.55,  26.29,  26.38,  26.56,  26.94,  27.21,  27.28,  27.09,  26.99,  26.74,  26.54,  26.71,  27.10,  27.37,  27.46,  27.46,  27.29,  27.49,  27.77,  27.82,  27.01,  26.98,  27.35,  27.36,  26.96,  26.91,  26.01,  25.90,  25.63,  25.14
20160920, 1800,  , EX, 35.5N,  76.3W,  25, 1011,    0,    0,    0,    0,    0,    0,    0,    0,    0,    0,    0,    0, -999,  26.06,  26.43,  26.80,  26.95,  26.93,  27.23,  27.34,  27.19,  27.06,  26.93,  26.87,  26.74,  26.85,  27.22,  27.52,  27.46,  27.57,  27.62,  27.76,  27.89,  27.25,  26.72,  26.40,  26.07,  26.25,  25.74,  25.70,  25.73,  25.63,  25.17,  24.59
20160921, 0000,  , EX, 35.6N,  76.9W,  25, 1011,    0,    0,    0,    0,    0,    0,    0,    0,    0,    0,    0,    0, -999,    nan,    nan,    nan,    nan,    nan,    nan,    nan,    nan,    nan,    nan,    nan,    nan,    nan,    nan,    nan,    nan,    nan,    nan,    nan,    nan,    nan,    nan,    nan,    nan,    nan,    nan,    nan,    nan,    nan,    nan,    nan
20160921, 0600,  , EX, 35.4N,  77.4W,  20, 1012,    0,    0,    0,    0,    0,    0,    0,    0,    0,    0,    0,    0, -999,    nan,    nan,    nan,    nan,    nan,    nan,    nan,    nan,    nan,    nan,    nan,    nan,    nan,    nan,    nan,    nan,    nan,    nan,    nan,    nan,    nan,    nan,    nan,    nan,    nan,    nan,    nan,    nan,    nan,    nan,    nan
