AL112015,            JOAQUIN,     76,
20150926, 1800,  , LO, 26.8N,  68.7W,  20, 1011,    0,    0,    0,    0,    0,    0,    0,    0,    0,    0,    0,    0, -999,  30.35,  30.44,  30.45,  30.45,  30.37,  29.80,  29.76,  29.74,  29.57,  29.52,  29.56,  29.53,  29.58,  29.54,  29.60,  29.62,  29.61,  29.53,  29.37,  28.83,  28.80,  28.91,  28.92,  27.05,  27.00,  27.37,  27.58,  27.73,  27.80,  27.88,  27.99
20150927, 0000,  , LO, 26.9N,  68.6W,  20, 1011,    0,    0,    0,    0,    0,    0,    0,    0,    0,    0,    0,    0, -999,  30.44,  30.45,  30.45,  30.37,  29.80,  29.76,  29.74,  29.57,  29.52,  29.56,  29.53,  29.58,  29.54,  29.60,  29.62,  29.61,  29.53,  29.37,  28.83,  28.80,  28.91,  28.92,  27.05,  27.00,  27.37,  27.58,  27.73,  27.80,  27.88,  27.99,  27.94
20150927, 0600,  , LO, 27.0N,  68.5W,  20, 1010,    0,    0,    0,    0,    0,    0,    0,    0,    0,    0,    0,    0, -999,  30.38,  30.37,  30.36,  30.23,  29.77,  29.73,  29.69,  29.45,  29.33,  29.43,  29.39,  29.40,  29.38,  29.45,  29.38,  29.37,  29.35,  29.21,  28.61,  28.57,  28.78,  28.87,  26.89,  26.87,  27.29,  27.52,  27.73,  27.81,  27.87,  27.94,  27.88
20150927, 1200,  , LO, 27.1N,  68.6W,  25, 1009,    0,    0,    0,    0,    0,    0,    0,    0,    0,    0,    0,    0, -999,  30.38,  30.37,  30.36,  30.23,  29.77,  29.73,  29.69,  29.45,  29.33,  29.43,  29.39,  29.40,  29.38,  29.45,  29.38,  29.37,  29.35,  29.21,  28.61,  28.57,  28.78,  28.87,  26.89,  26.87,  27.29,  27.52,  27.73,  27.81,  27.87,  27.94,  27.88
20150927, 1800,  , LO, 27.2N,  68.8W,  30, 1007,    0,    0,    0,    0,    0,    0,    0,    0,    0,    0,    0,    0, -999,  30.49,  30.47,  30.44,  30.32,  29.80,  29.74,  29.69,  29.42,  29.39,  29.48,  29.40,  29.41,  29.41,  29.47,  29.44,  29.47,  29.50,  29.33,  28.76,  28.70,  28.84,  28.88,  27.03,  27.05,  27.50,  27.74,  27.91,  27.94,  28.00,  28.07,  28.01
20150928, 0000,  , TD, 27.4N,  69.0W,  30, 1007,    0,    0,    0,    0,    0,    0,    0,    0,    0,    0,    0,    0, -999,  30.43,  30.41,  30.30,  29.83,  29.75,  29.65,  29.31,  29.19,  29.36,  29.39,  29.31,  29.35,  29.37,  29.30,  29.36,  29.41,  29.23,  28.70,  28.62,  28.68,  28.71,  27.29,  27.37,  27.73,  27.90,  27.93,  27.90,  27.96,  28.07,  28.14,  27.95
20150928, 0600,  , TD, 27.6N,  69.3W,  30, 1007,    0,    0,    0,    0,    0,    0,    0,    0,    0,    0,    0,    0, -999,  30.22,  30.20,  30.06,  29.68,  29.60,  29.51,  29.14,  29.05,  29.25,  29.30,  29.21,  29.28,  29.27,  29.05,  28.98,  28.96,  28.88,  28.50,  28.47,  28.50,  28.50,  27.34,  27.39,  27.66,  27.70,  27.73,  27.73,  27.77,  27.94,  28.13,  28.02
20150928, 1200,  , TD, 27.7N,  69.7W,  30, 1006,    0,    0,    0,    0,    0,    0,    0,    0,    0,    0,    0,    0, -999,  30.43,  30.52,  30.50,  30.01,  30.02,  29.93,  29.71,  29.66,  29.59,  29.52,  29.35,  29.41,  29.37,  29.19,  29.15,  29.06,  29.01,  28.85,  28.68,  28.53,  28.44,  27.94,  28.00,  28.14,  28.08,  28.01,  27.99,  28.03,  28.18,  28.15,  28.09
20150928, 1800,  , TD, 27.4N,  70.0W,  30, 1003,    0,    0,    0,    0,    0,    0,    0,    0,    0,    0,    0,    0, -999,  30.57,  30.61,  30.54,  30.10,  30.09,  29.98,  29.72,  29.63,  29.63,  29.62,  29.51,  29.53,  29.50,  29.40,  29.42,  29.18,  29.06,  28.79,  28.66,  28.62,  28.54,  27.97,  28.01,  28.15,  28.07,  28.04,  28.03,  28.03,  28.27,  28.20,  28.05
20150929, 0000,  , TS, 26.9N,  70.1W,  35, 1002,    0,   60,    0,    0,    0,    0,    0,    0,    0,    0,    0,    0, -999,  30.56,  30.43,  30.00,  29.98,  29.93,  29.76,  29.71,  29.72,  29.70,  29.72,  29.72,  29.69,  29.60,  29.50,  29.00,  28.75,  28.40,  28.23,  28.38,  27.89,  27.46,  27.64,  27.86,  27.83,  27.76,  27.79,  27.82,  28.31,  28.40,  28.21,  27.88
20150929, 0600,  , TS, 26.5N,  70.3W,  35, 1002,    0,   60,    0,    0,    0,    0,    0,    0,    0,    0,    0,    0, -999,  30.49,  30.44,  29.95,  30.03,  30.02,  29.94,  29.83,  29.91,  29.98,  29.98,  29.91,  29.73,  29.78,  29.70,  29.18,  28.74,  28.71,  28.24,  28.34,  27.20,  26.96,  27.19,  27.45,  27.63,  27.52,  27.55,  27.90,  28.39,  28.35,  28.37,  28.25
20150929, 1200,  , TS, 26.2N,  70.5W,  45,  999,    0,   70,    0,    0,    0,    0,    0,    0,    0,    0,    0,    0, -999,  30.46,  30.42,  29.95,  30.09,  30.09,  30.00,  29.86,  29.99,  30.06,  30.01,  29.93,  29.65,  29.70,  29.71,  29.24,  28.80,  28.81,  28.34,  28.42,  27.13,  26.98,  27.25,  27.55,  27.84,  27.84,  27.87,  28.21,  28.44,  28.49,  28.52,  28.37
20150929, 1800,  , TS, 26.0N,  70.8W,  55,  992,   60,   80,    0,    0,   30,   50,    0,    0,    0,    0,    0,    0, -999,  30.47,  30.41,  29.89,  29.94,  29.97,  29.92,  29.78,  29.96,  30.10,  30.04,  29.94,  29.64,  29.73,  29.70,  29.18,  28.95,  28.89,  28.28,  28.28,  26.74,  26.77,  27.33,  27.76,  28.17,  28.47,  28.58,  28.77,  28.75,  28.64,  28.69,  28.56
20150930, 0000,  , TS, 25.8N,  71.3W,  60,  985,   70,   80,   30,   30,   40,   50,    0,    0,    0,    0,    0,    0, -999,  30.35,  29.87,  29.92,  29.94,  29.92,  29.77,  29.94,  30.08,  30.01,  29.93,  29.67,  29.65,  29.57,  29.10,  28.94,  28.90,  28.19,  28.10,  26.63,  26.72,  27.26,  27.70,  28.13,  28.53,  28.64,  28.78,  28.74,  28.68,  28.68,  28.55,  28.59
20150930, 0600,  , HU, 25.4N,  71.8W,  65,  978,   80,   90,   40,   40,   40,   50,   30,   30,   30,   30,   20,   20, -999,  30.10,  29.90,  29.81,  29.84,  29.65,  29.54,  29.76,  29.87,  29.80,  29.75,  29.81,  29.75,  29.70,  29.64,  29.59,  29.53,  29.03,  28.76,  27.46,  27.74,  28.07,  28.28,  28.54,  28.91,  29.01,  29.04,  28.86,  28.86,  28.89,  28.77,  28.78
20150930, 1200,  , HU, 24.9N,  72.2W,  70,  971,   90,  110,   60,   60,   40,   50,   30,   30,   30,   30,   20,   20, -999,  29.92,  29.80,  29.71,  29.75,  29.54,  29.44,  29.76,  29.91,  29.82,  29.74,  29.78,  29.84,  29.80,  29.68,  29.62,  29.60,  29.52,  29.44,  27.57,  27.66,  27.90,  28.13,  28.46,  28.78,  28.94,  29.03,  28.67,  28.84,  28.92,  28.77,  28.60
20150930, 1800,  , HU, 24.4N,  72.5W,  80,  961,  100,  120,   80,   80,   40,   50,   30,   30,   30,   30,   20,   20, -999,  29.85,  29.66,  29.57,  29.62,  29.52,  29.47,  29.69,  29.87,  29.89,  29.87,  29.95,  29.97,  30.00,  29.88,  29.79,  29.31,  29.17,  29.15,  27.00,  27.23,  27.63,  28.05,  28.38,  28.65,  28.68,  28.60,  28.29,  28.43,  28.42,  28.29,  28.01
20151001, 0000,  , HU, 23.9N,  72.9W, 100,  951,  100,  130,   90,   90,   40,   50,   30,   40,   30,   30,   20,   20, -999,  29.37,  29.16,  29.17,  29.24,  29.42,  29.78,  29.85,  29.69,  29.64,  30.10,  30.16,  30.17,  29.94,  29.86,  29.29,  29.15,  29.14,  26.61,  26.76,  27.35,  28.02,  28.40,  28.70,  28.67,  28.53,  28.46,  28.75,  28.60,  28.41,  28.25,  28.18
20151001, 0600,  , HU, 23.5N,  73.3W, 110,  947,  110,  140,  100,  100,   50,   60,   40,   40,   30,   30,   25,   25, -999,  29.41,  29.31,  29.31,  29.34,  29.88,  30.03,  29.91,  29.63,  29.53,  30.01,  30.02,  30.06,  30.00,  29.98,  29.80,  29.69,  29.62,  26.68,  26.72,  27.24,  27.89,  28.27,  28.60,  28.72,  28.57,  28.52,  28.81,  28.92,  28.93,  28.69,  28.61
20151001, 1200, L, HU, 23.1N,  73.7W, 115,  942,  110,  150,  120,  110,   60,   60,   40,   50,   35,   30,   30,   30, -999,  29.36,  29.29,  29.29,  29.27,  29.97,  30.04,  29.85,  29.61,  29.55,  29.98,  29.99,  30.12,  30.16,  30.15,  29.90,  29.82,  29.78,  26.78,  26.76,  27.17,  27.68,  27.99,  28.18,  28.47,  28.50,  28.56,  28.77,  28.89,  28.84,  28.77,  28.71
20151001, 1800,  , HU, 23.0N,  74.2W, 115,  936,  110,  160,  130,  110,   60,   70,   50,   60,   40,   35,   35,   35, -999,  29.43,  29.35,  29.36,  29.08,  29.55,  30.06,  30.08,  29.76,  29.69,  29.96,  30.05,  30.22,  30.20,  30.08,  29.85,  29.78,  29.20,  27.11,  27.06,  27.30,  27.64,  28.00,  28.10,  28.52,  28.52,  28.41,  28.24,  28.20,  28.63,  28.68,  28.65
20151002, 0000,  , HU, 22.9N,  74.4W, 120,  931,  120,  170,  130,  120,   70,   70,   60,   70,   40,   35,   40,   40, -999,  29.35,  29.34,  29.21,  29.56,  30.02,  30.12,  29.80,  29.74,  30.02,  30.12,  30.25,  30.29,  30.21,  30.01,  29.91,  29.19,  27.32,  27.36,  27.67,  28.07,  28.49,  28.60,  28.90,  28.87,  28.85,  28.66,  28.53,  28.91,  28.92,  28.88,  28.85
20151002, 0600,  , HU, 23.0N,  74.7W, 120,  935,  120,  180,  140,  120,   80,   80,   60,   70,   45,   40,   40,   40, -999,  29.44,  29.44,  29.14,  29.44,  30.04,  30.14,  29.81,  29.74,  29.85,  29.95,  30.12,  30.09,  29.95,  29.76,  29.71,  29.03,  27.68,  27.79,  27.96,  28.22,  28.48,  28.53,  28.86,  28.72,  28.53,  28.36,  28.30,  28.80,  28.82,  28.75,  28.76
20151002, 1200,  , HU, 23.4N,  74.8W, 115,  937,  130,  180,  140,  120,   80,   80,   70,   70,   45,   45,   45,   45, -999,  29.57,  29.58,  29.15,  29.41,  30.08,  30.17,  29.91,  29.81,  29.75,  29.86,  30.06,  30.00,  29.77,  29.65,  29.60,  28.97,  28.19,  28.30,  28.41,  28.48,  28.57,  28.55,  28.87,  28.71,  28.61,  28.66,  28.61,  29.00,  28.88,  28.83,  28.82
20151002, 1600, L, HU, 23.6N,  74.8W, 110,  940,  130,  180,  140,  120,   80,   80,   70,   70,   45,   45,   45,   45, -999,  29.59,  29.60,  29.14,  29.40,  29.99,  30.07,  29.85,  29.78,  29.74,  29.85,  30.08,  30.00,  29.67,  29.57,  29.51,  29.01,  28.32,  28.38,  28.47,  28.43,  28.47,  28.46,  28.74,  28.61,  28.62,  28.81,  28.84,  29.15,  28.83,  28.71,  28.67
20151002, 1800,  , HU, 23.8N,  74.7W, 110,  941,  140,  180,  140,  120,   80,   80,   70,   70,   50,   45,   45,   45, -999,  29.65,  29.66,  29.12,  29.37,  29.88,  30.01,  29.79,  29.74,  29.72,  29.89,  30.16,  29.99,  29.58,  29.47,  29.43,  29.16,  27.88,  27.93,  28.07,  28.06,  28.09,  28.08,  28.47,  28.45,  28.49,  28.85,  28.90,  29.19,  28.74,  28.55,  28.49
20151002, 2100, L, HU, 24.1N,  74.5W, 110,  942,  140,  180,  140,  120,   80,   80,   70,   70,   50,   45,   45,   45, -999,  29.71,  29.72,  29.17,  29.32,  29.86,  30.06,  29.87,  29.78,  29.77,  29.86,  30.08,  29.81,  29.49,  29.43,  29.39,  29.15,  27.69,  27.83,  28.04,  28.15,  28.24,  28.25,  28.62,  28.59,  28.59,  28.99,  29.07,  29.24,  28.79,  28.64,  28.59
20151003, 0000,  , HU, 24.3N,  74.3W, 115,  943,  140,  180,  140,  120,   80,   90,   70,   70,   50,   50,   45,   45, -999,  29.85,  29.34,  29.28,  29.79,  29.99,  29.85,  29.79,  29.69,  29.74,  29.95,  29.68,  29.42,  29.37,  29.33,  29.13,  27.97,  28.19,  28.48,  28.61,  28.65,  28.65,  28.93,  28.87,  28.77,  29.20,  29.23,  29.24,  28.85,  28.80,  28.76,  28.57
20151003, 0600,  , HU, 24.8N,  73.6W, 120,  945,  150,  180,  140,  120,   80,   90,   60,   60,   50,   50,   40,   45, -999,  29.44,  29.27,  29.62,  29.86,  29.92,  29.66,  29.53,  29.81,  29.86,  29.88,  29.67,  29.56,  29.54,  29.48,  29.47,  27.98,  28.02,  28.08,  28.12,  28.21,  28.32,  28.54,  28.57,  28.20,  28.52,  28.60,  28.31,  28.08,  28.16,  28.13,  27.93
20151003, 1200,  , HU, 25.4N,  72.6W, 135,  934,  150,  180,  130,  110,   80,   90,   60,   60,   45,   55,   40,   40, -999,  29.65,  29.38,  29.50,  29.75,  29.80,  29.68,  29.59,  29.78,  29.81,  29.73,  29.66,  29.63,  29.61,  29.30,  29.14,  28.10,  28.31,  28.53,  28.75,  28.94,  29.10,  29.17,  29.19,  28.82,  28.99,  29.03,  28.69,  28.38,  28.34,  28.29,  28.15
20151003, 1800,  , HU, 26.3N,  71.0W, 130,  934,  160,  180,  130,  110,   70,   90,   60,   50,   45,   55,   40,   40, -999,  29.99,  29.92,  29.62,  29.59,  29.64,  29.62,  29.50,  29.27,  29.52,  29.59,  28.97,  28.82,  29.03,  28.07,  27.84,  26.67,  26.69,  27.11,  27.43,  27.78,  27.88,  27.92,  28.27,  28.41,  28.54,  28.57,  28.29,  28.34,  28.56,  28.61,  28.52
20151004, 0000,  , HU, 27.4N,  69.5W, 115,  941,  160,  180,  130,  110,   70,   90,   50,   50,   40,   50,   35,   35, -999,  29.46,  29.30,  29.43,  29.48,  29.39,  29.44,  29.42,  29.39,  29.45,  29.47,  29.31,  28.82,  28.69,  28.68,  28.66,  27.55,  27.64,  27.91,  27.98,  27.91,  27.85,  27.90,  28.02,  27.95,  27.82,  27.45,  27.70,  27.79,  27.79,  27.75,  27.68
20151004, 0600,  , HU, 28.9N,  68.3W, 105,  949,  160,  180,  120,  110,   70,   90,   50,   40,   40,   50,   35,   30, -999,  29.18,  29.17,  29.14,  29.14,  29.20,  29.25,  29.15,  28.80,  28.75,  28.71,  28.67,  28.31,  28.38,  28.42,  28.44,  27.63,  27.49,  27.66,  27.45,  27.53,  27.54,  27.48,  27.33,  27.07,  27.12,  27.10,  27.22,  27.34,  27.32,  27.13,  27.53
20151004, 1200,  , HU, 30.4N,  67.2W,  95,  956,  160,  170,  120,  110,   60,   80,   50,   40,   35,   50,   35,   30, -999,  28.30,  28.39,  28.18,  28.32,  28.65,  28.59,  28.37,  28.41,  28.25,  27.88,  27.73,  27.92,  27.96,  27.76,  27.70,  27.03,  26.99,  27.28,  27.28,  27.16,  27.16,  27.48,  27.60,  26.83,  26.98,  27.04,  26.74,  26.61,  26.64,  26.72,  26.45
20151004, 1800,  , HU, 31.6N,  66.5W,  85,  958,  170,  170,  120,  110,   60,   80,   50,   40,   35,   45,   30,   25, -999,  28.01,  28.52,  28.49,  28.54,  28.73,  28.78,  28.74,  28.76,  28.53,  28.32,  27.88,  27.90,  27.66,  27.36,  27.41,  27.32,  26.20,  26.11,  25.94,  25.98,  25.95,  26.24,  26.24,  25.12,  25.59,  26.03,  26.39,  26.50,  26.50,  26.31,  26.20
20151005, 0000,  , HU, 32.6N,  66.0W,  75,  961,  170,  170,  130,  120,   60,   80,   50,   40,   35,   40,   30,   20, -999,  27.88,  28.08,  28.32,  28.42,  28.33,  28.23,  28.10,  27.82,  27.47,  27.13,  27.17,  27.02,  26.83,  26.81,  26.78,  26.70,  26.87,  26.83,  26.63,  26.44,  26.59,  26.74,  26.69,  26.81,  26.75,  26.26,  26.15,  26.24,  26.25,  25.98,  25.55
20151005, 0600,  , HU, 33.6N,  65.6W,  75,  964,  170,  170,  130,  120,   60,   70,   50,   50,   35,   40,   30,   20, -999,  27.66,  27.56,  27.49,  27.73,  27.99,  27.89,  27.81,  27.86,  27.62,  27.17,  27.26,  27.24,  27.25,  27.42,  27.41,  26.92,  26.94,  26.92,  26.77,  26.53,  26.69,  26.68,  26.56,  26.70,  26.71,  26.34,  26.32,  26.30,  26.25,  25.99,  25.56
20151005, 1200,  , HU, 34.4N,  65.2W,  75,  964,  170,  170,  140,  130,   70,   70,   50,   50,   35,   35,   30,   20, -999,  27.82,  27.89,  27.73,  27.64,  27.70,  27.61,  27.56,  27.54,  27.57,  27.06,  26.92,  26.91,  26.90,  27.20,  27.18,  26.75,  26.71,  26.71,  26.59,  26.14,  26.35,  26.40,  26.37,  26.57,  26.60,  26.38,  26.41,  26.29,  26.10,  25.72,  25.60
20151005, 1800,  , HU, 35.3N,  64.5W,  75,  964,  170,  170,  150,  130,   70,   80,   50,   50,   35,   35,   25,   20, -999,  27.52,  27.63,  27.55,  27.48,  27.31,  27.22,  27.22,  27.04,  26.29,  26.20,  26.32,  26.27,  26.19,  26.34,  26.34,  26.09,  26.16,  26.13,  26.01,  25.99,  26.07,  25.99,  25.84,  25.96,  26.06,  25.86,  25.78,  25.80,  25.81,  25.19,  25.06
20151006, 0000,  , HU, 36.2N,  63.6W,  75,  967,  160,  180,  160,  140,   80,   80,   60,   60,   35,   35,   25,   25, -999,  27.31,  27.16,  27.20,  27.14,  27.09,  27.05,  26.74,  26.32,  26.33,  26.35,  26.23,  26.19,  26.29,  26.41,  26.33,  26.19,  26.03,  26.03,  25.96,  26.01,  25.98,  25.44,  25.88,  26.01,  25.79,  25.60,  25.49,  25.48,  24.99,  24.95,  24.82
20151006, 0600,  , HU, 37.0N,  62.3W,  75,  970,  160,  180,  170,  150,   90,   90,   70,   60,   40,   35,   25,   30, -999,  27.24,  27.53,  27.83,  27.82,  27.70,  27.56,  27.27,  26.92,  26.81,  26.61,  26.65,  26.63,  26.73,  26.98,  27.02,  26.31,  26.06,  26.00,  25.86,  25.69,  25.71,  25.70,  25.65,  25.67,  25.70,  25.65,  25.52,  25.47,  24.90,  24.85,  24.76
20151006, 1200,  , HU, 37.9N,  60.4W,  70,  974,  160,  190,  190,  150,   90,  100,   80,   70,   40,   40,   25,   30, -999,  27.24,  26.99,  27.00,  26.95,  26.85,  26.83,  26.75,  26.93,  26.94,  26.91,  26.95,  26.79,  27.01,  27.03,  27.04,  26.86,  26.96,  26.89,  26.80,  26.69,  26.60,  26.48,  26.17,  25.62,  25.67,  25.74,  25.68,  25.65,  25.06,  25.00,  24.88
20151006, 1800,  , HU, 38.8N,  58.0W,  70,  974,  160,  190,  200,  150,   90,  110,   90,   70,   40,   40,   25,   30, -999,  27.16,  27.13,  26.88,  26.89,  26.89,  26.80,  26.73,  26.70,  26.79,  26.70,  26.69,  26.60,  26.68,  27.07,  27.10,  26.90,  26.74,  26.73,  26.73,  26.68,  26.53,  26.42,  26.46,  26.32,  26.16,  26.20,  26.02,  25.90,  25.64,  25.41,  24.91
20151007, 0000,  , HU, 39.6N,  54.9W,  70,  974,  160,  200,  220,  160,   90,  120,  100,   80,   40,   45,   25,   30, -999,  25.33,  25.57,  26.08,  26.06,  25.92,  27.02,  27.35,  26.98,  26.72,  26.53,  26.19,  25.56,  25.52,  26.17,  26.46,  26.94,  26.49,  26.32,  26.40,  26.36,  26.47,  26.49,  26.57,  26.07,  26.12,  26.02,  25.80,  25.12,  24.99,  24.71,  24.73
20151007, 0600,  , HU, 40.3N,  51.5W,  65,  977,  160,  210,  230,  160,   90,  140,  120,   80,   40,   50,   30,    0, -999,  25.84,  25.85,  24.93,  24.80,  24.47,  24.30,  24.06,  23.78,  23.60,  23.68,  24.01,  24.12,  23.83,  23.52,  23.65,  24.15,  24.34,  24.94,  25.06,  25.08,  25.08,  25.62,  25.97,  25.63,  25.43,  25.50,  25.49,  25.03,  25.00,  24.52,  24.20
20151007, 1200,  , TS, 41.0N,  47.5W,  60,  977,  160,  230,  250,  160,    0,  150,  130,   80,    0,    0,    0,    0, -999,  22.56,  22.22,  22.76,  22.85,  22.74,  21.79,  21.72,  21.69,  21.66,  21.58,  21.54,  21.53,  20.95,  20.57,  20.80,  20.90,  20.75,  20.36,  20.11,  19.93,  20.00,  19.57,  19.55,  18.97,  19.68,  19.66,  19.70,  19.31,  19.88,  20.01,  20.13
20151007, 1800,  , TS, 41.5N,  43.3W,  60,  977,  160,  240,  260,  160,    0,  160,  140,   80,    0,    0,    0,    0, -999,  22.88,  22.74,  22.85,  23.03,  23.05,  22.09,  21.99,  21.81,  21.79,  21.62,  21.58,  21.63,  21.44,  21.51,  21.71,  22.19,  22.39,  22.19,  21.48,  21.18,  21.01,  21.09,  21.09,  21.05,  21.23,  21.20,  21.33,  21.37,  21.03,  20.80,  20.81
20151008, 0000,  , LO, 41.9N,  39.1W,  55,  977,  160,  250,  270,  150,    0,  160,  150,    0,    0,    0,    0,    0, -999,  21.68,  21.72,  21.70,  21.71,  21.43,  21.27,  20.96,  20.67,  20.55,  20.12,  20.21,  19.81,  19.47,  19.28,  19.48,  19.75,  19.67,  19.51,  19.52,  19.81,  19.72,  19.74,  19.86,  20.21,  20.17,  19.93,  20.32,  20.49,  20.35,  20.41,  20.19
20151008, 0600,  , LO, 42.4N,  35.0W,  50,  977,  170,  260,  270,  140,    0,  160,  160,    0,    0,    0,    0,    0, -999,  20.64,  20.61,  20.82,  20.67,  20.26,  20.02,  20.14,  20.09,  20.02,  19.75,  19.62,  19.49,  19.03,  18.87,  19.30,  19.44,  19.42,  19.23,  19.12,  19.18,  19.23,  19.20,  19.25,  18.74,  19.02,  19.35,  19.25,  19.28,  19.17,  18.90,  19.01
20151008, 1200,  , LO, 43.0N,  31.0W,  45,  980,  180,  270,  280,  140,    0,    0,    0,    0,    0,    0,    0,    0, -999,  19.17,  18.59,  18.43,  18.64,  18.53,  18.04,  17.69,  17.51,  17.80,  17.83,  17.86,  17.71,  17.37,  17.24,  17.11,  17.08,  17.15,  17.07,  17.27,  17.25,  17.24,  17.36,  17.29,  17.32,  17.34,  17.46,  17.50,  17.67,  17.73,  17.56,  17.57
20151008, 1800,  , LO, 43.5N,  27.3W,  45,  984,  180,  280,  270,  140,    0,    0,    0,    0,    0,    0,    0,    0, -999,  18.54,  18.28,  18.81,  18.96,  18.88,  18.41,  18.27,  18.04,  17.98,  18.66,  19.15,  19.12,  18.61,  18.30,  18.38,  17.77,  16.26,  16.20,  16.44,  16.44,  16.99,  17.51,  17.79,  17.96,  18.01,  17.80,  18.00,  18.12,  18.08,  17.89,  17.39
20151009, 0000,  , EX, 43.9N,  24.1W,  45,  987,  190,  280,  270,  130,    0,    0,    0,    0,    0,    0,    0,    0, -999,  18.61,  18.63,  18.45,  18.15,  18.12,  17.93,  17.86,  17.84,  17.88,  18.44,  18.50,  18.39,  18.18,  17.86,  17.34,  17.52,  17.69,  17.66,  17.51,  17.71,  17.58,  17.39,  17.13,  17.29,  17.35,  17.29,  17.18,  16.87,  17.03,  17.14,  17.07
20151009, 0600,  , EX, 44.1N,  21.9W,  45,  988,  190,  290,  250,  130,    0,    0,    0,    0,    0,    0,    0,    0, -999,  18.06,  18.05,  17.98,  17.17,  16.79,  17.40,  17.75,  17.48,  17.86,  17.91,  18.05,  17.82,  17.42,  17.08,  16.91,  16.68,  16.93,  16.99,  16.99,  16.98,  16.94,  16.88,  16.71,  16.67,  16.77,  16.67,  16.61,  16.51,  16.59,  16.65,  16.42
20151009, 1200,  , EX, 44.2N,  19.9W,  45,  988,  200,  280,  230,  140,    0,    0,    0,    0,    0,    0,    0,    0, -999,  17.03,  16.98,  16.91,  16.66,  16.41,  16.58,  16.94,  17.13,  17.29,  17.24,  16.62,  17.20,  17.39,  17.30,  17.23,  16.90,  16.94,  16.89,  16.85,  16.88,  16.61,  16.54,  16.55,  16.55,  16.48,  16.45,  16.46,  16.48,  16.49,  16.38,  16.23
20151009, 1800,  , EX, 44.1N,  18.2W,  40,  989,  200,  270,  210,  160,    0,    0,    0,    0,    0,    0,    0,    0, -999,  17.38,  17.45,  17.48,  17.52,  17.34,  17.46,  17.63,  17.75,  17.58,  17.30,  17.78,  17.88,  17.48,  17.39,  17.01,  16.41,  15.88,  16.78,  16.90,  16.86,  16.81,  16.78,  16.82,  16.81,  16.91,  16.85,  16.86,  16.99,  16.83,  16.68,  16.70
20151010, 0000,  , EX, 43.8N,  16.4W,  35,  992,  200,  260,  200,  200,    0,    0,    0,    0,    0,    0,    0,    0, -999,  18.19,  18.18,  18.20,  18.00,  17.76,  17.82,  17.75,  17.84,  18.15,  18.42,  18.42,  18.06,  17.98,  17.94,  18.02,  17.99,  17.94,  17.72,  17.76,  17.68,  17.67,  17.70,  17.73,  17.55,  17.63,  17.36,  16.74,  17.01,  16.89,  16.87,  16.73
20151010, 0600,  , EX, 43.4N,  15.0W,  35,  993,  200,  230,  240,  240,    0,    0,    0,    0,    0,    0,    0,    0, -999,  18.37,  18.44,  18.31,  18.21,  17.82,  17.75,  17.69,  17.83,  18.30,  18.35,  18.22,  17.90,  17.73,  17.60,  17.63,  17.64,  17.54,  17.46,  17.66,  17.67,  17.52,  17.44,  17.59,  17.56,  17.40,  17.23,  17.33,  17.29,  17.28,  17.08,  16.91
20151010, 1200,  , EX, 43.1N,  13.9W,  35,  996,  180,  200,    0,    0,    0,    0,    0,    0,    0,    0,    0,    0, -999,  18.07,  18.12,  17.91,  18.02,  18.01,  17.94,  17.96,  17.92,  18.45,  18.61,  18.51,  18.22,  18.14,  18.06,  18.12,  18.15,  18.11,  17.87,  17.81,  17.75,  17.38,  17.20,  17.80,  17.95,  17.90,  17.66,  17.64,  17.65,  17.68,  17.47,  17.32
20151010, 1800,  , EX, 42.8N,  12.9W,  30,  998,    0,    0,    0,    0,    0,    0,    0,    0,    0,    0,    0,    0, -999,  18.01,  17.99,  17.57,  17.89,  18.20,  18.25,  18.13,  18.09,  18.26,  18.37,  18.41,  18.19,  18.03,  17.88,  17.89,  18.08,  17.99,  17.77,  17.60,  17.59,  17.44,  17.43,  17.57,  17.62,  17.46,  17.30,  17.17,  17.07,  16.99,  16.90,  16.82
20151011, 0000,  , EX, 42.5N,  12.0W,  30,  999,    0,    0,    0,    0,    0,    0,    0,    0,    0,    0,    0,    0, -999,  18.36,  18.14,  18.14,  18.28,  18.26,  18.39,  18.34,  18.40,  18.42,  18.32,  18.05,  17.92,  17.66,  17.64,  17.93,  17.63,  17.54,  17.50,  17.61,  17.54,  17.57,  17.69,  17.86,  17.68,  17.83,  17.76,  17.63,  17.57,  17.34,  16.99,  17.09
20151011, 0600,  , EX, 42.2N,  11.3W,  30, 1000,    0,    0,    0,    0,    0,    0,    0,    0,    0,    0,    0,    0, -999,  18.71,  18.78,  18.79,  18.92,  18.84,  19.00,  18.99,  19.02,  18.84,  18.66,  18.30,  18.42,  18.15,  18.09,  18.36,  18.09,  18.07,  18.17,  18.31,  18.24,  18.20,  18.29,  18.51,  18.22,  18.15,  18.11,  17.96,  17.95,  17.71,  17.34,  17.36
20151011, 1200,  , EX, 41.8N,  10.8W,  35, 1001,    0,    0,    0,  120,    0,    0,    0,    0,    0,    0,    0,    0, -999,  18.83,  19.37,  19.49,  19.60,  19.47,  19.60,  19.58,  19.60,  19.34,  19.31,  18.96,  19.07,  19.02,  19.02,  19.00,  18.86,  18.75,  18.73,  18.74,  18.65,  18.58,  18.68,  18.69,  18.24,  18.11,  18.21,  18.11,  18.11,  17.94,  17.88,  17.87
20151011, 1800,  , EX, 41.2N,  10.5W,  35, 1001,    0,    0,  140,  140,    0,    0,    0,    0,    0,    0,    0,    0, -999,  18.92,  19.40,  19.55,  19.57,  19.41,  19.59,  19.48,  19.43,  19.19,  19.03,  18.85,  18.76,  18.87,  18.85,  18.81,  18.90,  18.86,  18.68,  18.76,  18.79,  18.79,  18.78,  18.71,  18.63,  18.53,  18.72,  18.64,  18.62,  18.33,  17.95,  18.02
20151012, 0000,  , EX, 40.4N,  10.2W,  35, 1002,    0,    0,  120,  140,    0,    0,    0,    0,    0,    0,    0,    0, -999,  19.29,  19.63,  20.00,  19.90,  20.15,  20.12,  20.07,  19.81,  19.77,  19.47,  19.38,  19.21,  19.21,  19.02,  19.08,  19.24,  19.25,  19.37,  19.34,  19.32,  19.32,  19.30,  19.39,  19.48,  19.65,  19.62,  19.58,  19.38,  18.68,  18.76,  18.97
20151012, 0600,  , EX, 39.8N,   9.7W,  35, 1002,    0,    0,  120,  140,    0,    0,    0,    0,    0,    0,    0,    0, -999,  19.09,  19.21,  19.72,  19.75,  20.20,  20.17,  20.12,  19.75,  19.80,  19.55,  19.47,  19.38,  19.35,  19.13,  19.11,  19.41,  19.55,  19.72,  19.75,  19.80,  19.74,  19.70,  19.70,  19.77,  19.87,  19.84,  19.89,  19.87,  19.79,  19.40,  19.35
20151012, 1200,  , EX, 39.5N,   9.1W,  35, 1003,    0,    0,  120,  140,    0,    0,    0,    0,    0,    0,    0,    0, -999,    nan,    nan,    nan,    nan,    nan,    nan,    nan,    nan,    nan,    nan,    nan,    nan,    nan,    nan,    nan,    nan,    nan,    nan,    nan,    nan,    nan,    nan,    nan,    nan,    nan,    nan,    nan,    nan,    nan,    nan,    nan
20151012, 1800,  , EX, 39.1N,   8.8W,  30, 1005,    0,    0,    0,    0,    0,    0,    0,    0,    0,    0,    0,    0, -999,    nan,    nan,    nan,    nan,    nan,    nan,    nan,    nan,    nan,    nan,    nan,    nan,    nan,    nan,    nan,    nan,    nan,    nan,    nan,    nan,    nan,    nan,    nan,    nan,    nan,    nan,    nan,    nan,    nan,    nan,    nan
20151013, 0000,  , EX, 38.6N,   8.9W,  25, 1007,    0,    0,    0,    0,    0,    0,    0,    0,    0,    0,    0,    0, -999,    nan,    nan,    nan,    nan,    nan,    nan,    nan,    nan,    nan,    nan,    nan,    nan,    nan,    nan,    nan,    nan,    nan,    nan,    nan,    nan,    nan,    nan,    nan,    nan,    nan,    nan,    nan,    nan,    nan,    nan,    nan
20151013, 0600,  , EX, 38.0N,   9.1W,  20, 1009,    0,    0,    0,    0,    0,    0,    0,    0,    0,    0,    0,    0, -999,  19.05,  19.29,  19.81,  19.77,  19.96,  20.03,  19.81,  19.42,  19.32,  19.03,  19.15,  19.32,  19.59,  19.57,  19.60,  19.86,  20.30,  20.52,  20.90,  20.66,  19.73,  20.09,  20.04,  19.85,  19.94,  19.95,  19.93,  19.83,  19.11,  19.07,  19.28
20151013, 1200,  , EX, 37.3N,   9.2W,  20, 1010,    0,    0,    0,    0,    0,    0,    0,    0,    0,    0,    0,    0, -999,  19.25,  19.20,  19.89,  20.05,  20.25,  20.37,  20.42,  20.22,  19.88,  19.02,  18.59,  18.71,  18.89,  18.98,  19.18,  19.05,  19.19,  19.43,  19.82,  19.95,  19.65,  19.71,  19.81,  19.89,  20.16,  20.15,  20.00,  20.10,  19.62,  19.46,  19.58
20151013, 1800,  , EX, 36.6N,   9.1W,  20, 1010,    0,    0,    0,    0,    0,    0,    0,    0,    0,    0,    0,    0, -999,  20.56,  20.55,  21.10,  21.92,  21.83,  21.76,  21.83,  21.64,  21.28,  20.76,  20.16,  20.36,  20.29,  20.24,  20.64,  20.97,  21.08,  21.21,  21.28,  21.37,  21.18,  21.03,  21.12,  21.14,  21.25,  21.28,  20.77,  20.87,  20.91,  20.76,  20.82
20151014, 0000,  , EX, 36.0N,   9.0W,  20, 1011,    0,    0,    0,    0,    0,    0,    0,    0,    0,    0,    0,    0, -999,  21.40,  21.56,  22.15,  21.96,  22.00,  21.84,  21.76,  21.53,  21.46,  21.16,  21.01,  20.59,  20.62,  20.82,  21.05,  21.03,  21.25,  21.19,  21.23,  21.07,  21.09,  21.40,  21.70,  21.69,  21.68,  21.25,  21.14,  21.13,  21.22,  21.35,  21.48
20151014, 0600,  , EX, 35.5N,   8.7W,  20, 1011,    0,    0,    0,    0,    0,    0,    0,    0,    0,    0,    0,    0, -999,  22.72,  22.93,  23.08,  23.33,  23.42,  22.96,  22.75,  22.53,  22.42,  22.25,  22.20,  22.32,  22.28,  22.18,  22.35,  22.42,  22.65,  22.50,  22.50,  22.41,  22.00,  22.12,  22.38,  22.09,  21.96,  22.06,  21.91,  21.58,  21.42,  21.45,  21.65
20151014, 1200,  , EX, 35.1N,   8.4W,  20, 1011,    0,    0,    0,    0,    0,    0,    0,    0,    0,    0,    0,    0, -999,  23.14,  23.36,  23.42,  23.77,  23.80,  23.39,  23.19,  23.04,  22.97,  22.72,  22.61,  22.60,  22.49,  22.46,  22.48,  22.49,  22.53,  22.46,  22.34,  22.24,  21.82,  22.01,  22.27,  21.81,  21.67,  21.97,  21.95,  21.62,  21.49,  21.52,  21.78
20151014, 1800,  , EX, 35.0N,   8.0W,  15, 1012,    0,    0,    0,    0,    0,    0,    0,    0,    0,    0,    0,    0, -999,  22.94,  23.20,  23.25,  23.58,  23.73,  23.29,  23.30,  23.26,  23.08,  22.95,  22.82,  22.60,  22.42,  22.45,  22.42,  22.42,  22.52,  22.49,  22.39,  22.26,  22.05,  22.11,  22.38,  21.88,  21.76,  22.02,  22.00,  21.70,  21.63,  21.67,  21.86
20151015, 0000,  , EX, 35.2N,   7.7W,  15, 1012,    0,    0,    0,    0,    0,    0,    0,    0,    0,    0,    0,    0, -999,  22.97,  22.94,  22.95,  23.01,  22.84,  22.90,  22.94,  22.75,  22.54,  22.53,  22.43,  22.37,  22.38,  22.40,  22.43,  22.46,  22.52,  22.46,  22.36,  22.35,  22.33,  22.48,  22.04,  22.00,  22.16,  22.08,  21.71,  21.62,  21.65,  21.77,  21.87
