AL111991,              GRACE,     18,
19911025, 1800,  , SD, 27.1N,  64.9W,  25, 1008, -999, -999, -999, -999, -999, -999, -999, -999, -999, -999, -999, -999, -999,  27.47,  27.44,  27.18,  27.12,  26.26,  26.36,  26.46,  26.71,  27.20,  27.09,  27.11,  27.11,  26.90,  26.42,  26.36,  26.31,  26.35,  26.40,  26.62,  26.68,  26.31,  26.71,  26.60,  26.02,  25.68,  25.73,  25.81,  25.82,  24.93,  24.68,  25.01
19911026, 0000,  , SD, 27.1N,  65.2W,  30, 1007, -999, -999, -999, -999, -999, -999, -999, -999, -999, -999, -999, -999, -999,  27.48,  27.18,  27.10,  26.27,  26.53,  26.54,  26.89,  27.33,  27.07,  27.00,  27.05,  26.84,  26.40,  26.33,  26.31,  26.36,  26.33,  26.35,  26.33,  26.02,  26.34,  26.22,  25.70,  25.37,  25.49,  25.46,  25.44,  24.68,  24.47,  25.07,  25.12
19911026, 0600,  , SS, 27.2N,  65.5W,  35, 1005, -999, -999, -999, -999, -999, -999, -999, -999, -999, -999, -999, -999, -999,  27.48,  27.18,  27.10,  26.27,  26.53,  26.54,  26.89,  27.33,  27.07,  27.00,  27.05,  26.84,  26.40,  26.33,  26.31,  26.36,  26.33,  26.35,  26.33,  26.02,  26.34,  26.22,  25.70,  25.37,  25.49,  25.46,  25.44,  24.68,  24.47,  25.07,  25.12
19911026, 1200,  , SS, 27.3N,  66.0W,  35, 1002, -999, -999, -999, -999, -999, -999, -999, -999, -999, -999, -999, -999, -999,  27.71,  27.47,  27.34,  26.36,  26.67,  26.78,  26.91,  27.27,  27.25,  27.23,  27.15,  26.99,  26.50,  26.44,  26.29,  26.24,  26.21,  25.90,  25.83,  25.36,  25.80,  25.75,  25.28,  24.99,  25.15,  25.08,  25.02,  25.06,  25.05,  25.17,  24.92
19911026, 1800,  , SS, 27.5N,  66.5W,  40,  997, -999, -999, -999, -999, -999, -999, -999, -999, -999, -999, -999, -999, -999,  27.91,  27.67,  27.55,  26.50,  26.67,  26.79,  27.07,  27.58,  27.58,  27.55,  27.34,  27.12,  26.68,  26.80,  26.64,  26.55,  26.52,  26.28,  26.10,  25.75,  26.09,  25.99,  25.48,  25.29,  25.31,  25.26,  25.30,  25.27,  25.26,  25.14,  24.62
19911027, 0000,  , SS, 28.1N,  67.1W,  45,  993, -999, -999, -999, -999, -999, -999, -999, -999, -999, -999, -999, -999, -999,  28.01,  27.76,  26.77,  26.74,  26.76,  26.98,  27.60,  27.72,  27.52,  27.13,  26.97,  26.70,  26.90,  26.82,  26.76,  26.68,  26.46,  26.08,  25.71,  25.97,  25.84,  25.32,  25.21,  25.21,  25.17,  25.24,  25.30,  25.36,  25.28,  24.70,  24.58
19911027, 0600,  , SS, 28.9N,  66.9W,  50,  990, -999, -999, -999, -999, -999, -999, -999, -999, -999, -999, -999, -999, -999,  27.68,  27.40,  26.47,  26.54,  26.57,  26.70,  27.31,  27.46,  27.34,  26.79,  26.82,  26.51,  26.43,  26.30,  26.04,  25.71,  25.56,  25.30,  25.11,  24.88,  24.67,  24.29,  24.31,  24.28,  24.24,  24.35,  24.51,  24.59,  24.58,  24.29,  24.11
19911027, 1200,  , SS, 29.8N,  66.4W,  55,  988, -999, -999, -999, -999, -999, -999, -999, -999, -999, -999, -999, -999, -999,  27.05,  26.91,  26.44,  25.92,  25.63,  25.63,  26.34,  26.61,  26.63,  26.41,  26.47,  26.26,  26.03,  25.91,  25.32,  25.14,  25.20,  25.23,  25.17,  24.69,  24.57,  24.23,  24.17,  24.28,  24.34,  24.35,  24.50,  24.79,  24.77,  24.28,  23.91
19911027, 1800,  , TS, 30.8N,  67.2W,  60,  987, -999, -999, -999, -999, -999, -999, -999, -999, -999, -999, -999, -999, -999,  25.95,  25.84,  25.55,  25.01,  25.18,  25.60,  25.99,  26.38,  26.54,  26.38,  25.81,  25.74,  25.35,  25.31,  24.70,  24.19,  24.09,  24.07,  23.95,  23.58,  23.56,  23.48,  23.59,  23.72,  23.75,  23.80,  23.76,  23.62,  23.29,  22.71,  22.68
19911028, 0000,  , HU, 31.6N,  68.1W,  65,  985, -999, -999, -999, -999, -999, -999, -999, -999, -999, -999, -999, -999, -999,  25.13,  25.10,  24.92,  24.74,  25.00,  25.30,  25.43,  25.50,  25.79,  25.37,  25.27,  24.84,  24.85,  24.92,  25.12,  24.59,  23.74,  23.81,  23.54,  23.41,  23.56,  23.76,  24.03,  24.07,  24.32,  24.31,  24.00,  22.88,  22.84,  22.91,  22.92
19911028, 0600,  , HU, 32.2N,  68.5W,  65,  983, -999, -999, -999, -999, -999, -999, -999, -999, -999, -999, -999, -999, -999,  25.12,  25.21,  24.97,  24.34,  24.52,  24.82,  24.80,  24.63,  25.23,  25.07,  24.90,  24.79,  24.69,  24.83,  24.97,  24.26,  23.03,  23.34,  23.20,  23.11,  23.18,  23.22,  23.29,  23.53,  24.00,  24.06,  23.60,  22.25,  22.49,  22.61,  22.63
19911028, 1200,  , HU, 32.3N,  68.5W,  65,  983, -999, -999, -999, -999, -999, -999, -999, -999, -999, -999, -999, -999, -999,  25.12,  25.21,  24.97,  24.34,  24.52,  24.82,  24.80,  24.63,  25.23,  25.07,  24.90,  24.79,  24.69,  24.83,  24.97,  24.26,  23.03,  23.34,  23.20,  23.11,  23.18,  23.22,  23.29,  23.53,  24.00,  24.06,  23.60,  22.25,  22.49,  22.61,  22.63
19911028, 1800,  , HU, 32.4N,  67.8W,  65,  982, -999, -999, -999, -999, -999, -999, -999, -999, -999, -999, -999, -999, -999,  25.20,  25.23,  24.89,  24.27,  24.63,  24.92,  24.84,  24.80,  24.90,  24.90,  24.94,  24.84,  24.68,  24.68,  24.71,  24.43,  23.76,  23.78,  23.26,  23.22,  23.33,  23.43,  23.55,  23.58,  23.95,  23.97,  23.90,  22.89,  22.74,  22.78,  22.76
19911029, 0000,  , HU, 31.8N,  66.8W,  70,  980, -999, -999, -999, -999, -999, -999, -999, -999, -999, -999, -999, -999, -999,  25.53,  24.92,  24.63,  24.74,  25.04,  25.20,  25.25,  25.14,  24.87,  24.79,  24.49,  24.56,  24.11,  23.44,  23.46,  23.52,  23.48,  22.90,  22.87,  22.91,  23.14,  23.14,  23.06,  22.98,  22.76,  22.99,  22.98,  22.35,  22.17,  22.39,  22.50
19911029, 0600,  , HU, 31.6N,  65.3W,  75,  981, -999, -999, -999, -999, -999, -999, -999, -999, -999, -999, -999, -999, -999,  24.96,  24.70,  23.98,  23.94,  24.38,  24.52,  24.30,  24.17,  24.24,  24.19,  24.03,  24.02,  23.57,  23.41,  23.55,  23.58,  23.72,  23.29,  23.16,  22.96,  23.07,  23.18,  23.45,  23.53,  23.18,  23.39,  23.28,  23.15,  22.91,  22.60,  22.56
19911029, 1200,  , HU, 31.5N,  63.2W,  85,  982, -999, -999, -999, -999, -999, -999, -999, -999, -999, -999, -999, -999, -999,  25.06,  24.75,  24.28,  24.64,  24.83,  24.84,  24.78,  24.79,  24.91,  24.98,  24.98,  25.23,  24.02,  24.18,  24.29,  24.28,  24.20,  23.93,  23.38,  23.06,  23.15,  23.30,  23.54,  23.60,  23.46,  23.33,  23.19,  23.24,  22.76,  22.73,  22.79
19911029, 1400, W, HU, 31.5N,  61.8W,  90,  982, -999, -999, -999, -999, -999, -999, -999, -999, -999, -999, -999, -999, -999,  25.13,  24.90,  24.93,  24.74,  25.01,  25.32,  25.29,  25.22,  25.13,  25.25,  25.24,  25.15,  23.93,  23.90,  24.08,  24.12,  24.01,  24.01,  23.67,  23.72,  24.01,  24.04,  24.08,  24.06,  23.85,  23.67,  23.51,  23.58,  23.44,  23.42,  23.35
19911029, 1800,  , EX, 32.5N,  59.0W,  75, -999, -999, -999, -999, -999, -999, -999, -999, -999, -999, -999, -999, -999, -999,  25.28,  25.19,  24.85,  24.76,  24.61,  24.73,  24.60,  24.35,  24.31,  24.78,  24.82,  24.81,  24.79,  24.15,  24.20,  24.15,  23.91,  23.73,  24.24,  24.38,  24.12,  24.06,  23.79,  23.77,  23.39,  22.95,  23.63,  23.66,  23.72,  23.31,  23.19
