AL112020,          JOSEPHINE,     24,
20200810, 1800,  , LO, 11.1N,  34.2W,  25, 1009,    0,    0,    0,    0,    0,    0,    0,    0,    0,    0,    0,    0, -999,  28.12,  28.07,  28.27,  28.16,  28.10,  28.00,  28.16,  28.14,  27.99,  27.59,  27.96,  27.92,  28.34,  28.14,  28.06,  28.32,  28.34,  28.31,  28.08,  28.19,  28.30,  28.38,  28.39,  28.36,  28.33,  28.27,  28.17,  28.23,  28.43,  28.20,  28.10
20200811, 0000,  , LO, 11.3N,  35.4W,  30, 1008,    0,    0,    0,    0,    0,    0,    0,    0,    0,    0,    0,    0, -999,  28.12,  27.88,  28.20,  27.93,  27.93,  28.25,  28.13,  27.98,  28.09,  28.50,  28.40,  28.67,  28.56,  28.53,  28.63,  28.64,  28.54,  28.38,  28.39,  28.41,  28.50,  28.55,  28.60,  28.63,  28.57,  28.66,  28.49,  28.58,  28.72,  28.75,  28.69
20200811, 0600,  , TD, 11.4N,  36.8W,  30, 1008,    0,    0,    0,    0,    0,    0,    0,    0,    0,    0,    0,    0, -999,  28.09,  27.73,  28.24,  28.23,  28.20,  28.06,  27.93,  27.92,  28.02,  28.18,  28.02,  28.36,  28.52,  28.52,  28.47,  28.52,  28.20,  28.40,  28.32,  28.46,  28.63,  28.67,  28.65,  28.59,  28.44,  28.25,  28.62,  28.81,  28.93,  28.95,  28.87
20200811, 1200,  , TD, 11.5N,  38.2W,  30, 1008,    0,    0,    0,    0,    0,    0,    0,    0,    0,    0,    0,    0, -999,  27.90,  27.59,  28.21,  28.22,  28.26,  28.30,  28.23,  28.35,  28.03,  28.10,  28.16,  28.39,  28.70,  28.58,  28.51,  28.51,  28.36,  28.12,  28.45,  28.54,  28.44,  28.36,  28.37,  28.41,  28.33,  28.38,  28.52,  28.65,  28.90,  28.90,  28.71
20200811, 1800,  , TD, 11.7N,  39.6W,  30, 1008,    0,    0,    0,    0,    0,    0,    0,    0,    0,    0,    0,    0, -999,  27.69,  27.71,  27.95,  27.82,  28.09,  28.18,  28.26,  28.17,  28.01,  28.00,  28.00,  27.82,  28.08,  28.34,  28.36,  28.37,  28.25,  28.26,  28.39,  28.41,  28.42,  28.32,  28.24,  27.71,  27.90,  28.18,  28.28,  28.37,  28.64,  28.73,  28.57
20200812, 0000,  , TD, 11.9N,  41.0W,  30, 1008,    0,    0,    0,    0,    0,    0,    0,    0,    0,    0,    0,    0, -999,  28.12,  27.76,  27.89,  28.10,  28.13,  27.99,  28.05,  27.80,  27.80,  27.76,  27.54,  27.78,  27.82,  27.88,  27.95,  27.96,  28.11,  28.13,  28.10,  27.87,  27.86,  28.04,  27.67,  27.68,  27.92,  28.12,  28.32,  28.47,  28.36,  27.31,  27.93
20200812, 0600,  , TD, 12.0N,  42.3W,  30, 1008,    0,    0,    0,    0,    0,    0,    0,    0,    0,    0,    0,    0, -999,  28.52,  28.31,  28.15,  28.25,  28.38,  28.08,  28.21,  28.26,  28.22,  28.07,  27.90,  28.05,  28.16,  28.13,  28.28,  28.26,  28.23,  28.26,  28.25,  28.07,  27.94,  27.89,  27.76,  27.80,  27.92,  28.19,  28.44,  28.63,  28.25,  27.65,  27.72
20200812, 1200,  , TD, 12.1N,  43.7W,  30, 1007,    0,    0,    0,    0,    0,    0,    0,    0,    0,    0,    0,    0, -999,  28.23,  28.25,  28.23,  28.24,  28.29,  28.18,  28.18,  28.32,  28.25,  28.05,  27.96,  28.09,  28.38,  28.43,  27.97,  28.14,  28.16,  28.15,  28.11,  28.01,  28.01,  28.02,  28.26,  28.30,  28.12,  28.22,  28.48,  28.58,  28.35,  27.93,  28.36
20200812, 1800,  , TD, 12.2N,  44.9W,  30, 1007,    0,    0,    0,    0,    0,    0,    0,    0,    0,    0,    0,    0, -999,  27.78,  28.17,  28.28,  28.31,  28.34,  28.24,  28.07,  28.09,  28.04,  28.06,  28.01,  28.02,  28.30,  28.21,  28.11,  28.16,  28.21,  28.16,  28.16,  27.97,  27.97,  28.00,  28.47,  28.53,  28.28,  28.43,  28.56,  28.56,  28.50,  28.25,  28.27
20200813, 0000,  , TD, 12.4N,  46.1W,  30, 1007,    0,    0,    0,    0,    0,    0,    0,    0,    0,    0,    0,    0, -999,  27.82,  27.94,  28.08,  28.10,  27.99,  27.65,  27.46,  27.39,  27.40,  27.48,  27.45,  28.09,  28.04,  28.00,  27.87,  27.86,  27.80,  27.94,  27.90,  27.92,  27.95,  28.11,  27.96,  27.96,  28.11,  28.21,  28.29,  28.43,  28.20,  28.35,  28.50
20200813, 0600,  , TD, 12.7N,  47.3W,  30, 1007,    0,    0,    0,    0,    0,    0,    0,    0,    0,    0,    0,    0, -999,  27.94,  27.80,  28.01,  28.21,  28.11,  27.92,  27.84,  27.68,  27.63,  27.77,  27.75,  28.10,  28.10,  27.99,  27.85,  27.78,  27.87,  27.99,  28.04,  28.07,  27.85,  27.75,  27.66,  27.77,  27.99,  28.16,  28.36,  28.41,  28.11,  28.16,  28.22
20200813, 1200,  , TS, 13.4N,  48.6W,  40, 1005,   90,    0,    0,   90,    0,    0,    0,    0,    0,    0,    0,    0, -999,  27.72,  27.73,  27.81,  28.12,  27.94,  27.90,  27.95,  27.66,  27.59,  27.80,  27.65,  27.94,  28.01,  28.09,  28.13,  28.07,  27.85,  27.76,  27.76,  27.78,  27.72,  27.60,  27.56,  27.66,  27.85,  28.05,  28.16,  28.14,  27.89,  28.07,  28.27
20200813, 1800,  , TS, 14.0N,  50.0W,  40, 1005,   80,    0,    0,   80,    0,    0,    0,    0,    0,    0,    0,    0, -999,  27.78,  28.01,  28.00,  28.06,  28.20,  28.07,  28.17,  27.93,  27.88,  27.79,  27.64,  28.00,  28.09,  28.17,  28.29,  28.33,  28.05,  27.85,  27.88,  27.93,  28.01,  28.06,  28.00,  27.99,  27.95,  28.13,  28.23,  28.39,  28.20,  28.31,  28.45
20200814, 0000,  , TS, 14.5N,  51.3W,  35, 1005,   70,    0,    0,   70,    0,    0,    0,    0,    0,    0,    0,    0, -999,  28.44,  28.35,  28.35,  28.13,  28.25,  28.47,  28.39,  28.19,  27.92,  27.84,  28.38,  28.46,  28.33,  28.27,  28.29,  28.17,  27.90,  27.92,  27.99,  28.03,  28.12,  28.11,  28.08,  27.86,  28.26,  28.39,  28.49,  28.50,  28.44,  28.40,  28.38
20200814, 0600,  , TS, 15.1N,  52.8W,  35, 1005,   70,    0,    0,   70,    0,    0,    0,    0,    0,    0,    0,    0, -999,  28.30,  27.97,  28.13,  28.26,  28.37,  28.50,  28.79,  28.31,  28.00,  28.09,  28.43,  28.46,  28.35,  28.27,  28.33,  28.39,  28.26,  28.00,  27.99,  28.19,  28.08,  28.08,  28.32,  28.19,  28.24,  28.34,  28.46,  28.45,  28.39,  28.36,  28.30
20200814, 1200,  , TS, 16.2N,  54.2W,  35, 1005,   70,    0,    0,   70,    0,    0,    0,    0,    0,    0,    0,    0, -999,  28.54,  28.48,  28.82,  28.82,  28.60,  28.66,  28.90,  28.78,  28.44,  28.41,  28.47,  28.59,  28.67,  28.59,  28.57,  28.64,  28.33,  28.15,  28.10,  28.23,  28.31,  28.38,  28.55,  28.64,  28.69,  28.88,  29.02,  28.98,  28.58,  28.39,  28.39
20200814, 1800,  , TS, 17.4N,  55.6W,  40, 1004,   80,    0,    0,   60,    0,    0,    0,    0,    0,    0,    0,    0, -999,  28.58,  28.57,  28.64,  28.62,  28.59,  28.66,  28.67,  28.76,  28.79,  28.50,  28.49,  28.50,  28.56,  28.57,  28.59,  28.56,  28.44,  28.02,  27.94,  28.05,  28.18,  28.13,  28.12,  28.89,  28.88,  28.72,  28.67,  28.70,  28.44,  28.49,  28.46
20200815, 0000,  , TS, 18.0N,  56.9W,  40, 1004,   80,    0,    0,   40,    0,    0,    0,    0,    0,    0,    0,    0, -999,  28.41,  28.51,  28.53,  28.06,  28.15,  28.50,  28.84,  28.76,  28.26,  28.53,  28.69,  28.71,  28.59,  28.53,  28.47,  28.45,  28.38,  28.11,  28.14,  28.37,  28.31,  28.25,  28.59,  28.59,  28.74,  28.74,  28.72,  28.32,  28.33,  28.34,  28.39
20200815, 0600,  , TS, 18.4N,  58.3W,  40, 1005,   80,    0,    0,   20,    0,    0,    0,    0,    0,    0,    0,    0, -999,  28.63,  28.30,  28.40,  28.26,  28.03,  28.46,  28.66,  28.38,  28.02,  28.28,  28.53,  28.59,  28.61,  28.63,  28.59,  28.58,  28.40,  28.25,  28.27,  28.43,  28.37,  28.19,  28.68,  28.75,  28.89,  28.92,  28.92,  28.14,  28.22,  28.42,  28.66
20200815, 1200,  , TS, 18.8N,  59.7W,  35, 1007,   90,    0,    0,    0,    0,    0,    0,    0,    0,    0,    0,    0, -999,  28.88,  28.68,  28.65,  28.61,  28.36,  28.55,  28.83,  28.85,  28.52,  28.70,  28.83,  28.88,  28.80,  28.77,  28.85,  28.85,  28.77,  28.37,  28.50,  28.64,  28.67,  28.67,  28.77,  28.70,  28.78,  28.85,  28.86,  28.01,  28.05,  28.14,  28.31
20200815, 1800,  , TS, 19.6N,  60.9W,  35, 1009,  100,    0,    0,    0,    0,    0,    0,    0,    0,    0,    0,    0, -999,  28.81,  28.72,  28.37,  28.31,  28.16,  28.18,  28.24,  28.55,  28.33,  28.51,  28.61,  28.61,  28.56,  28.54,  28.60,  28.63,  28.51,  28.25,  28.42,  28.38,  28.38,  28.43,  28.54,  28.62,  28.84,  28.90,  28.93,  28.67,  28.38,  28.28,  28.26
20200816, 0000,  , TS, 19.8N,  62.1W,  35, 1009,  100,    0,    0,    0,    0,    0,    0,    0,    0,    0,    0,    0, -999,  29.18,  28.92,  28.95,  28.74,  28.44,  28.64,  28.93,  28.64,  28.82,  28.92,  28.95,  28.85,  28.84,  28.92,  28.98,  28.87,  28.68,  28.64,  28.64,  28.62,  28.66,  28.57,  28.41,  28.77,  28.79,  28.90,  28.91,  28.40,  28.21,  27.96,  28.45
20200816, 0600,  , TD, 20.0N,  63.4W,  30, 1010,    0,    0,    0,    0,    0,    0,    0,    0,    0,    0,    0,    0, -999,  29.19,  28.78,  28.75,  28.69,  28.39,  28.73,  28.99,  28.74,  28.92,  28.94,  28.88,  28.89,  28.93,  29.09,  28.93,  28.78,  28.68,  28.68,  28.76,  28.65,  28.66,  28.71,  28.72,  28.82,  28.78,  28.85,  28.52,  28.30,  28.24,  28.26,  28.48
20200816, 1200,  , TD, 20.2N,  64.5W,  30, 1010,    0,    0,    0,    0,    0,    0,    0,    0,    0,    0,    0,    0, -999,  29.08,  28.89,  28.87,  28.86,  28.50,  28.80,  29.05,  28.82,  28.91,  28.97,  28.98,  28.97,  29.12,  29.37,  29.12,  28.90,  28.88,  28.87,  28.87,  28.91,  28.75,  28.72,  28.76,  28.73,  29.01,  28.97,  28.76,  28.64,  28.35,  28.64,  28.56
