AL111989,               HUGO,     64,
19890910, 1200,  , TD, 13.2N,  20.0W,  25, 1010, -999, -999, -999, -999, -999, -999, -999, -999, -999, -999, -999, -999, -999,  27.69,  27.66,  27.81,  27.83,  28.23,  26.90,  27.00,  27.21,  27.28,  27.30,  27.32,  27.92,  28.37,  27.70,  27.35,  26.96,  27.06,  27.09,  27.41,  27.69,  27.55,  27.52,  27.50,  27.49,  29.46,  29.41,  27.14,  26.44,  27.16,  28.41,  28.52
19890910, 1800,  , TD, 13.3N,  21.8W,  25, 1010, -999, -999, -999, -999, -999, -999, -999, -999, -999, -999, -999, -999, -999,  27.38,  27.66,  27.41,  27.40,  27.42,  26.72,  26.81,  26.89,  27.34,  26.95,  27.25,  27.54,  27.93,  28.01,  27.99,  27.14,  27.19,  27.20,  28.36,  28.42,  28.36,  27.31,  27.20,  27.64,  29.12,  29.27,  28.05,  26.08,  26.14,  27.05,  27.45
19890911, 0000,  , TD, 13.2N,  23.7W,  30, 1009, -999, -999, -999, -999, -999, -999, -999, -999, -999, -999, -999, -999, -999,  28.29,  27.72,  27.56,  27.51,  27.40,  27.26,  26.31,  26.68,  26.96,  27.06,  27.07,  27.29,  27.30,  26.64,  26.25,  26.62,  26.39,  27.07,  27.71,  27.07,  26.70,  26.70,  25.85,  26.15,  27.14,  26.92,  26.11,  26.42,  27.22,  27.62,  26.90
19890911, 0600,  , TD, 13.0N,  25.5W,  30, 1007, -999, -999, -999, -999, -999, -999, -999, -999, -999, -999, -999, -999, -999,  28.34,  28.13,  27.99,  27.74,  27.84,  27.89,  26.73,  26.80,  27.13,  27.08,  27.23,  27.35,  27.08,  26.98,  27.02,  27.02,  26.91,  26.77,  27.85,  27.81,  27.65,  27.50,  26.90,  27.10,  27.49,  27.03,  26.49,  26.73,  27.29,  27.65,  27.08
19890911, 1200,  , TD, 12.8N,  27.3W,  30, 1005, -999, -999, -999, -999, -999, -999, -999, -999, -999, -999, -999, -999, -999,  28.02,  28.00,  27.99,  27.94,  27.45,  26.63,  26.48,  26.54,  26.87,  26.94,  27.02,  26.51,  26.25,  26.40,  26.67,  26.65,  26.35,  26.09,  28.22,  28.71,  28.54,  26.37,  26.20,  26.38,  27.73,  27.73,  27.03,  26.88,  26.98,  27.55,  27.20
19890911, 1800,  , TS, 12.5N,  29.2W,  35, 1003, -999, -999, -999, -999, -999, -999, -999, -999, -999, -999, -999, -999, -999,  28.34,  28.23,  28.29,  27.87,  27.82,  26.36,  26.40,  26.74,  26.72,  26.64,  29.52,  28.86,  26.69,  26.15,  26.57,  26.75,  26.49,  26.43,  26.52,  26.61,  28.39,  28.18,  27.47,  26.47,  26.37,  27.34,  27.64,  27.58,  27.66,  27.61,  27.63
19890912, 0000,  , TS, 12.5N,  31.0W,  40, 1002, -999, -999, -999, -999, -999, -999, -999, -999, -999, -999, -999, -999, -999,  27.82,  27.70,  27.60,  27.49,  26.51,  26.70,  26.74,  26.93,  26.87,  28.59,  28.40,  27.96,  26.56,  26.28,  26.72,  26.78,  27.03,  26.96,  26.54,  26.60,  27.59,  28.15,  28.10,  28.13,  27.98,  27.72,  27.41,  27.22,  27.28,  27.36,  27.40
19890912, 0600,  , TS, 12.5N,  32.9W,  45, 1000, -999, -999, -999, -999, -999, -999, -999, -999, -999, -999, -999, -999, -999,  27.55,  27.51,  27.75,  27.80,  27.12,  26.33,  26.26,  26.45,  26.47,  27.09,  28.41,  28.83,  26.73,  26.41,  26.14,  26.69,  26.97,  26.96,  26.61,  26.69,  27.70,  28.54,  28.40,  28.21,  28.16,  28.03,  28.02,  27.37,  27.47,  28.00,  27.99
19890912, 1200,  , TS, 12.5N,  34.8W,  45,  998, -999, -999, -999, -999, -999, -999, -999, -999, -999, -999, -999, -999, -999,  27.40,  27.49,  27.54,  28.06,  28.22,  27.65,  27.36,  26.23,  26.20,  26.32,  26.90,  26.91,  27.27,  26.24,  26.16,  26.15,  26.73,  27.02,  27.29,  27.81,  27.82,  27.62,  27.21,  27.14,  28.21,  28.10,  28.08,  27.18,  27.30,  28.03,  27.60
19890912, 1800,  , TS, 12.6N,  36.7W,  50,  996, -999, -999, -999, -999, -999, -999, -999, -999, -999, -999, -999, -999, -999,  27.69,  27.62,  27.58,  27.41,  27.38,  27.40,  26.37,  26.48,  26.58,  26.55,  26.44,  26.69,  26.75,  26.48,  26.19,  26.17,  26.15,  26.19,  26.27,  26.39,  26.43,  27.08,  27.52,  26.82,  26.80,  27.72,  27.84,  28.20,  28.06,  27.65,  27.48
19890913, 0000,  , TS, 12.6N,  38.2W,  55,  994, -999, -999, -999, -999, -999, -999, -999, -999, -999, -999, -999, -999, -999,  27.82,  27.72,  27.57,  27.60,  27.63,  26.96,  27.05,  27.14,  26.89,  26.82,  26.82,  26.44,  26.04,  26.05,  26.17,  26.58,  26.73,  26.77,  26.91,  26.66,  27.52,  27.61,  26.75,  26.66,  27.27,  27.24,  27.63,  27.75,  27.55,  27.55,  27.69
19890913, 0600,  , TS, 12.7N,  40.0W,  55,  992, -999, -999, -999, -999, -999, -999, -999, -999, -999, -999, -999, -999, -999,  28.53,  28.63,  28.07,  27.99,  27.53,  27.56,  27.59,  27.25,  26.79,  26.73,  26.82,  26.90,  27.09,  27.14,  27.15,  28.38,  28.37,  27.30,  27.09,  26.51,  26.64,  26.78,  26.82,  27.18,  27.39,  27.51,  27.53,  28.01,  27.83,  27.33,  27.18
19890913, 1200,  , TS, 12.8N,  41.8W,  60,  990, -999, -999, -999, -999, -999, -999, -999, -999, -999, -999, -999, -999, -999,  27.90,  27.89,  26.38,  26.34,  27.60,  27.75,  27.33,  27.31,  26.83,  26.66,  26.72,  27.07,  27.10,  26.81,  26.65,  26.69,  26.48,  26.46,  26.67,  26.81,  26.76,  27.11,  27.12,  27.59,  27.73,  27.49,  27.41,  28.28,  28.21,  27.80,  27.35
19890913, 1800,  , HU, 12.8N,  43.5W,  65,  987, -999, -999, -999, -999, -999, -999, -999, -999, -999, -999, -999, -999, -999,  28.23,  28.31,  28.27,  28.38,  28.52,  27.86,  27.66,  27.45,  26.50,  26.20,  26.15,  26.34,  26.56,  27.09,  27.22,  27.25,  27.63,  27.58,  27.26,  27.09,  27.20,  27.38,  27.01,  26.81,  27.35,  27.06,  27.15,  27.36,  28.47,  27.99,  27.44
19890914, 0000,  , HU, 12.9N,  44.9W,  70,  984, -999, -999, -999, -999, -999, -999, -999, -999, -999, -999, -999, -999, -999,  28.26,  28.31,  28.29,  28.28,  27.93,  27.94,  27.71,  27.20,  26.70,  26.39,  26.34,  26.52,  26.81,  26.94,  26.92,  27.10,  26.81,  26.84,  26.87,  27.06,  26.89,  26.67,  26.81,  27.50,  27.43,  27.36,  27.45,  27.87,  27.57,  27.68,  27.67
19890914, 0600,  , HU, 13.0N,  46.3W,  80,  980, -999, -999, -999, -999, -999, -999, -999, -999, -999, -999, -999, -999, -999,  28.07,  28.09,  27.95,  27.86,  27.44,  27.29,  27.26,  27.52,  26.95,  27.02,  27.08,  27.21,  27.16,  27.28,  27.27,  27.60,  27.43,  26.89,  26.76,  26.78,  26.81,  26.54,  26.57,  27.26,  27.29,  27.45,  27.74,  27.98,  28.04,  27.90,  28.40
19890914, 1200,  , HU, 13.2N,  47.8W,  85,  975, -999, -999, -999, -999, -999, -999, -999, -999, -999, -999, -999, -999, -999,  27.95,  27.30,  27.59,  27.73,  27.42,  26.87,  26.84,  26.92,  26.96,  26.27,  26.58,  27.01,  26.80,  26.75,  27.04,  27.45,  27.40,  26.86,  26.80,  27.13,  27.27,  26.74,  26.65,  26.98,  27.18,  27.30,  27.80,  27.99,  27.75,  28.23,  28.68
19890914, 1800,  , HU, 13.6N,  49.1W,  90,  970, -999, -999, -999, -999, -999, -999, -999, -999, -999, -999, -999, -999, -999,  27.93,  27.98,  27.72,  27.66,  27.49,  26.79,  26.76,  27.11,  27.07,  28.00,  28.32,  28.24,  27.67,  27.30,  27.16,  27.10,  27.01,  26.93,  26.99,  27.16,  27.92,  27.85,  27.83,  27.10,  26.88,  27.19,  27.48,  27.66,  27.81,  28.17,  28.35
19890915, 0000,  , HU, 13.8N,  50.5W, 100,  962, -999, -999, -999, -999, -999, -999, -999, -999, -999, -999, -999, -999, -999,  28.68,  27.39,  27.38,  27.55,  27.27,  27.28,  27.56,  27.58,  28.24,  28.27,  28.61,  28.33,  27.90,  27.25,  27.04,  27.24,  27.29,  27.37,  27.52,  28.62,  28.73,  28.16,  27.39,  27.50,  27.35,  27.50,  27.37,  27.50,  27.80,  27.83,  28.67
19890915, 0600,  , HU, 14.0N,  51.9W, 110,  957, -999, -999, -999, -999, -999, -999, -999, -999, -999, -999, -999, -999, -999,  28.97,  28.10,  28.07,  28.00,  27.17,  26.74,  27.09,  27.15,  26.94,  27.48,  27.86,  28.11,  28.37,  27.74,  27.66,  27.88,  28.02,  27.88,  28.00,  28.04,  27.37,  26.76,  26.85,  27.02,  27.20,  27.56,  27.65,  28.20,  28.40,  27.71,  28.76
19890915, 1200,  , HU, 14.2N,  53.3W, 125,  940, -999, -999, -999, -999, -999, -999, -999, -999, -999, -999, -999, -999, -999,  28.70,  28.35,  27.84,  28.24,  28.35,  28.61,  28.58,  28.54,  28.51,  28.42,  28.19,  28.21,  28.34,  28.08,  28.69,  28.80,  28.77,  28.57,  28.49,  28.55,  28.79,  27.15,  27.01,  27.42,  27.13,  27.33,  27.38,  27.91,  27.27,  27.45,  27.99
19890915, 1800,  , HU, 14.6N,  54.6W, 140,  918, -999, -999, -999, -999, -999, -999, -999, -999, -999, -999, -999, -999, -999,  28.22,  28.14,  27.04,  27.27,  27.32,  27.58,  27.63,  27.64,  27.71,  27.54,  27.87,  27.98,  27.93,  27.93,  28.02,  28.04,  28.06,  28.07,  28.09,  28.08,  28.08,  27.57,  27.78,  27.73,  27.26,  27.18,  27.18,  27.19,  27.65,  27.89,  27.95
19890916, 0000,  , HU, 14.8N,  56.1W, 135,  923, -999, -999, -999, -999, -999, -999, -999, -999, -999, -999, -999, -999, -999,  28.47,  28.28,  27.88,  27.71,  27.93,  28.25,  27.78,  27.47,  27.27,  27.86,  28.18,  28.18,  28.28,  28.00,  27.92,  27.90,  27.89,  27.90,  27.97,  28.02,  27.90,  27.95,  27.74,  27.28,  27.27,  27.48,  27.56,  28.20,  28.03,  27.39,  27.95
19890916, 0600,  , HU, 15.1N,  57.3W, 130,  927, -999, -999, -999, -999, -999, -999, -999, -999, -999, -999, -999, -999, -999,  28.37,  28.49,  27.73,  27.35,  27.87,  28.07,  28.52,  28.29,  27.69,  27.90,  27.93,  28.10,  28.23,  27.32,  27.29,  27.45,  27.64,  27.71,  27.84,  28.12,  28.20,  28.22,  28.25,  28.26,  28.29,  28.44,  28.46,  28.48,  28.11,  27.57,  27.53
19890916, 1200,  , HU, 15.4N,  58.4W, 120,  940, -999, -999, -999, -999, -999, -999, -999, -999, -999, -999, -999, -999, -999,  28.66,  28.66,  28.41,  27.90,  29.00,  28.82,  28.54,  28.50,  28.13,  28.32,  28.04,  28.25,  28.27,  28.17,  28.11,  28.27,  28.47,  28.55,  28.57,  28.51,  28.51,  28.51,  28.47,  28.34,  28.22,  28.26,  28.27,  28.07,  27.97,  28.10,  28.09
19890916, 1800,  , HU, 15.8N,  59.4W, 120,  941, -999, -999, -999, -999, -999, -999, -999, -999, -999, -999, -999, -999, -999,  28.79,  28.88,  28.69,  28.19,  28.92,  29.45,  29.42,  28.77,  27.74,  27.53,  27.90,  28.61,  28.61,  28.34,  28.32,  28.44,  28.59,  28.70,  28.49,  28.25,  28.12,  27.83,  27.74,  27.58,  27.41,  27.15,  27.02,  27.63,  27.89,  28.36,  27.97
19890917, 0000,  , HU, 16.1N,  60.4W, 120,  941, -999, -999, -999, -999, -999, -999, -999, -999, -999, -999, -999, -999, -999,  28.51,  28.27,  27.82,  28.00,  28.79,  28.97,  28.74,  27.86,  27.87,  28.03,  28.47,  28.46,  28.17,  28.18,  28.28,  28.35,  28.12,  28.14,  28.02,  28.10,  28.04,  27.92,  27.64,  27.62,  26.99,  26.70,  27.26,  27.63,  28.02,  27.61,  27.64
19890917, 0500, L, HU, 16.3N,  61.3W, 120,  941, -999, -999, -999, -999, -999, -999, -999, -999, -999, -999, -999, -999, -999,  28.66,  28.69,  28.04,  28.00,  28.43,  28.95,  28.72,  28.15,  27.62,  27.94,  28.28,  28.33,  28.23,  28.18,  27.95,  27.99,  27.49,  27.36,  27.43,  27.85,  28.18,  28.13,  27.84,  27.64,  27.47,  27.51,  27.82,  28.03,  28.20,  27.78,  27.66
19890917, 0600,  , HU, 16.4N,  61.5W, 120,  943, -999, -999, -999, -999, -999, -999, -999, -999, -999, -999, -999, -999, -999,  28.77,  28.79,  28.17,  28.24,  28.09,  28.68,  28.86,  28.73,  27.90,  28.13,  28.32,  28.35,  28.23,  28.24,  28.16,  28.08,  27.50,  27.49,  27.55,  27.99,  28.34,  28.32,  28.10,  27.80,  27.52,  27.23,  27.66,  28.13,  28.16,  27.73,  27.69
19890917, 1200,  , HU, 16.6N,  62.5W, 125,  949, -999, -999, -999, -999, -999, -999, -999, -999, -999, -999, -999, -999, -999,  29.03,  29.00,  28.53,  28.30,  28.04,  27.90,  28.52,  29.24,  29.30,  28.97,  28.53,  28.34,  28.21,  28.36,  28.24,  28.25,  27.61,  27.55,  27.62,  27.86,  28.08,  28.11,  28.00,  27.60,  27.59,  27.34,  27.33,  28.45,  28.50,  28.07,  28.07
19890917, 1800,  , HU, 16.9N,  63.5W, 125,  945, -999, -999, -999, -999, -999, -999, -999, -999, -999, -999, -999, -999, -999,  29.09,  28.47,  28.42,  28.29,  28.03,  28.02,  28.37,  28.91,  28.98,  29.01,  29.00,  28.70,  28.49,  28.78,  28.67,  28.67,  28.01,  27.99,  27.99,  28.00,  28.30,  27.94,  27.71,  27.19,  27.05,  26.84,  26.87,  27.88,  28.29,  28.31,  28.38
19890918, 0000,  , HU, 17.2N,  64.1W, 130,  934, -999, -999, -999, -999, -999, -999, -999, -999, -999, -999, -999, -999, -999,  28.47,  28.45,  28.63,  28.61,  28.59,  28.22,  28.78,  29.02,  29.05,  28.87,  28.88,  28.81,  29.28,  29.27,  29.26,  28.54,  28.45,  28.33,  28.20,  28.10,  27.83,  27.82,  27.25,  27.11,  27.02,  27.11,  27.97,  28.13,  28.12,  28.52,  28.64
19890918, 0600, L, HU, 17.7N,  64.8W, 120,  940, -999, -999, -999, -999, -999, -999, -999, -999, -999, -999, -999, -999,   10,  28.47,  28.69,  28.92,  28.73,  28.49,  28.09,  28.63,  28.97,  28.96,  28.83,  28.96,  28.35,  28.81,  28.91,  28.98,  28.61,  28.57,  28.46,  28.20,  27.71,  27.68,  27.95,  27.71,  27.30,  27.03,  27.16,  27.78,  27.81,  27.84,  28.40,  28.67
19890918, 1200, L, HU, 18.2N,  65.5W, 110,  945, -999, -999, -999, -999, -999, -999, -999, -999, -999, -999, -999, -999,   15,  28.29,  28.45,  28.67,  28.38,  28.52,  28.69,  28.49,  29.16,  29.25,  29.16,  29.32,  28.37,  28.47,  28.86,  28.90,  28.81,  28.51,  28.39,  28.14,  27.89,  28.19,  28.51,  28.03,  27.62,  27.33,  27.66,  27.71,  27.72,  27.83,  28.40,  28.43
19890918, 1300, L, HU, 18.3N,  65.6W, 110,  946, -999, -999, -999, -999, -999, -999, -999, -999, -999, -999, -999, -999,   15,  28.31,  28.47,  28.72,  28.53,  28.64,  28.76,  28.46,  29.20,  29.29,  29.23,  29.38,  28.51,  28.55,  28.94,  28.98,  28.89,  28.53,  28.46,  28.19,  27.95,  28.23,  28.56,  27.94,  27.67,  27.64,  27.87,  27.88,  27.79,  28.06,  28.50,  28.33
19890918, 1800,  , HU, 19.1N,  66.4W, 105,  958, -999, -999, -999, -999, -999, -999, -999, -999, -999, -999, -999, -999, -999,  27.83,  27.78,  27.91,  28.42,  28.60,  28.71,  28.68,  28.63,  28.49,  28.42,  28.40,  28.21,  28.30,  28.84,  28.90,  28.45,  27.63,  27.17,  27.34,  28.02,  28.24,  28.07,  27.95,  27.76,  27.75,  27.82,  27.78,  27.63,  27.68,  27.60,  28.07
19890919, 0000,  , HU, 19.7N,  66.8W, 100,  959, -999, -999, -999, -999, -999, -999, -999, -999, -999, -999, -999, -999, -999,  27.71,  27.71,  28.21,  28.45,  28.78,  28.80,  28.70,  28.44,  28.25,  27.93,  27.75,  27.85,  28.50,  28.47,  28.26,  27.56,  27.14,  27.37,  28.09,  28.16,  27.96,  27.69,  27.62,  27.64,  27.80,  27.84,  27.72,  27.78,  27.67,  28.12,  28.25
19890919, 0600,  , HU, 20.7N,  67.3W,  90,  962, -999, -999, -999, -999, -999, -999, -999, -999, -999, -999, -999, -999, -999,  27.96,  28.03,  28.56,  28.77,  28.90,  29.10,  29.13,  28.63,  28.55,  27.90,  27.83,  28.08,  28.41,  28.27,  28.23,  28.03,  27.97,  27.49,  27.60,  27.33,  27.32,  27.39,  27.63,  27.56,  27.46,  27.45,  27.37,  27.52,  28.04,  28.35,  28.41
19890919, 1200,  , HU, 21.6N,  68.0W,  90,  964, -999, -999, -999, -999, -999, -999, -999, -999, -999, -999, -999, -999, -999,  27.73,  28.16,  28.74,  28.92,  28.84,  28.78,  28.76,  28.41,  28.27,  28.01,  28.08,  28.44,  28.61,  28.87,  28.84,  28.57,  28.55,  27.44,  27.22,  27.36,  27.35,  27.41,  27.29,  27.42,  27.77,  27.94,  27.90,  27.75,  28.05,  28.16,  28.17
19890919, 1800,  , HU, 22.6N,  68.6W,  90,  966, -999, -999, -999, -999, -999, -999, -999, -999, -999, -999, -999, -999, -999,  28.19,  28.54,  28.94,  29.10,  28.86,  28.74,  28.71,  28.48,  28.48,  28.53,  28.47,  28.54,  28.66,  28.81,  28.33,  28.13,  28.15,  26.94,  27.16,  27.62,  27.64,  27.47,  28.11,  28.33,  28.02,  27.68,  27.64,  27.73,  27.75,  28.31,  28.20
19890920, 0000,  , HU, 23.5N,  69.3W,  90,  957, -999, -999, -999, -999, -999, -999, -999, -999, -999, -999, -999, -999, -999,  28.76,  29.08,  29.23,  29.14,  29.07,  29.17,  28.89,  28.82,  28.68,  28.59,  28.45,  28.56,  28.92,  28.62,  28.46,  28.45,  26.92,  26.94,  27.27,  27.32,  27.32,  27.75,  28.09,  28.12,  27.90,  27.98,  28.10,  28.05,  28.04,  28.10,  28.36
19890920, 0600,  , HU, 24.4N,  70.1W,  90,  957, -999, -999, -999, -999, -999, -999, -999, -999, -999, -999, -999, -999, -999,  28.82,  29.37,  29.44,  29.19,  29.06,  29.27,  29.18,  29.22,  29.06,  28.95,  28.72,  28.62,  29.10,  28.88,  28.70,  28.75,  27.50,  27.62,  27.75,  27.78,  27.54,  27.40,  27.52,  27.56,  27.81,  26.61,  26.55,  26.84,  27.61,  27.64,  28.02
19890920, 1200,  , HU, 25.2N,  71.0W,  95,  958, -999, -999, -999, -999, -999, -999, -999, -999, -999, -999, -999, -999, -999,  28.62,  28.93,  29.04,  29.00,  28.93,  29.07,  29.21,  29.17,  29.14,  29.02,  28.69,  28.65,  29.19,  29.19,  29.11,  29.06,  27.55,  27.58,  27.64,  27.78,  27.62,  27.44,  27.44,  27.44,  27.54,  26.46,  26.35,  26.87,  28.17,  28.17,  28.02
19890920, 1800,  , HU, 26.3N,  72.2W,  95,  953, -999, -999, -999, -999, -999, -999, -999, -999, -999, -999, -999, -999, -999,  28.75,  28.74,  28.93,  29.05,  28.45,  28.35,  28.10,  28.00,  28.58,  28.62,  28.57,  28.72,  28.80,  28.78,  28.70,  28.67,  27.25,  27.41,  27.46,  27.20,  27.25,  27.07,  27.04,  27.24,  26.65,  26.97,  27.15,  27.55,  27.88,  27.72,  27.66
19890921, 0000,  , HU, 27.2N,  73.4W, 100,  950, -999, -999, -999, -999, -999, -999, -999, -999, -999, -999, -999, -999, -999,  28.85,  29.04,  29.47,  28.96,  28.71,  28.60,  28.57,  28.36,  28.21,  28.22,  28.56,  28.71,  28.54,  28.49,  28.45,  27.00,  27.24,  27.32,  27.32,  27.35,  26.99,  26.87,  27.12,  26.66,  26.33,  26.09,  26.68,  27.32,  27.19,  27.23,  27.28
19890921, 0600,  , HU, 28.0N,  74.9W, 100,  950, -999, -999, -999, -999, -999, -999, -999, -999, -999, -999, -999, -999, -999,  28.93,  29.08,  28.70,  29.04,  29.18,  29.01,  28.25,  28.05,  28.22,  28.33,  28.33,  28.46,  28.50,  28.18,  28.04,  26.50,  26.47,  26.67,  26.67,  26.74,  26.74,  26.87,  26.39,  26.11,  26.28,  26.44,  26.80,  27.07,  27.16,  27.26,  27.28
19890921, 1200,  , HU, 29.0N,  76.1W, 110,  948, -999, -999, -999, -999, -999, -999, -999, -999, -999, -999, -999, -999, -999,  28.90,  28.86,  28.70,  28.88,  28.94,  28.92,  28.46,  28.42,  28.71,  28.73,  28.75,  28.86,  28.94,  28.86,  28.72,  28.29,  28.25,  27.69,  27.24,  27.23,  27.33,  27.43,  26.64,  26.61,  26.51,  26.40,  27.18,  27.44,  27.67,  27.72,  27.64
19890921, 1800,  , HU, 30.2N,  77.5W, 120,  944, -999, -999, -999, -999, -999, -999, -999, -999, -999, -999, -999, -999, -999,  28.16,  28.17,  28.59,  28.55,  28.65,  28.75,  28.41,  27.86,  27.65,  28.14,  28.38,  28.40,  28.19,  27.83,  27.82,  28.10,  28.24,  27.36,  26.73,  27.05,  27.93,  28.14,  27.55,  27.11,  26.92,  26.84,  27.50,  27.48,  27.90,  28.14,  27.86
19890922, 0000,  , HU, 31.7N,  78.8W, 120,  935, -999, -999, -999, -999, -999, -999, -999, -999, -999, -999, -999, -999, -999,  27.92,  28.49,  28.65,  28.88,  29.07,  29.02,  28.65,  28.53,  28.51,  28.32,  28.11,  28.26,  28.09,  27.85,  28.10,  28.29,  28.30,  28.01,  27.70,  27.75,  28.34,  28.12,  28.17,  28.21,  29.27,  29.26,  28.95,  28.85,  28.81,  29.26,  29.11
19890922, 0400, L, HU, 32.8N,  79.8W, 120,  934, -999, -999, -999, -999, -999, -999, -999, -999, -999, -999, -999, -999,   20,    nan,    nan,    nan,    nan,    nan,    nan,    nan,    nan,    nan,    nan,    nan,    nan,    nan,    nan,    nan,    nan,    nan,    nan,    nan,    nan,    nan,    nan,    nan,    nan,    nan,    nan,    nan,    nan,    nan,    nan,    nan
19890922, 0600,  , HU, 33.5N,  80.3W,  85,  952, -999, -999, -999, -999, -999, -999, -999, -999, -999, -999, -999, -999, -999,    nan,    nan,    nan,    nan,    nan,    nan,    nan,    nan,    nan,    nan,    nan,    nan,    nan,    nan,    nan,    nan,    nan,    nan,    nan,    nan,    nan,    nan,    nan,    nan,    nan,    nan,    nan,    nan,    nan,    nan,    nan
19890922, 1200,  , TS, 35.9N,  81.7W,  55,  975, -999, -999, -999, -999, -999, -999, -999, -999, -999, -999, -999, -999, -999,    nan,    nan,    nan,    nan,    nan,    nan,    nan,    nan,    nan,    nan,    nan,    nan,    nan,    nan,    nan,    nan,    nan,    nan,    nan,    nan,    nan,    nan,    nan,    nan,    nan,    nan,    nan,    nan,    nan,    nan,    nan
19890922, 1800,  , TS, 38.5N,  81.8W,  40,  987, -999, -999, -999, -999, -999, -999, -999, -999, -999, -999, -999, -999, -999,    nan,    nan,    nan,    nan,    nan,    nan,    nan,    nan,    nan,    nan,    nan,    nan,    nan,    nan,    nan,    nan,    nan,    nan,    nan,    nan,    nan,    nan,    nan,    nan,    nan,    nan,    nan,    nan,    nan,    nan,    nan
19890923, 0000,  , EX, 42.2N,  80.2W,  35,  988, -999, -999, -999, -999, -999, -999, -999, -999, -999, -999, -999, -999, -999,    nan,    nan,    nan,    nan,    nan,    nan,    nan,    nan,    nan,    nan,    nan,    nan,    nan,    nan,    nan,    nan,    nan,    nan,    nan,    nan,    nan,    nan,    nan,    nan,    nan,    nan,    nan,    nan,    nan,    nan,    nan
19890923, 0600,  , EX, 46.0N,  74.5W,  40,  990, -999, -999, -999, -999, -999, -999, -999, -999, -999, -999, -999, -999, -999,    nan,    nan,    nan,    nan,    nan,    nan,    nan,    nan,    nan,    nan,    nan,    nan,    nan,    nan,    nan,    nan,    nan,    nan,    nan,    nan,    nan,    nan,    nan,    nan,    nan,    nan,    nan,    nan,    nan,    nan,    nan
19890923, 1200,  , EX, 49.0N,  69.0W,  40,  992, -999, -999, -999, -999, -999, -999, -999, -999, -999, -999, -999, -999, -999,    nan,    nan,    nan,    nan,    nan,    nan,    nan,    nan,    nan,    nan,    nan,    nan,    nan,    nan,    nan,    nan,    nan,    nan,    nan,    nan,    nan,    nan,    nan,    nan,    nan,    nan,    nan,    nan,    nan,    nan,    nan
19890923, 1800,  , EX, 51.0N,  65.0W,  40,  993, -999, -999, -999, -999, -999, -999, -999, -999, -999, -999, -999, -999, -999,    nan,    nan,    nan,    nan,    nan,    nan,    nan,    nan,    nan,    nan,    nan,    nan,    nan,    nan,    nan,    nan,    nan,    nan,    nan,    nan,    nan,    nan,    nan,    nan,    nan,    nan,    nan,    nan,    nan,    nan,    nan
19890924, 0000,  , EX, 52.0N,  62.0W,  40,  994, -999, -999, -999, -999, -999, -999, -999, -999, -999, -999, -999, -999, -999,    nan,    nan,    nan,    nan,    nan,    nan,    nan,    nan,    nan,    nan,    nan,    nan,    nan,    nan,    nan,    nan,    nan,    nan,    nan,    nan,    nan,    nan,    nan,    nan,    nan,    nan,    nan,    nan,    nan,    nan,    nan
19890924, 0600,  , EX, 52.5N,  60.5W,  40,  993, -999, -999, -999, -999, -999, -999, -999, -999, -999, -999, -999, -999, -999,    nan,    nan,    nan,    nan,    nan,    nan,    nan,    nan,    nan,    nan,    nan,    nan,    nan,    nan,    nan,    nan,    nan,    nan,    nan,    nan,    nan,    nan,    nan,    nan,    nan,    nan,    nan,    nan,    nan,    nan,    nan
19890924, 1200,  , EX, 53.0N,  59.5W,  40,  991, -999, -999, -999, -999, -999, -999, -999, -999, -999, -999, -999, -999, -999,    nan,    nan,    nan,    nan,    nan,    nan,    nan,    nan,    nan,    nan,    nan,    nan,    nan,    nan,    nan,    nan,    nan,    nan,    nan,    nan,    nan,    nan,    nan,    nan,    nan,    nan,    nan,    nan,    nan,    nan,    nan
19890924, 1800,  , EX, 53.5N,  58.5W,  40,  989, -999, -999, -999, -999, -999, -999, -999, -999, -999, -999, -999, -999, -999,    nan,    nan,    nan,    nan,    nan,    nan,    nan,    nan,    nan,    nan,    nan,    nan,    nan,    nan,    nan,    nan,    nan,    nan,    nan,    nan,    nan,    nan,    nan,    nan,    nan,    nan,    nan,    nan,    nan,    nan,    nan
19890925, 0000,  , EX, 54.0N,  57.0W,  40,  983, -999, -999, -999, -999, -999, -999, -999, -999, -999, -999, -999, -999, -999,   7.25,   7.32,   7.53,   7.43,   7.34,   7.11,   7.31,   7.22,   6.92,   6.76,   6.35,   6.43,   6.32,   6.17,   6.07,   6.17,   6.49,   6.34,   6.12,   6.52,   6.45,   6.37,   6.12,   6.44,   6.04,   5.54,   5.17,   5.06,   5.03,   5.10,   4.70
19890925, 0600,  , EX, 56.0N,  52.0W,  40,  979, -999, -999, -999, -999, -999, -999, -999, -999, -999, -999, -999, -999, -999,   8.03,   8.15,   8.06,   7.95,   7.88,   7.88,   7.83,   7.73,   7.64,   7.55,   7.18,   6.91,   6.89,   6.82,   6.76,   6.69,   6.63,   6.56,   6.50,   6.27,   6.12,   5.86,   5.50,   5.40,   5.35,   5.41,   5.48,   5.36,   5.36,   5.42,   5.38
19890925, 1200,  , EX, 58.0N,  46.0W,  40,  974, -999, -999, -999, -999, -999, -999, -999, -999, -999, -999, -999, -999, -999,   6.14,   5.95,   6.10,   5.95,   5.73,   5.72,   5.98,   6.06,   5.96,   5.54,   5.47,   5.44,   5.42,   6.50,   6.54,   6.54,   6.51,   6.42,   5.57,   5.53,   5.50,   5.30,   5.21,   4.92,   4.90,   5.28,   5.50,   4.26,   3.98,   4.47,   4.99
