AL121984,               FRAN,     21,
19840915, 1200,  , TD, 13.7N,  21.3W,  25, 1010, -999, -999, -999, -999, -999, -999, -999, -999, -999, -999, -999, -999, -999,  27.02,  26.81,  27.37,  27.63,  28.07,  27.94,  27.87,  27.45,  27.47,  28.22,  28.32,  27.86,  27.27,  27.24,  27.35,  27.23,  26.04,  25.82,  25.94,  26.11,  26.40,  26.75,  26.92,  26.98,  26.83,  27.51,  27.58,  26.98,  26.46,  26.40,  26.14
19840915, 1800,  , TD, 13.8N,  22.0W,  25, 1010, -999, -999, -999, -999, -999, -999, -999, -999, -999, -999, -999, -999, -999,  26.94,  26.81,  26.92,  26.89,  28.29,  28.41,  28.36,  27.25,  27.08,  27.78,  27.88,  27.67,  27.87,  27.91,  27.75,  27.45,  27.46,  27.55,  27.58,  27.48,  27.25,  27.27,  25.91,  25.59,  25.94,  26.76,  26.87,  26.67,  26.46,  26.60,  26.11
19840916, 0000,  , TD, 13.9N,  22.7W,  30, 1010, -999, -999, -999, -999, -999, -999, -999, -999, -999, -999, -999, -999, -999,  26.46,  25.93,  25.78,  26.98,  28.08,  27.82,  27.57,  27.40,  27.11,  26.99,  26.56,  26.79,  26.89,  27.08,  27.04,  28.67,  28.78,  28.81,  28.68,  28.35,  27.69,  25.28,  24.90,  25.47,  25.62,  25.61,  25.97,  26.09,  26.48,  25.23,  25.43
19840916, 0600,  , TD, 14.0N,  23.4W,  30, 1009, -999, -999, -999, -999, -999, -999, -999, -999, -999, -999, -999, -999, -999,  26.36,  25.74,  25.77,  26.09,  26.79,  26.59,  27.33,  27.88,  27.73,  27.52,  26.63,  26.78,  26.98,  27.20,  27.22,  28.80,  28.60,  28.53,  28.44,  28.22,  26.87,  26.34,  25.68,  25.94,  25.85,  25.64,  25.86,  25.95,  25.25,  24.73,  24.79
19840916, 1200,  , TD, 14.3N,  24.1W,  30, 1008, -999, -999, -999, -999, -999, -999, -999, -999, -999, -999, -999, -999, -999,  26.52,  25.81,  25.76,  25.97,  26.92,  26.78,  27.05,  27.26,  27.49,  27.42,  26.65,  26.62,  26.99,  27.17,  27.19,  28.73,  28.65,  28.61,  28.55,  28.50,  27.20,  27.00,  26.73,  26.49,  26.36,  26.72,  26.28,  26.12,  25.03,  25.10,  25.60
19840916, 1800,  , TS, 14.8N,  24.8W,  35, 1006, -999, -999, -999, -999, -999, -999, -999, -999, -999, -999, -999, -999, -999,  25.81,  25.53,  25.56,  25.55,  27.23,  27.39,  27.16,  27.22,  27.69,  27.72,  27.57,  27.29,  26.50,  26.50,  26.53,  28.28,  28.34,  28.38,  28.37,  28.09,  28.00,  27.85,  27.37,  26.19,  25.54,  26.47,  26.28,  26.20,  26.09,  25.77,  25.62
19840917, 0000,  , TS, 15.3N,  25.3W,  45, 1000, -999, -999, -999, -999, -999, -999, -999, -999, -999, -999, -999, -999, -999,  25.49,  25.61,  25.63,  26.97,  26.93,  26.42,  26.50,  27.08,  27.19,  27.13,  26.82,  25.27,  25.23,  25.23,  26.90,  27.29,  27.34,  27.25,  27.25,  27.70,  27.56,  26.90,  25.48,  25.34,  26.15,  25.97,  25.88,  26.83,  26.38,  25.50,  25.03
19840917, 0600,  , TS, 16.3N,  26.0W,  50,  998, -999, -999, -999, -999, -999, -999, -999, -999, -999, -999, -999, -999, -999,  25.10,  25.47,  25.44,  26.42,  26.21,  25.80,  25.87,  26.24,  26.48,  26.53,  26.42,  25.34,  25.39,  25.19,  25.40,  26.15,  26.09,  26.17,  26.30,  26.93,  26.83,  26.15,  25.25,  24.93,  25.10,  25.19,  25.16,  27.48,  27.19,  26.30,  25.51
19840917, 1200,  , TS, 17.3N,  26.5W,  50,  996, -999, -999, -999, -999, -999, -999, -999, -999, -999, -999, -999, -999, -999,  24.52,  24.44,  24.69,  25.75,  25.63,  25.17,  25.22,  25.65,  25.87,  25.89,  25.91,  25.23,  25.10,  25.02,  25.02,  25.62,  25.63,  25.66,  25.67,  25.83,  25.76,  25.38,  24.63,  23.47,  23.33,  23.53,  23.61,  25.99,  25.91,  25.67,  24.94
19840917, 1800,  , TS, 18.4N,  27.1W,  55,  995, -999, -999, -999, -999, -999, -999, -999, -999, -999, -999, -999, -999, -999,  24.07,  23.53,  23.52,  25.30,  25.47,  25.07,  24.95,  25.06,  25.72,  25.74,  25.77,  25.55,  25.52,  25.53,  25.06,  24.72,  24.76,  24.82,  26.06,  26.35,  26.20,  25.81,  25.39,  24.15,  23.71,  23.27,  23.29,  25.74,  25.82,  25.71,  25.34
19840918, 0000,  , TS, 19.5N,  28.0W,  55,  994, -999, -999, -999, -999, -999, -999, -999, -999, -999, -999, -999, -999, -999,  23.83,  23.91,  25.36,  25.41,  25.22,  24.95,  25.03,  25.55,  25.65,  24.23,  24.96,  25.72,  25.73,  24.72,  24.56,  24.62,  24.67,  25.72,  26.05,  26.19,  26.22,  26.16,  26.08,  25.65,  25.59,  24.61,  26.13,  26.19,  25.91,  25.76,  25.58
19840918, 0600,  , TS, 20.2N,  29.6W,  55,  994, -999, -999, -999, -999, -999, -999, -999, -999, -999, -999, -999, -999, -999,  24.28,  24.30,  24.87,  25.02,  25.55,  25.64,  25.29,  24.68,  24.51,  23.69,  24.03,  25.20,  25.66,  25.70,  25.66,  25.67,  25.55,  26.06,  25.90,  25.89,  25.89,  25.77,  25.90,  25.95,  25.88,  23.37,  23.79,  25.26,  25.53,  25.46,  25.67
19840918, 1200,  , TS, 20.9N,  31.0W,  55,  994, -999, -999, -999, -999, -999, -999, -999, -999, -999, -999, -999, -999, -999,  23.62,  23.28,  24.33,  24.54,  24.78,  25.21,  25.55,  25.00,  24.07,  24.09,  24.56,  25.11,  25.33,  25.40,  25.45,  25.44,  25.57,  25.93,  25.94,  25.88,  25.85,  25.85,  25.98,  25.99,  25.66,  23.89,  24.34,  25.50,  25.58,  25.68,  25.76
19840918, 1800,  , TS, 21.1N,  32.8W,  50,  995, -999, -999, -999, -999, -999, -999, -999, -999, -999, -999, -999, -999, -999,  25.35,  25.36,  25.05,  24.85,  25.08,  25.69,  26.26,  26.35,  22.86,  23.09,  23.64,  23.82,  24.08,  24.76,  25.12,  25.15,  24.08,  24.39,  25.81,  26.14,  26.21,  26.26,  26.57,  26.65,  23.36,  23.39,  23.76,  25.12,  25.64,  25.88,  26.09
19840919, 0000,  , TS, 21.1N,  34.3W,  50,  996, -999, -999, -999, -999, -999, -999, -999, -999, -999, -999, -999, -999, -999,  26.13,  25.59,  24.65,  24.71,  25.56,  26.13,  25.42,  23.16,  23.22,  23.83,  23.87,  24.37,  25.21,  25.48,  24.99,  23.31,  23.92,  25.50,  26.19,  26.38,  26.59,  26.66,  26.66,  23.97,  24.10,  24.16,  25.72,  26.37,  26.46,  26.39,  26.48
19840919, 0600,  , TS, 21.0N,  36.0W,  50, 1000, -999, -999, -999, -999, -999, -999, -999, -999, -999, -999, -999, -999, -999,  26.54,  26.59,  25.19,  25.13,  25.26,  25.29,  25.10,  25.32,  24.69,  24.32,  24.16,  24.82,  26.04,  26.35,  26.47,  25.83,  25.23,  25.17,  25.95,  26.14,  26.85,  27.06,  27.06,  25.14,  24.73,  25.21,  25.30,  26.05,  26.18,  26.17,  26.43
19840919, 1200,  , TS, 20.9N,  37.9W,  45, 1005, -999, -999, -999, -999, -999, -999, -999, -999, -999, -999, -999, -999, -999,  26.54,  26.53,  26.21,  25.86,  25.83,  27.74,  27.29,  26.95,  25.55,  24.45,  24.06,  24.18,  24.47,  26.05,  25.87,  25.67,  25.34,  24.79,  25.37,  26.23,  26.34,  26.81,  26.93,  25.14,  24.40,  24.26,  24.75,  26.37,  26.60,  26.56,  26.47
19840919, 1800,  , TS, 20.8N,  39.5W,  40, 1005, -999, -999, -999, -999, -999, -999, -999, -999, -999, -999, -999, -999, -999,  26.56,  26.59,  26.36,  26.26,  26.13,  28.80,  28.21,  27.08,  25.49,  24.67,  24.49,  24.39,  24.36,  26.11,  26.20,  26.38,  26.39,  25.37,  25.20,  26.42,  26.77,  27.25,  27.02,  26.31,  26.09,  25.20,  26.73,  27.11,  27.00,  27.15,  26.98
19840920, 0000,  , TS, 20.5N,  40.7W,  35, 1006, -999, -999, -999, -999, -999, -999, -999, -999, -999, -999, -999, -999, -999,  26.65,  26.33,  26.17,  27.25,  27.61,  28.18,  27.32,  26.99,  25.81,  25.58,  25.03,  25.18,  25.38,  25.30,  26.65,  26.25,  25.73,  25.09,  25.80,  26.93,  27.28,  27.24,  27.21,  27.24,  27.17,  27.01,  26.36,  26.64,  27.02,  26.75,  26.51
19840920, 0600,  , TD, 20.2N,  42.0W,  30, 1008, -999, -999, -999, -999, -999, -999, -999, -999, -999, -999, -999, -999, -999,  26.40,  26.14,  26.13,  27.93,  27.98,  27.49,  27.19,  27.23,  27.18,  26.83,  26.27,  26.15,  26.09,  26.24,  27.11,  26.81,  26.39,  26.11,  25.89,  28.00,  27.95,  27.51,  27.49,  27.54,  27.51,  27.35,  27.17,  28.32,  28.08,  27.55,  27.07
19840920, 1200,  , TD, 20.0N,  43.0W,  25, 1009, -999, -999, -999, -999, -999, -999, -999, -999, -999, -999, -999, -999, -999,  26.58,  26.40,  26.45,  27.27,  27.63,  27.60,  27.18,  26.64,  26.49,  26.32,  26.70,  27.06,  27.01,  26.23,  26.90,  27.27,  27.00,  26.93,  26.86,  27.70,  27.87,  27.73,  27.46,  27.36,  27.36,  27.37,  27.91,  28.33,  28.13,  27.40,  26.93
