AL122015,               KATE,     20,
20151108, 1800,  , TD, 22.2N,  71.5W,  30, 1010,    0,    0,    0,    0,    0,    0,    0,    0,    0,    0,    0,    0, -999,  29.01,  29.01,  28.93,  28.92,  28.90,  29.11,  29.12,  28.97,  28.80,  28.93,  28.83,  29.00,  29.07,  28.91,  28.78,  28.62,  28.78,  28.79,  28.82,  28.56,  28.52,  28.70,  28.71,  28.68,  28.43,  28.30,  28.07,  27.97,  28.03,  27.72,  27.70
20151109, 0000,  , TD, 22.8N,  72.6W,  30, 1010,    0,    0,    0,    0,    0,    0,    0,    0,    0,    0,    0,    0, -999,  28.76,  28.66,  28.69,  28.74,  28.67,  28.66,  28.58,  28.40,  28.59,  28.56,  28.62,  28.60,  28.40,  28.32,  28.32,  28.56,  28.59,  28.63,  28.33,  28.32,  28.35,  28.39,  28.45,  28.30,  28.24,  27.80,  27.68,  27.83,  27.72,  27.58,  27.61
20151109, 0600,  , TS, 23.4N,  73.7W,  35, 1010,   50,    0,    0,   30,    0,    0,    0,    0,    0,    0,    0,    0, -999,  28.05,  28.01,  28.06,  28.38,  28.57,  28.45,  28.34,  28.31,  28.36,  28.56,  28.58,  28.40,  28.30,  28.46,  28.72,  28.55,  28.42,  28.55,  28.20,  27.87,  27.87,  27.84,  27.83,  27.36,  27.31,  27.25,  27.30,  27.78,  27.75,  27.40,  27.28
20151109, 1200,  , TS, 24.1N,  74.8W,  40, 1008,   60,    0,    0,   30,    0,    0,    0,    0,    0,    0,    0,    0, -999,  28.13,  28.12,  28.08,  28.51,  28.76,  28.46,  28.27,  28.17,  28.24,  28.27,  28.02,  28.05,  27.76,  27.71,  28.01,  27.94,  28.12,  28.36,  28.38,  28.08,  28.18,  28.18,  28.18,  27.75,  27.70,  27.55,  27.60,  28.26,  27.85,  27.55,  27.29
20151109, 1800,  , TS, 25.0N,  75.7W,  45, 1008,   70,    0,    0,   30,    0,    0,    0,    0,    0,    0,    0,    0, -999,  28.00,  27.99,  28.05,  28.04,  28.15,  28.00,  27.97,  27.76,  27.70,  27.63,  27.57,  27.50,  27.27,  27.48,  27.62,  27.71,  27.88,  27.91,  27.83,  27.72,  27.83,  27.81,  27.67,  27.23,  27.20,  27.11,  27.11,  27.56,  26.88,  26.70,  26.44
20151110, 0000,  , TS, 26.4N,  76.2W,  50, 1006,   70,   50,    0,   20,   20,    0,    0,    0,    0,    0,    0,    0, -999,  27.68,  27.72,  27.67,  27.37,  27.31,  27.43,  27.44,  27.28,  27.50,  27.67,  27.37,  27.13,  27.11,  27.07,  27.19,  27.39,  27.58,  27.37,  27.41,  27.44,  27.42,  26.99,  27.04,  26.90,  26.90,  26.67,  26.66,  26.70,  26.42,  26.29,  26.22
20151110, 0600,  , TS, 28.0N,  76.2W,  55, 1003,   70,   50,   20,   20,   20,    0,    0,    0,    0,    0,    0,    0, -999,  27.19,  27.22,  26.90,  26.96,  26.99,  26.98,  27.16,  27.07,  27.17,  27.44,  27.03,  26.77,  27.05,  26.99,  27.02,  27.14,  27.10,  26.81,  26.96,  26.92,  26.87,  26.48,  26.51,  26.37,  26.28,  26.31,  26.31,  26.19,  26.09,  26.20,  26.24
20151110, 1200,  , TS, 29.5N,  75.4W,  60,  998,   70,   70,   20,   20,   20,   10,    0,    0,    0,    0,    0,    0, -999,  25.50,  25.74,  26.14,  25.72,  25.59,  25.60,  25.71,  25.77,  25.95,  26.26,  26.31,  26.50,  26.60,  26.51,  26.53,  26.66,  26.72,  26.70,  26.74,  26.88,  26.94,  26.39,  26.23,  26.12,  26.16,  26.06,  26.11,  25.89,  25.53,  25.46,  25.02
20151110, 1800,  , TS, 31.2N,  74.0W,  60,  993,   70,   70,   20,   20,   20,   10,    0,    0,    0,    0,    0,    0, -999,  26.30,  25.97,  25.84,  25.80,  25.75,  25.73,  25.86,  25.76,  25.86,  26.01,  26.02,  25.92,  26.25,  26.26,  26.44,  26.27,  26.16,  26.17,  26.23,  26.39,  26.33,  26.18,  26.16,  26.07,  25.94,  25.25,  24.97,  25.07,  25.01,  24.81,  24.97
20151111, 0000,  , HU, 33.1N,  71.3W,  65,  990,   80,   80,   60,   20,   20,   30,    0,    0,    0,   20,    0,    0, -999,  25.80,  25.62,  25.64,  25.56,  25.42,  25.50,  25.47,  25.39,  25.57,  25.42,  25.07,  24.86,  24.86,  24.97,  24.77,  24.80,  24.87,  24.87,  24.99,  24.91,  24.87,  24.90,  24.71,  24.58,  24.36,  24.32,  24.40,  24.33,  24.26,  24.25,  23.87
20151111, 0600,  , HU, 35.2N,  67.6W,  70,  985,   80,  100,  100,   20,   30,   60,    0,    0,    0,   20,    0,    0, -999,  24.95,  24.79,  24.43,  24.36,  24.64,  24.93,  24.84,  24.80,  24.78,  24.77,  24.61,  24.57,  24.40,  24.23,  24.04,  24.08,  23.87,  23.83,  23.93,  23.88,  23.61,  23.74,  23.64,  23.58,  23.38,  23.47,  23.56,  23.55,  23.43,  23.06,  22.81
20151111, 1200,  , HU, 36.2N,  62.5W,  75,  980,  120,  180,  180,   50,   60,   90,   60,    0,    0,   30,    0,    0, -999,  24.72,  24.79,  24.59,  24.38,  24.39,  24.24,  24.33,  24.26,  24.14,  24.08,  23.87,  24.07,  24.00,  23.75,  23.24,  23.22,  23.30,  23.25,  23.16,  23.09,  22.86,  22.61,  22.49,  22.26,  22.41,  22.36,  22.25,  22.28,  22.18,  21.90,  21.90
20151111, 1800,  , HU, 37.6N,  58.2W,  65,  980,  150,  200,  180,   60,   60,   90,   60,    0,    0,   40,    0,    0, -999,  24.85,  24.90,  25.10,  25.01,  24.82,  24.44,  24.43,  24.65,  24.56,  24.45,  24.28,  24.05,  23.87,  23.81,  23.74,  23.61,  23.48,  23.54,  23.49,  23.53,  23.42,  23.22,  23.08,  23.16,  23.57,  23.34,  22.81,  22.67,  22.67,  22.67,  22.63
20151112, 0000,  , EX, 38.9N,  55.0W,  65,  980,  180,  210,  180,   90,   90,  110,   60,    0,    0,   40,    0,    0, -999,  25.21,  25.19,  25.17,  24.64,  24.49,  24.45,  24.39,  24.39,  24.41,  24.45,  24.40,  24.31,  24.31,  24.26,  23.80,  23.77,  23.77,  23.48,  23.42,  23.37,  23.00,  22.96,  22.84,  22.39,  22.80,  22.69,  22.40,  22.36,  22.24,  22.16,  22.22
20151112, 0600,  , EX, 40.0N,  52.0W,  65,  980,  220,  220,  180,  120,  120,  120,   60,    0,    0,   40,    0,    0, -999,  24.30,  24.78,  24.79,  24.60,  24.62,  24.58,  23.84,  22.84,  22.17,  22.36,  22.61,  22.81,  22.45,  22.27,  22.06,  21.39,  21.32,  21.16,  20.86,  20.39,  20.10,  19.64,  19.48,  19.69,  19.66,  19.94,  20.43,  20.60,  20.67,  21.44,  21.39
20151112, 1200,  , EX, 41.3N,  50.4W,  55,  981,  220,  220,  180,  120,  120,  120,   60,    0,    0,    0,    0,    0, -999,  23.87,  23.75,  23.60,  23.43,  22.94,  22.45,  22.04,  21.88,  21.24,  21.37,  21.37,  22.29,  22.71,  21.89,  20.63,  20.35,  21.39,  22.14,  21.81,  20.83,  20.47,  20.30,  19.03,  19.47,  20.25,  20.79,  21.38,  21.33,  21.27,  20.50,  19.82
20151112, 1800,  , EX, 41.9N,  49.9W,  55,  983,  220,  220,  180,  120,  120,  120,   60,    0,    0,    0,    0,    0, -999,  18.29,  18.45,  18.31,  18.16,  17.20,  17.79,  18.78,  17.59,  16.19,  15.08,  14.84,  14.73,  13.54,  11.92,  10.90,  11.09,  11.99,  12.48,  11.61,  10.13,   9.10,   8.44,   8.16,   9.72,   8.70,   8.13,   8.78,  10.79,  10.96,   8.90,   7.58
20151113, 0000,  , EX, 41.5N,  49.2W,  50,  985,  540,  520,  200,  220,  120,  120,   60,    0,    0,    0,    0,    0, -999,  17.95,  18.11,  18.75,  18.74,  18.36,  17.86,  16.54,  17.28,  17.47,  17.25,  16.16,  15.81,  15.87,  16.00,  15.89,  16.60,  16.66,  15.33,  13.02,  12.42,  10.91,   8.18,   8.60,   8.94,   9.54,  10.74,  12.14,  13.04,  11.76,  10.53,  10.40
20151113, 0600,  , EX, 40.8N,  47.5W,  45,  985,  620,  460,  180,  220,    0,    0,    0,    0,    0,    0,    0,    0, -999,  18.86,  18.66,  18.46,  17.88,  17.48,  18.24,  19.41,  19.90,  19.79,  19.70,  18.11,  17.09,  17.32,  17.25,  17.06,  17.00,  17.04,  17.30,  17.83,  17.80,  17.48,  17.42,  16.79,  16.51,  16.69,  17.28,  18.17,  18.44,  17.02,  17.20,  16.24
20151113, 1200,  , EX, 40.7N,  45.4W,  45,  987,  710,  400,  150,  220,    0,    0,    0,    0,    0,    0,    0,    0, -999,  23.47,  23.48,  23.64,  23.54,  23.52,  23.19,  23.36,  23.31,  23.12,  22.63,  21.94,  22.68,  22.51,  22.50,  21.95,  21.87,  22.19,  22.47,  22.21,  21.73,  21.42,  21.26,  21.20,  20.90,  21.04,  21.08,  20.76,  20.43,  20.34,  20.27,  20.02
