AL122024,               KIRK,     42,
20240929, 1800,  , TD, 13.8N,  32.1W,  30, 1006,    0,    0,    0,    0,    0,    0,    0,    0,    0,    0,    0,    0,   60,  28.61,  28.49,  28.56,  28.63,  28.91,  28.98,  29.02,  29.11,  29.07,  29.00,  28.97,  28.99,  29.07,  29.05,  29.00,  28.98,  28.63,  28.15,  28.00,  27.65,  27.72,  27.75,  28.17,  28.23,  28.02,  28.04,  28.08,  28.08,  28.08,  28.17,  28.47
20240930, 0000,  , TD, 13.8N,  32.8W,  30, 1006,    0,    0,    0,    0,    0,    0,    0,    0,    0,    0,    0,    0,   60,  28.44,  28.48,  28.57,  28.83,  28.95,  28.97,  29.04,  29.04,  28.95,  28.91,  28.96,  28.99,  29.00,  28.97,  28.97,  28.91,  28.21,  27.96,  27.88,  27.76,  27.53,  27.93,  27.94,  27.66,  27.76,  27.75,  27.77,  27.84,  27.91,  28.15,  28.30
20240930, 0600,  , TS, 13.6N,  33.4W,  35, 1004,   60,    0,    0,    0,    0,    0,    0,    0,    0,    0,    0,    0,   50,  28.30,  28.38,  28.50,  28.80,  29.01,  29.04,  29.14,  29.10,  28.95,  28.90,  28.94,  28.98,  29.01,  28.98,  29.01,  28.89,  28.12,  27.79,  27.65,  27.69,  27.47,  27.76,  27.72,  27.49,  27.58,  27.60,  27.58,  27.69,  27.75,  27.97,  28.16
20240930, 1200,  , TS, 13.4N,  34.3W,  45, 1001,  100,   80,   60,   80,    0,    0,    0,    0,    0,    0,    0,    0,   50,  28.18,  28.22,  28.42,  28.76,  29.03,  29.02,  29.15,  29.14,  29.00,  28.88,  28.83,  28.85,  29.01,  29.04,  29.02,  28.99,  28.08,  28.05,  27.89,  27.52,  27.48,  27.49,  27.44,  27.32,  27.34,  27.33,  27.42,  27.58,  27.54,  27.68,  27.87
20240930, 1800,  , TS, 13.7N,  35.3W,  50,  999,  100,   80,   60,   80,   40,   40,    0,    0,    0,    0,    0,    0,   40,  28.42,  28.39,  28.65,  28.93,  29.17,  29.13,  29.22,  29.25,  29.10,  28.90,  28.79,  28.81,  28.94,  28.92,  28.88,  28.97,  28.31,  28.24,  28.02,  27.82,  27.78,  27.71,  27.61,  27.59,  27.53,  27.45,  27.54,  27.68,  27.70,  27.91,  28.03
20241001, 0000,  , TS, 14.2N,  36.3W,  50,  998,  130,  120,   60,   80,   30,   40,    0,    0,    0,    0,    0,    0,   25,  28.66,  28.81,  29.01,  29.15,  29.16,  29.23,  29.18,  29.07,  29.04,  28.96,  28.91,  29.14,  29.04,  28.92,  28.98,  28.72,  28.08,  27.89,  27.76,  27.71,  27.75,  27.83,  27.86,  27.71,  27.66,  27.77,  27.91,  27.89,  27.98,  28.18,  28.21
20241001, 0600,  , TS, 14.7N,  37.5W,  50,  995,  140,  130,   60,  100,   30,   40,    0,    0,    0,    0,    0,    0,   25,  28.72,  28.85,  28.94,  29.15,  29.13,  29.21,  29.19,  29.01,  28.87,  28.80,  28.72,  28.72,  28.63,  28.55,  28.61,  28.59,  27.90,  27.81,  27.79,  27.74,  27.77,  27.79,  27.77,  27.61,  27.50,  27.56,  27.67,  27.80,  28.00,  28.21,  28.19
20241001, 1200,  , TS, 15.2N,  38.7W,  60,  988,  170,  150,   70,  120,   60,   40,    0,   40,    0,    0,    0,    0,   25,  28.66,  28.78,  28.78,  28.91,  28.98,  29.12,  29.17,  29.05,  28.79,  28.76,  28.78,  28.70,  28.64,  28.57,  28.50,  28.60,  28.26,  28.18,  27.96,  27.70,  27.81,  27.73,  27.74,  27.58,  27.47,  27.56,  27.64,  27.81,  27.97,  28.15,  28.18
20241001, 1800,  , HU, 15.9N,  39.7W,  65,  986,  170,  170,   70,  130,   60,   40,    0,   40,   25,    0,    0,    0,   25,  28.61,  28.71,  28.56,  28.63,  28.83,  29.03,  29.07,  28.89,  28.68,  28.59,  28.58,  28.57,  28.59,  28.61,  28.50,  28.67,  28.50,  28.24,  28.16,  27.84,  27.98,  27.84,  27.83,  27.62,  27.50,  27.48,  27.44,  27.52,  27.58,  27.71,  27.71
20241002, 0000,  , HU, 16.5N,  40.6W,  65,  986,  170,  170,   70,  130,   60,   40,    0,   40,   25,    0,    0,    0,   25,  28.57,  28.40,  28.51,  28.80,  29.01,  29.01,  28.87,  28.66,  28.56,  28.54,  28.49,  28.50,  28.54,  28.51,  28.62,  28.70,  28.28,  28.31,  28.10,  28.13,  28.04,  27.93,  27.83,  27.71,  27.74,  27.69,  27.70,  27.70,  27.80,  27.79,  27.76
20241002, 0600,  , HU, 17.1N,  41.6W,  70,  982,  170,  170,   70,  130,   60,   40,    0,   40,   25,    0,    0,    0,   25,  28.56,  28.36,  28.43,  28.62,  28.78,  28.87,  28.84,  28.56,  28.39,  28.33,  28.18,  28.23,  28.29,  28.31,  28.30,  28.29,  28.11,  28.14,  27.89,  27.91,  27.90,  27.67,  27.62,  27.54,  27.61,  27.57,  27.58,  27.56,  27.66,  27.66,  27.65
20241002, 1200,  , HU, 17.8N,  42.7W,  75,  979,  170,  180,   70,  130,   60,   50,   40,   50,   30,    0,    0,   25,   20,  28.57,  28.47,  28.53,  28.77,  29.01,  29.12,  29.05,  28.85,  28.66,  28.54,  28.43,  28.34,  28.32,  28.35,  28.40,  28.41,  28.33,  28.31,  28.25,  28.02,  28.12,  27.88,  27.77,  27.67,  27.73,  27.76,  27.76,  27.78,  27.82,  27.84,  27.82
20241002, 1800,  , HU, 18.5N,  43.5W,  80,  975,  170,  190,   80,  130,   60,   50,   40,   60,   30,   20,   15,   25,   20,  28.76,  28.61,  28.69,  28.82,  28.97,  29.12,  29.12,  28.98,  28.84,  28.74,  28.49,  28.26,  28.34,  28.43,  28.42,  28.39,  28.22,  28.15,  27.82,  28.04,  28.03,  27.86,  27.94,  27.88,  27.93,  28.02,  28.07,  28.08,  28.06,  28.05,  28.04
20241003, 0000,  , HU, 19.1N,  44.1W, 100,  959,  160,  150,   80,  130,   60,   50,   30,   40,   30,   25,   15,   20,   20,  28.49,  28.57,  28.66,  28.78,  29.00,  29.07,  28.94,  28.80,  28.71,  28.44,  28.21,  28.24,  28.29,  28.29,  28.27,  27.94,  27.84,  27.60,  27.70,  27.77,  27.59,  27.51,  27.50,  27.63,  27.75,  27.84,  27.89,  27.97,  27.96,  28.01,  28.00
20241003, 0600,  , HU, 19.6N,  44.7W, 105,  955,  160,  150,   80,  130,   60,   50,   30,   40,   30,   25,   15,   20,   20,  28.24,  28.31,  28.42,  28.56,  28.87,  28.96,  28.77,  28.60,  28.50,  28.23,  27.96,  28.02,  28.01,  28.00,  27.96,  27.75,  27.77,  27.77,  27.49,  27.45,  27.28,  27.21,  27.21,  27.45,  27.57,  27.65,  27.72,  27.80,  27.77,  27.88,  27.89
20241003, 1200,  , HU, 20.1N,  45.5W, 110,  948,  160,  150,   80,  130,   60,   50,   30,   40,   30,   25,   15,   20,   20,  28.39,  28.48,  28.54,  28.71,  29.11,  29.16,  28.89,  28.66,  28.47,  28.21,  28.10,  28.13,  28.10,  28.08,  28.02,  28.01,  28.14,  28.16,  27.75,  27.66,  27.53,  27.55,  27.39,  27.47,  27.56,  27.61,  27.68,  27.74,  27.73,  27.79,  27.77
20241003, 1800,  , HU, 20.7N,  46.3W, 115,  944,  160,  150,   80,  130,   60,   50,   30,   40,   30,   25,   15,   20,   15,  28.51,  28.57,  28.63,  28.78,  29.14,  29.20,  28.96,  28.71,  28.52,  28.31,  28.24,  28.21,  28.22,  28.21,  28.18,  28.30,  28.20,  27.99,  27.82,  27.73,  27.47,  27.53,  27.26,  27.31,  27.44,  27.56,  27.67,  27.73,  27.81,  27.91,  27.92
20241004, 0000,  , HU, 21.2N,  47.1W, 130,  928,  170,  170,  120,  130,   80,   60,   50,   50,   30,   30,   20,   25,   15,  28.86,  28.89,  28.96,  29.11,  29.20,  29.09,  28.96,  28.82,  28.64,  28.59,  28.46,  28.49,  28.46,  28.41,  28.50,  28.14,  27.98,  27.83,  27.72,  27.73,  27.63,  27.33,  27.35,  27.64,  27.77,  27.82,  27.82,  27.80,  27.75,  27.72,  27.72
20241004, 0600,  , HU, 21.9N,  47.9W, 130,  928,  170,  170,  120,  130,   80,   60,   50,   50,   30,   30,   20,   25,   15,  28.87,  28.93,  29.09,  29.26,  29.31,  29.25,  29.17,  29.04,  28.87,  28.76,  28.83,  28.77,  28.64,  28.50,  28.54,  28.50,  28.33,  27.96,  27.75,  27.62,  27.62,  27.02,  26.95,  27.19,  27.39,  27.47,  27.56,  27.67,  27.73,  27.74,  27.77
20241004, 1200,  , HU, 22.5N,  48.6W, 120,  938,  170,  170,  120,  140,   80,   80,   60,   50,   30,   30,   20,   25,   15,  29.10,  29.30,  29.54,  29.56,  29.53,  29.49,  29.42,  29.30,  29.13,  29.00,  29.06,  28.97,  28.83,  28.80,  28.76,  28.70,  27.94,  27.96,  27.57,  27.32,  27.23,  26.70,  26.52,  26.52,  26.80,  26.95,  27.08,  27.25,  27.32,  27.39,  27.49
20241004, 1800,  , HU, 23.3N,  49.1W, 115,  942,  190,  170,  120,  140,   90,   90,   60,   50,   30,   30,   20,   25,   15,  29.20,  29.36,  29.53,  29.59,  29.56,  29.54,  29.50,  29.45,  29.28,  29.07,  29.10,  29.13,  28.99,  28.93,  28.86,  28.77,  27.58,  28.05,  27.82,  27.78,  27.56,  27.33,  26.98,  26.80,  26.92,  27.13,  27.13,  27.17,  27.20,  27.29,  27.41
20241005, 0000,  , HU, 24.3N,  49.7W, 115,  943,  190,  180,  120,  140,  100,  100,   60,   60,   40,   40,   20,   25,   15,  29.55,  29.55,  29.53,  29.49,  29.47,  29.50,  29.51,  29.42,  29.22,  29.18,  29.21,  29.17,  29.10,  29.05,  29.08,  27.94,  28.18,  27.92,  27.86,  27.66,  27.36,  27.35,  27.35,  27.51,  27.62,  27.70,  27.81,  27.77,  27.77,  27.80,  27.88
20241005, 0600,  , HU, 25.4N,  50.1W, 110,  945,  190,  180,  120,  140,  100,  100,   60,   60,   50,   40,   20,   30,   15,  29.65,  29.60,  29.54,  29.53,  29.58,  29.60,  29.64,  29.50,  29.34,  29.39,  29.43,  29.45,  29.32,  29.27,  29.24,  28.92,  28.25,  27.86,  27.84,  27.63,  27.44,  27.17,  26.93,  27.00,  27.06,  26.94,  26.89,  26.86,  26.91,  27.01,  27.16
20241005, 1200,  , HU, 26.8N,  50.4W, 105,  949,  200,  190,  140,  140,  100,  100,   70,   80,   50,   40,   20,   30,   15,  29.35,  29.24,  29.21,  29.18,  29.23,  29.28,  29.28,  29.24,  29.33,  29.35,  29.27,  29.29,  29.31,  29.29,  29.27,  29.23,  28.43,  28.23,  28.22,  28.17,  28.17,  28.16,  28.14,  28.22,  28.16,  28.16,  28.11,  28.07,  28.07,  28.12,  28.18
20241005, 1800,  , HU, 28.7N,  50.2W, 105,  949,  200,  190,  140,  140,  100,  100,   70,   80,   50,   40,   20,   30,   15,  29.03,  28.85,  28.78,  28.78,  28.86,  28.91,  28.93,  28.81,  28.69,  28.78,  28.90,  29.02,  28.94,  28.85,  28.68,  27.77,  26.59,  26.49,  27.27,  27.00,  26.93,  26.88,  27.10,  27.14,  27.09,  27.02,  26.94,  26.94,  27.04,  27.13,  27.19
20241006, 0000,  , HU, 30.6N,  49.9W, 100,  951,  200,  190,  140,  140,  100,  100,   70,   80,   50,   40,   20,   30,   30,  27.84,  27.71,  27.63,  27.72,  27.83,  27.83,  27.71,  27.66,  27.71,  27.56,  27.59,  27.65,  27.66,  27.59,  27.36,  26.56,  26.44,  26.48,  26.16,  26.04,  25.99,  26.04,  26.06,  26.06,  26.01,  26.02,  26.18,  26.38,  26.56,  26.58,  26.65
20241006, 0600,  , HU, 32.6N,  49.5W,  95,  955,  200,  200,  160,  160,  100,  110,   80,   90,   50,   60,   30,   40,   60,  27.46,  27.34,  27.30,  27.29,  27.30,  27.28,  27.19,  27.13,  26.96,  26.88,  26.99,  27.05,  27.11,  27.08,  26.92,  26.30,  25.80,  25.76,  25.70,  25.50,  25.28,  25.06,  25.07,  25.08,  25.15,  25.42,  25.74,  25.95,  26.00,  26.06,  26.12
20241006, 1200,  , HU, 34.5N,  48.6W,  85,  959,  260,  240,  190,  210,  160,  150,  110,  110,   80,  100,   80,   60,   70,  27.50,  27.37,  27.31,  27.25,  27.13,  26.95,  26.73,  26.54,  26.33,  26.20,  26.20,  26.20,  26.17,  26.19,  26.24,  25.56,  25.40,  25.31,  25.10,  24.93,  24.64,  24.57,  24.51,  24.47,  24.41,  24.38,  24.45,  24.56,  24.59,  24.52,  24.47
20241006, 1800,  , HU, 36.4N,  47.2W,  80,  959,  260,  240,  190,  210,  160,  150,  110,  110,   80,  100,   90,   60,   70,  26.86,  26.74,  26.77,  26.64,  26.59,  26.45,  26.18,  25.94,  25.64,  25.38,  25.23,  25.20,  25.20,  25.06,  25.12,  24.22,  24.03,  24.06,  23.91,  23.83,  23.73,  23.85,  23.93,  23.92,  23.89,  23.90,  23.93,  24.06,  24.08,  23.84,  23.79
20241007, 0000,  , HU, 37.9N,  45.0W,  70,  964,  260,  270,  190,  210,  160,  150,  110,  110,   80,  100,   90,   60,   70,  25.96,  25.99,  25.87,  25.82,  25.80,  25.67,  25.40,  25.28,  25.22,  25.10,  25.05,  25.01,  24.92,  24.68,  24.44,  24.09,  24.03,  23.79,  23.70,  23.47,  23.37,  23.42,  23.43,  23.47,  23.60,  23.68,  23.79,  23.88,  23.98,  23.56,  23.65
20241007, 0600,  , HU, 39.5N,  42.4W,  65,  966,  260,  290,  250,  200,  160,  180,  140,  110,    0,   80,   80,    0,   70,  24.85,  24.85,  24.77,  24.64,  24.53,  24.48,  24.39,  24.44,  24.26,  24.10,  24.09,  24.07,  24.00,  23.85,  23.68,  23.38,  23.40,  23.12,  23.01,  22.96,  22.89,  22.79,  22.73,  22.70,  22.72,  22.82,  22.94,  22.93,  22.84,  22.38,  22.71
20241007, 1200,  , EX, 41.2N,  39.9W,  65,  966,  250,  320,  310,  190,  150,  210,  180,  110,    0,   90,    0,    0,   80,  23.64,  23.53,  23.27,  23.19,  23.19,  23.10,  22.63,  22.36,  22.03,  21.72,  21.47,  21.25,  21.05,  20.83,  20.75,  20.55,  20.47,  20.20,  20.11,  20.20,  20.58,  20.46,  20.42,  20.43,  20.61,  21.09,  21.43,  21.82,  21.95,  21.69,  22.21
20241007, 1800,  , EX, 42.7N,  36.6W,  60,  966,  250,  320,  310,  190,  150,  210,  180,  110,    0,    0,    0,    0,   80,  22.63,  22.67,  22.75,  22.72,  22.67,  22.45,  22.26,  21.69,  21.30,  21.26,  21.28,  21.13,  20.94,  20.76,  20.75,  20.65,  20.64,  20.36,  20.31,  20.22,  20.21,  20.29,  20.23,  20.11,  20.05,  19.96,  19.95,  19.93,  19.84,  19.06,  19.31
20241008, 0000,  , EX, 43.3N,  33.3W,  55,  968,  250,  320,  310,  190,  150,  210,  180,  110,    0,    0,    0,    0,   80,  22.27,  22.15,  22.04,  22.01,  21.72,  21.61,  21.28,  20.76,  20.71,  20.73,  20.52,  20.22,  20.02,  19.81,  19.65,  19.56,  19.40,  19.28,  19.20,  19.26,  19.31,  19.32,  19.29,  19.24,  19.24,  19.08,  19.09,  18.97,  18.32,  18.54,  18.14
20241008, 0600,  , EX, 43.5N,  29.6W,  55,  968,  250,  320,  310,  190,  150,  210,  180,  110,    0,    0,    0,    0,   80,  22.33,  22.23,  22.14,  22.04,  21.76,  21.60,  21.51,  21.47,  21.23,  21.08,  20.93,  20.70,  20.62,  20.37,  20.16,  19.78,  19.59,  19.37,  19.22,  19.27,  19.31,  19.32,  19.27,  19.20,  19.09,  19.07,  19.03,  18.95,  18.70,  18.75,  18.43
20241008, 1200,  , EX, 43.5N,  25.4W,  55,  972,  150,  300,  300,  200,    0,  150,  210,  100,    0,    0,    0,    0,   90,  22.13,  22.00,  22.00,  21.85,  21.68,  21.55,  21.44,  21.53,  21.47,  21.30,  21.20,  21.09,  21.06,  20.88,  20.76,  20.43,  20.43,  20.26,  20.16,  20.08,  19.96,  19.90,  19.84,  19.70,  19.53,  19.29,  19.18,  19.11,  18.88,  18.91,  18.74
20241008, 1800,  , EX, 42.9N,  20.9W,  55,  975,  150,  300,  300,  200,    0,  150,  210,  100,    0,    0,    0,    0,   90,  21.48,  21.32,  21.28,  21.10,  20.93,  20.80,  20.77,  20.78,  20.62,  20.63,  20.70,  20.59,  20.55,  20.40,  20.23,  19.87,  19.91,  19.89,  19.72,  19.46,  19.46,  19.48,  19.45,  19.38,  19.29,  19.13,  19.03,  19.00,  18.95,  18.93,  18.89
20241009, 0000,  , EX, 43.0N,  15.5W,  50,  980,  150,  300,  300,  200,    0,  150,  210,  100,    0,    0,    0,    0,   90,  20.56,  20.45,  20.27,  20.10,  20.06,  19.98,  19.86,  19.89,  19.95,  20.03,  20.14,  20.03,  19.99,  19.89,  19.67,  19.58,  19.57,  19.48,  19.00,  18.98,  19.14,  19.22,  19.24,  19.14,  19.04,  18.74,  18.80,  18.78,  18.73,  18.75,  18.66
20241009, 0600,  , EX, 43.5N,   9.5W,  50,  980,  150,  300,  300,  200,    0,  150,  210,  100,    0,    0,    0,    0,   90,  18.01,  18.01,  18.07,  18.05,  17.98,  17.91,  17.64,  16.97,  17.26,  17.55,  17.66,  17.89,  18.26,  18.28,  18.27,  18.09,  18.00,  17.83,  17.68,  17.68,  17.76,  17.87,  17.82,  17.78,  17.79,  17.75,  17.68,  17.57,  17.60,  17.58,  17.56
20241009, 1200,  , EX, 45.5N,   4.0W,  45,  980,  150,  300,  300,  200,    0,    0,    0,    0,    0,    0,    0,    0,   90,  19.06,  18.97,  18.82,  18.61,  18.38,  18.35,  18.23,  18.09,  18.09,  18.10,  18.07,  18.10,  18.00,  17.96,  17.75,  17.88,  17.81,  17.85,  18.13,  18.08,  18.23,  18.23,  18.19,  18.05,  18.00,  17.90,  18.02,  17.97,  17.85,  17.72,  17.91
20241009, 1800,  , EX, 48.0N,   2.0E,  40,  980,  150,  300,  300,  200,    0,    0,    0,    0,    0,    0,    0,    0,   90,    nan,    nan,    nan,    nan,    nan,    nan,    nan,    nan,    nan,    nan,    nan,    nan,    nan,    nan,    nan,    nan,    nan,    nan,    nan,    nan,    nan,    nan,    nan,    nan,    nan,    nan,    nan,    nan,    nan,    nan,    nan
20241010, 0000,  , EX, 51.0N,   8.0E,  30,  982,    0,    0,    0,    0,    0,    0,    0,    0,    0,    0,    0,    0,   90,    nan,    nan,    nan,    nan,    nan,    nan,    nan,    nan,    nan,    nan,    nan,    nan,    nan,    nan,    nan,    nan,    nan,    nan,    nan,    nan,    nan,    nan,    nan,    nan,    nan,    nan,    nan,    nan,    nan,    nan,    nan
