AL122018,               KIRK,     28,
20180922, 0600,  , TD,  7.7N,  21.8W,  30, 1007,    0,    0,    0,    0,    0,    0,    0,    0,    0,    0,    0,    0, -999,  26.68,  26.88,  27.11,  27.42,  27.35,  27.06,  27.29,  27.33,  27.51,  27.95,  27.76,  27.59,  27.67,  27.85,  27.88,  27.93,  27.92,  27.70,  28.22,  28.34,  28.11,  28.09,  28.16,  28.07,  28.23,  28.54,  28.63,  28.39,  27.86,  27.88,  28.04
20180922, 1200,  , TS,  8.1N,  22.9W,  35, 1005,   20,    0,    0,   20,    0,    0,    0,    0,    0,    0,    0,    0, -999,  26.91,  26.79,  26.84,  27.14,  27.12,  26.93,  27.03,  27.20,  27.36,  27.80,  27.70,  27.94,  28.02,  28.00,  28.02,  28.12,  28.16,  27.82,  28.26,  28.52,  28.28,  28.15,  28.17,  28.15,  28.14,  28.12,  28.25,  27.93,  27.72,  27.90,  28.04
20180922, 1800,  , TS,  8.5N,  24.1W,  35, 1005,   30,    0,    0,   20,    0,    0,    0,    0,    0,    0,    0,    0, -999,  26.86,  26.79,  26.77,  26.85,  26.85,  26.78,  26.90,  27.20,  27.50,  27.84,  27.56,  27.83,  27.94,  27.90,  27.80,  27.97,  28.00,  27.85,  28.32,  28.54,  28.39,  28.01,  27.82,  28.21,  28.32,  28.31,  28.37,  28.49,  28.32,  28.36,  28.42
20180923, 0000,  , TS,  8.9N,  25.7W,  35, 1005,   30,    0,    0,    0,    0,    0,    0,    0,    0,    0,    0,    0, -999,  26.73,  26.55,  26.77,  27.06,  27.03,  26.98,  27.06,  27.30,  27.42,  27.13,  26.74,  26.60,  27.68,  27.82,  28.14,  28.25,  28.25,  28.77,  28.74,  28.55,  28.41,  28.57,  28.51,  28.54,  28.45,  28.35,  28.37,  28.39,  28.30,  28.17,  28.19
20180923, 0600,  , TS,  9.1N,  27.3W,  35, 1005,   40,    0,    0,    0,    0,    0,    0,    0,    0,    0,    0,    0, -999,  27.33,  27.16,  27.23,  27.38,  27.02,  27.30,  27.41,  27.70,  27.61,  27.15,  27.49,  28.01,  28.16,  27.77,  27.78,  27.96,  27.84,  28.66,  28.73,  28.46,  28.21,  28.35,  28.36,  28.44,  28.45,  28.55,  28.57,  28.39,  28.44,  28.36,  28.35
20180923, 1200,  , WV,  9.2N,  29.3W,  35, 1005,   60,    0,    0,    0,    0,    0,    0,    0,    0,    0,    0,    0, -999,  27.48,  27.44,  27.29,  27.16,  27.13,  27.52,  27.59,  27.78,  28.08,  27.96,  27.88,  28.14,  28.29,  28.21,  27.88,  27.73,  27.65,  27.94,  28.71,  28.88,  28.37,  28.07,  28.45,  28.28,  28.33,  28.46,  28.52,  28.30,  28.28,  28.29,  28.32
20180923, 1800,  , WV,  9.3N,  31.7W,  30, 1006,    0,    0,    0,    0,    0,    0,    0,    0,    0,    0,    0,    0, -999,  27.65,  27.69,  27.51,  27.43,  27.66,  27.69,  27.81,  27.81,  27.93,  28.19,  28.15,  28.49,  28.47,  27.84,  27.69,  27.96,  28.34,  28.27,  29.27,  29.14,  28.33,  28.11,  28.58,  28.45,  28.32,  28.37,  28.33,  28.33,  28.53,  28.57,  28.55
20180924, 0000,  , WV,  9.4N,  34.1W,  25, 1007,    0,    0,    0,    0,    0,    0,    0,    0,    0,    0,    0,    0, -999,  27.52,  27.39,  27.96,  28.04,  28.06,  28.06,  28.08,  28.00,  28.23,  28.25,  28.70,  28.61,  28.62,  28.40,  28.46,  28.67,  28.58,  28.64,  28.58,  28.00,  27.87,  28.51,  28.88,  28.47,  28.58,  28.61,  28.62,  28.89,  28.81,  28.35,  28.26
20180924, 0600,  , WV,  9.6N,  36.4W,  30, 1007,    0,    0,    0,    0,    0,    0,    0,    0,    0,    0,    0,    0, -999,  28.34,  28.17,  28.46,  28.51,  28.34,  28.52,  28.62,  28.71,  28.63,  28.58,  28.72,  28.67,  28.72,  28.60,  28.56,  28.77,  28.62,  28.51,  28.96,  28.84,  28.30,  28.63,  29.04,  29.05,  29.01,  28.25,  28.31,  28.56,  28.73,  29.01,  29.00
20180924, 1200,  , WV,  9.8N,  38.5W,  35, 1007,   80,    0,    0,   80,    0,    0,    0,    0,    0,    0,    0,    0, -999,  28.67,  28.64,  28.76,  29.06,  29.04,  28.72,  28.95,  29.07,  29.01,  28.58,  28.31,  28.78,  28.92,  28.84,  28.72,  28.50,  28.19,  28.41,  28.51,  28.38,  27.85,  27.21,  27.94,  28.02,  28.06,  27.96,  27.97,  28.19,  28.46,  28.57,  28.39
20180924, 1800,  , WV, 10.0N,  40.6W,  35, 1007,  120,    0,    0,  120,    0,    0,    0,    0,    0,    0,    0,    0, -999,  28.61,  28.61,  28.67,  29.07,  29.05,  28.70,  29.02,  29.26,  29.29,  29.26,  28.68,  28.66,  28.73,  28.44,  28.34,  28.31,  28.35,  28.92,  28.99,  28.91,  28.17,  27.86,  28.00,  28.35,  28.63,  28.45,  28.19,  28.61,  28.81,  29.00,  28.88
20180925, 0000,  , WV, 10.3N,  42.7W,  35, 1007,  140,    0,    0,   60,    0,    0,    0,    0,    0,    0,    0,    0, -999,  28.89,  28.82,  29.35,  29.57,  29.39,  29.05,  29.42,  29.34,  29.16,  28.90,  28.83,  28.86,  28.88,  28.90,  28.89,  28.84,  28.70,  28.28,  28.31,  28.42,  28.33,  28.27,  28.41,  28.41,  28.32,  28.23,  28.57,  28.95,  29.07,  28.75,  28.90
20180925, 0600,  , WV, 10.7N,  44.8W,  35, 1007,  140,    0,    0,    0,    0,    0,    0,    0,    0,    0,    0,    0, -999,  28.78,  29.08,  29.05,  29.20,  29.23,  29.13,  29.12,  29.14,  29.13,  28.96,  29.31,  29.50,  29.39,  28.99,  28.27,  28.75,  28.94,  28.82,  28.74,  28.72,  28.78,  28.44,  28.64,  28.70,  28.52,  28.64,  28.66,  28.89,  29.04,  29.05,  29.06
20180925, 1200,  , WV, 11.0N,  46.8W,  35, 1007,  140,    0,    0,    0,    0,    0,    0,    0,    0,    0,    0,    0, -999,  28.21,  28.68,  28.87,  29.02,  28.84,  29.15,  29.11,  29.16,  29.17,  29.01,  29.33,  29.42,  29.30,  29.23,  28.83,  28.62,  28.76,  28.78,  28.72,  28.53,  28.21,  27.99,  28.45,  28.73,  28.78,  28.83,  28.75,  28.64,  28.67,  28.90,  29.05
20180925, 1800,  , WV, 11.3N,  48.6W,  40, 1006,  140,    0,    0,    0,    0,    0,    0,    0,    0,    0,    0,    0, -999,  28.81,  29.12,  29.24,  29.36,  29.22,  29.54,  29.48,  29.41,  29.35,  29.21,  29.05,  29.05,  29.13,  29.29,  28.87,  28.67,  28.96,  28.95,  28.63,  28.68,  28.56,  28.24,  28.62,  28.67,  29.06,  28.81,  28.72,  28.70,  28.54,  28.71,  28.94
20180926, 0000,  , TS, 11.5N,  50.3W,  45, 1005,  120,   90,    0,   40,    0,    0,    0,    0,    0,    0,    0,    0, -999,  28.66,  28.73,  28.99,  29.16,  29.25,  29.03,  28.82,  28.81,  28.94,  29.00,  28.96,  29.18,  29.31,  28.79,  28.58,  28.73,  28.80,  28.41,  28.41,  28.52,  28.27,  28.25,  28.55,  29.16,  28.57,  28.23,  28.30,  28.18,  28.40,  28.71,  28.86
20180926, 0600,  , TS, 11.8N,  52.0W,  50, 1004,  100,   90,    0,   40,   30,    0,    0,    0,    0,    0,    0,    0, -999,  28.54,  28.65,  28.80,  28.84,  28.90,  28.85,  28.64,  28.79,  28.67,  28.49,  28.53,  28.64,  28.69,  28.57,  28.29,  28.34,  28.07,  28.14,  28.35,  28.50,  28.43,  28.40,  28.46,  28.83,  28.50,  28.39,  28.23,  28.17,  28.53,  28.78,  29.15
20180926, 1200,  , TS, 12.1N,  53.6W,  55, 1002,  100,   90,    0,   60,   30,    0,    0,    0,    0,    0,    0,    0, -999,  28.65,  28.78,  29.01,  28.98,  29.11,  29.12,  28.74,  28.62,  28.64,  28.01,  28.11,  28.72,  28.46,  28.21,  27.98,  27.94,  27.94,  27.88,  28.18,  28.37,  28.26,  28.15,  28.26,  28.36,  28.44,  28.47,  28.52,  28.22,  28.38,  28.41,  28.95
20180926, 1800,  , TS, 12.5N,  55.0W,  55,  998,  100,  100,    0,   70,   40,    0,    0,    0,    0,    0,    0,    0, -999,  28.86,  28.80,  29.02,  29.19,  29.23,  29.06,  28.94,  28.91,  28.92,  28.60,  28.84,  28.89,  29.25,  29.20,  28.76,  28.69,  28.67,  28.14,  28.12,  27.99,  27.86,  27.67,  27.83,  27.97,  28.36,  28.07,  27.94,  27.89,  27.99,  28.19,  28.41
20180927, 0000,  , TS, 12.9N,  56.4W,  50, 1002,  110,  110,    0,   80,   40,    0,    0,    0,    0,    0,    0,    0, -999,  28.77,  28.76,  29.13,  29.08,  29.08,  29.05,  29.11,  29.20,  28.29,  28.71,  28.63,  29.16,  29.21,  28.87,  28.74,  28.73,  28.29,  28.42,  28.50,  28.38,  28.19,  28.51,  28.51,  28.50,  28.34,  28.25,  28.20,  27.98,  27.70,  27.59,  28.50
20180927, 0600,  , TS, 13.3N,  57.7W,  50, 1002,  120,  110,    0,   70,   40,    0,    0,    0,    0,    0,    0,    0, -999,  28.61,  28.84,  29.02,  29.02,  28.94,  28.79,  28.99,  28.99,  28.41,  28.82,  28.67,  28.99,  28.90,  28.54,  28.27,  28.04,  27.83,  27.83,  28.27,  28.58,  28.37,  28.43,  28.52,  28.41,  28.47,  28.68,  28.60,  28.40,  27.70,  27.50,  28.56
20180927, 1200,  , TS, 13.6N,  58.7W,  50,  998,  120,  110,    0,   60,   40,    0,    0,    0,    0,    0,    0,    0, -999,  28.93,  28.98,  29.18,  29.23,  29.05,  28.96,  28.91,  28.96,  28.39,  28.86,  28.84,  29.00,  29.09,  28.91,  28.43,  28.55,  28.68,  28.36,  28.31,  28.46,  28.42,  28.35,  28.44,  28.48,  28.55,  28.70,  28.67,  28.27,  27.89,  27.95,  28.70
20180927, 1800,  , TS, 14.0N,  59.8W,  50, 1000,  120,  110,    0,   60,   40,    0,    0,    0,    0,    0,    0,    0, -999,  29.04,  29.02,  29.16,  29.18,  29.05,  29.03,  28.78,  28.55,  28.42,  28.82,  28.81,  28.94,  29.05,  28.70,  28.49,  28.58,  28.78,  28.35,  28.39,  28.48,  28.46,  28.39,  28.37,  28.44,  28.62,  29.05,  29.06,  28.44,  28.35,  28.28,  28.69
20180928, 0000,  , TS, 13.8N,  60.8W,  45, 1002,  130,  130,    0,   60,    0,    0,    0,    0,    0,    0,    0,    0, -999,  29.24,  29.28,  29.18,  28.91,  28.90,  28.69,  28.63,  28.56,  28.64,  28.73,  28.96,  29.02,  28.90,  28.77,  28.60,  28.63,  28.57,  28.61,  28.66,  28.66,  28.62,  28.66,  28.71,  28.78,  28.89,  28.83,  28.56,  28.73,  28.60,  29.09,  29.13
20180928, 0030, L, TS, 13.8N,  60.9W,  45, 1002,  130,  130,    0,   60,    0,    0,    0,    0,    0,    0,    0,    0, -999,  29.24,  29.28,  29.18,  28.91,  28.90,  28.69,  28.63,  28.56,  28.64,  28.73,  28.96,  29.02,  28.90,  28.77,  28.60,  28.63,  28.57,  28.61,  28.66,  28.66,  28.62,  28.66,  28.71,  28.78,  28.89,  28.83,  28.56,  28.73,  28.60,  29.09,  29.13
20180928, 0600,  , TS, 13.3N,  61.9W,  45, 1005,  100,  100,    0,   60,    0,    0,    0,    0,    0,    0,    0,    0, -999,  29.42,  29.52,  29.39,  29.17,  29.13,  29.18,  29.28,  29.13,  28.75,  28.86,  29.07,  29.20,  29.40,  29.34,  28.95,  28.81,  28.75,  28.70,  28.75,  28.77,  28.67,  28.79,  28.91,  28.97,  28.98,  28.94,  28.73,  28.59,  28.58,  29.29,  29.29
20180928, 1200,  , TS, 13.6N,  63.1W,  40, 1007,   90,   90,    0,    0,    0,    0,    0,    0,    0,    0,    0,    0, -999,  29.41,  29.19,  29.11,  29.21,  29.19,  29.23,  29.30,  29.19,  28.70,  28.92,  29.05,  29.14,  29.29,  29.30,  28.91,  28.88,  28.84,  28.78,  28.53,  28.56,  28.65,  28.65,  28.72,  28.99,  28.93,  28.83,  28.84,  28.74,  28.78,  28.96,  29.30
20180928, 1800,  , TS, 14.4N,  64.2W,  35, 1007,   90,   90,    0,    0,    0,    0,    0,    0,    0,    0,    0,    0, -999,  29.66,  29.62,  29.51,  29.49,  29.49,  29.38,  29.28,  28.58,  28.44,  28.81,  28.97,  28.93,  28.98,  28.99,  28.72,  28.62,  28.70,  28.71,  28.70,  28.67,  28.91,  28.89,  28.83,  29.28,  29.07,  28.87,  28.91,  28.95,  28.89,  28.88,  29.08
