AL122001,              JERRY,     10,
20011006, 1200,  , TD, 10.6N,  50.6W,  25, 1008, -999, -999, -999, -999, -999, -999, -999, -999, -999, -999, -999, -999, -999,  28.67,  29.11,  29.30,  28.79,  28.23,  28.08,  28.28,  29.41,  29.64,  28.75,  28.30,  27.88,  28.04,  28.31,  28.09,  28.04,  28.27,  27.83,  27.84,  27.86,  28.16,  28.03,  27.69,  27.60,  28.02,  27.90,  27.91,  27.79,  27.81,  27.17,  26.94
20011006, 1800,  , TD, 10.8N,  52.1W,  30, 1007, -999, -999, -999, -999, -999, -999, -999, -999, -999, -999, -999, -999, -999,  28.56,  28.94,  29.27,  28.66,  28.32,  28.17,  27.56,  28.58,  28.74,  28.27,  28.27,  27.81,  28.37,  29.28,  28.18,  27.43,  28.01,  28.13,  27.87,  27.83,  27.98,  27.92,  27.51,  27.51,  27.78,  27.73,  27.72,  27.74,  27.56,  27.11,  26.93
20011007, 0000,  , TS, 11.0N,  53.8W,  35, 1007, -999, -999, -999, -999, -999, -999, -999, -999, -999, -999, -999, -999, -999,  28.91,  29.29,  28.93,  28.60,  28.56,  28.76,  28.69,  28.22,  28.07,  28.37,  28.08,  28.07,  28.26,  28.28,  28.16,  28.75,  28.50,  28.21,  27.82,  28.17,  28.11,  27.90,  27.97,  28.14,  28.13,  27.60,  27.44,  27.53,  27.45,  27.51,  27.53
20011007, 0600,  , TS, 11.3N,  55.7W,  40, 1007, -999, -999, -999, -999, -999, -999, -999, -999, -999, -999, -999, -999, -999,  28.22,  28.93,  29.09,  28.89,  28.54,  28.46,  28.59,  28.52,  28.42,  28.54,  28.54,  28.29,  28.28,  28.30,  28.31,  28.39,  28.29,  28.13,  27.91,  28.09,  27.98,  27.97,  27.54,  27.41,  26.60,  26.36,  26.54,  28.34,  28.56,  27.84,  27.39
20011007, 1200,  , TS, 11.7N,  57.7W,  45, 1007, -999, -999, -999, -999, -999, -999, -999, -999, -999, -999, -999, -999, -999,  28.43,  28.84,  29.37,  29.34,  29.03,  28.64,  28.57,  28.24,  28.28,  27.81,  27.79,  27.70,  27.77,  27.92,  27.92,  28.63,  28.48,  28.16,  28.06,  27.93,  28.15,  28.32,  28.22,  28.17,  27.03,  27.00,  27.02,  28.09,  28.23,  28.22,  27.20
20011007, 1800,  , TS, 12.5N,  59.5W,  45, 1007, -999, -999, -999, -999, -999, -999, -999, -999, -999, -999, -999, -999, -999,  28.95,  29.44,  29.58,  29.55,  29.53,  28.86,  28.93,  28.98,  28.69,  28.20,  27.79,  27.80,  27.82,  28.73,  28.86,  29.00,  28.83,  28.30,  28.07,  27.68,  27.58,  27.35,  27.39,  27.45,  27.08,  27.12,  27.23,  27.90,  27.79,  27.81,  27.83
20011008, 0000,  , TS, 13.1N,  60.2W,  45, 1006, -999, -999, -999, -999, -999, -999, -999, -999, -999, -999, -999, -999, -999,  28.96,  29.73,  29.34,  28.70,  28.53,  28.77,  28.90,  28.45,  28.22,  27.97,  28.00,  27.97,  29.02,  29.05,  29.01,  28.72,  28.81,  28.47,  28.08,  27.96,  27.57,  27.50,  27.50,  27.51,  27.49,  27.48,  27.92,  27.98,  27.99,  27.92,  27.97
20011008, 0600,  , TS, 13.8N,  62.0W,  45, 1004, -999, -999, -999, -999, -999, -999, -999, -999, -999, -999, -999, -999, -999,  28.33,  28.67,  28.93,  28.44,  28.17,  28.45,  29.02,  28.90,  28.55,  28.56,  29.21,  29.28,  28.85,  28.70,  28.45,  28.58,  28.59,  28.65,  28.32,  28.31,  28.08,  27.55,  27.55,  27.33,  27.45,  27.49,  28.21,  28.20,  28.08,  28.00,  27.44
20011008, 1200,  , TS, 14.2N,  64.0W,  35, 1007, -999, -999, -999, -999, -999, -999, -999, -999, -999, -999, -999, -999, -999,  29.35,  29.07,  28.95,  28.97,  29.11,  28.62,  28.84,  28.84,  28.23,  28.07,  28.43,  28.57,  28.77,  28.80,  28.74,  28.61,  29.03,  29.03,  28.82,  28.71,  28.94,  29.04,  29.09,  27.86,  27.65,  27.62,  28.26,  28.28,  28.27,  28.29,  28.07
20011008, 1800,  , TD, 14.5N,  66.0W,  25, 1008, -999, -999, -999, -999, -999, -999, -999, -999, -999, -999, -999, -999, -999,  28.59,  28.61,  28.84,  28.98,  29.10,  28.94,  28.88,  29.48,  28.99,  28.85,  28.54,  28.67,  28.71,  28.66,  28.52,  28.57,  28.52,  28.44,  28.45,  27.86,  27.40,  27.35,  27.50,  27.65,  27.77,  27.79,  28.63,  28.64,  28.62,  28.19,  27.96
