AL132018,             LESLIE,     89,
20180922, 0000,  , EX, 35.0N,  45.0W,  25, 1008,    0,    0,    0,    0,    0,    0,    0,    0,    0,    0,    0,    0, -999,  27.30,  27.38,  27.34,  27.46,  27.30,  26.40,  26.15,  26.22,  26.37,  26.49,  26.43,  26.45,  26.41,  26.40,  26.26,  26.05,  25.98,  26.08,  25.93,  25.09,  24.39,  24.42,  24.62,  24.71,  24.86,  24.69,  24.57,  24.48,  24.39,  24.32,  24.06
20180922, 0600,  , EX, 34.4N,  44.2W,  30, 1005,    0,    0,    0,    0,    0,    0,    0,    0,    0,    0,    0,    0, -999,  27.54,  27.50,  27.50,  27.54,  27.38,  26.78,  26.57,  26.43,  26.51,  26.54,  26.52,  26.55,  26.43,  26.43,  26.36,  26.03,  25.93,  25.83,  25.49,  25.06,  24.73,  24.70,  24.71,  24.58,  24.62,  24.66,  24.57,  24.56,  24.38,  24.32,  24.26
20180922, 1200,  , EX, 33.7N,  44.2W,  35, 1003,  120,  120,    0,    0,    0,    0,    0,    0,    0,    0,    0,    0, -999,  27.98,  27.89,  27.98,  27.94,  27.80,  27.46,  27.25,  26.98,  26.90,  26.91,  27.18,  27.65,  27.21,  26.92,  26.82,  26.49,  26.37,  26.43,  25.97,  25.58,  25.44,  25.35,  25.32,  25.30,  25.13,  25.11,  24.88,  24.90,  25.10,  25.13,  24.99
20180922, 1800,  , EX, 33.3N,  44.6W,  35, 1003,  120,  120,    0,    0,    0,    0,    0,    0,    0,    0,    0,    0, -999,  28.04,  27.95,  27.99,  27.90,  27.79,  27.49,  27.35,  27.15,  27.03,  26.99,  27.34,  27.82,  27.35,  27.01,  26.91,  26.73,  26.60,  26.71,  26.22,  25.79,  25.61,  25.46,  25.41,  25.39,  25.18,  25.12,  24.88,  25.07,  25.26,  25.31,  25.14
20180923, 0000,  , EX, 33.2N,  45.2W,  35, 1003,  120,  120,    0,  200,    0,    0,    0,    0,    0,    0,    0,    0, -999,  27.99,  27.96,  27.82,  27.69,  27.43,  27.43,  27.30,  27.13,  27.08,  27.39,  27.66,  27.32,  27.13,  27.14,  27.11,  26.94,  27.11,  26.22,  25.83,  25.43,  25.13,  25.11,  25.15,  25.16,  25.14,  25.01,  25.18,  25.45,  25.49,  25.29,  25.01
20180923, 0600,  , EX, 33.0N,  45.9W,  35, 1002,    0,    0,    0,  200,    0,    0,    0,    0,    0,    0,    0,    0, -999,  28.01,  27.96,  27.82,  27.62,  27.26,  27.23,  27.13,  27.21,  27.28,  27.46,  27.65,  27.43,  27.29,  27.30,  27.33,  26.90,  26.50,  25.61,  25.65,  25.36,  25.25,  25.41,  25.21,  25.31,  25.18,  25.05,  25.13,  25.42,  25.46,  25.24,  25.11
20180923, 1200,  , SS, 33.2N,  46.5W,  35, 1002,    0,    0,    0,  200,    0,    0,    0,    0,    0,    0,    0,    0, -999,  27.96,  27.99,  28.04,  27.78,  27.42,  27.21,  27.05,  27.36,  27.46,  27.58,  27.66,  27.39,  27.21,  27.21,  27.28,  26.93,  26.40,  25.60,  25.38,  25.14,  24.97,  25.22,  24.83,  24.77,  24.77,  24.64,  24.70,  24.87,  24.97,  24.83,  24.79
20180923, 1800,  , SS, 33.5N,  47.0W,  35, 1002,    0,    0,    0,  200,    0,    0,    0,    0,    0,    0,    0,    0, -999,  27.83,  27.92,  27.99,  27.71,  27.30,  26.99,  26.92,  27.32,  27.48,  27.44,  27.47,  27.32,  27.29,  27.21,  27.21,  26.80,  26.48,  26.08,  25.76,  25.39,  25.22,  25.46,  24.99,  24.87,  24.96,  24.88,  24.87,  24.86,  24.86,  24.73,  24.72
20180924, 0000,  , SS, 33.5N,  47.8W,  35, 1004,    0,    0,    0,  180,    0,    0,    0,    0,    0,    0,    0,    0, -999,  28.07,  27.86,  27.67,  27.32,  26.92,  26.72,  27.03,  27.11,  26.88,  26.87,  26.86,  27.00,  26.80,  26.63,  26.49,  26.45,  26.27,  26.04,  25.77,  25.66,  25.65,  25.47,  25.37,  25.37,  25.37,  25.39,  25.35,  25.22,  25.14,  25.15,  25.20
20180924, 0600,  , SS, 32.9N,  48.5W,  35, 1004,    0,    0,    0,  180,    0,    0,    0,    0,    0,    0,    0,    0, -999,  27.97,  27.92,  27.75,  27.54,  27.32,  27.01,  27.39,  27.15,  27.05,  27.13,  27.04,  27.16,  26.87,  26.73,  26.52,  26.24,  26.10,  25.84,  25.63,  25.43,  25.33,  25.12,  25.00,  25.12,  25.13,  25.35,  25.39,  25.37,  25.37,  25.37,  25.17
20180924, 1200,  , SS, 32.8N,  47.9W,  35, 1004,    0,    0,    0,  180,    0,    0,    0,    0,    0,    0,    0,    0, -999,  28.06,  27.88,  27.67,  27.44,  27.05,  26.81,  27.11,  27.33,  27.18,  27.15,  27.05,  27.12,  26.96,  26.90,  26.84,  26.72,  26.43,  26.14,  25.82,  25.59,  25.56,  25.32,  25.15,  25.16,  25.15,  25.17,  25.12,  25.00,  24.89,  24.88,  24.94
20180924, 1800,  , SS, 33.0N,  47.6W,  35, 1004,    0,    0,    0,  180,    0,    0,    0,    0,    0,    0,    0,    0, -999,  28.08,  27.89,  27.70,  27.45,  27.00,  26.76,  27.02,  27.32,  27.23,  27.21,  27.07,  27.10,  26.99,  26.96,  26.94,  26.90,  26.47,  26.09,  25.77,  25.53,  25.59,  25.31,  25.12,  25.11,  25.10,  25.11,  25.03,  24.88,  24.75,  24.81,  24.87
20180925, 0000,  , SD, 32.7N,  47.2W,  30, 1005,    0,    0,    0,    0,    0,    0,    0,    0,    0,    0,    0,    0, -999,  27.97,  27.73,  27.44,  27.03,  26.86,  27.10,  27.44,  27.43,  27.42,  27.17,  27.10,  27.04,  27.10,  27.13,  27.01,  26.35,  25.80,  25.47,  25.32,  25.48,  25.03,  24.86,  24.92,  24.88,  24.95,  24.89,  24.86,  24.76,  24.75,  24.86,  24.13
20180925, 0600,  , SD, 32.1N,  46.7W,  30, 1005,    0,    0,    0,    0,    0,    0,    0,    0,    0,    0,    0,    0, -999,  27.95,  27.73,  27.43,  27.06,  26.86,  27.03,  27.29,  27.32,  27.43,  27.22,  27.10,  27.13,  27.17,  27.26,  27.23,  25.94,  25.60,  25.47,  25.51,  25.32,  25.18,  25.25,  25.39,  25.33,  25.43,  25.48,  25.38,  25.30,  25.42,  25.43,  24.60
20180925, 1200,  , EX, 31.7N,  45.2W,  30, 1005,    0,    0,    0,    0,    0,    0,    0,    0,    0,    0,    0,    0, -999,  27.83,  27.79,  27.59,  27.65,  27.54,  27.31,  27.45,  27.67,  27.98,  27.77,  27.40,  27.33,  27.26,  26.72,  26.71,  25.85,  25.88,  25.73,  25.70,  25.65,  25.53,  25.56,  25.39,  25.46,  25.48,  25.59,  25.87,  25.62,  25.14,  25.00,  24.29
20180925, 1800,  , EX, 32.9N,  44.3W,  40, 1000,   60,  100,  130,  150,    0,    0,    0,    0,    0,    0,    0,    0, -999,  27.88,  27.69,  27.52,  27.35,  27.16,  27.04,  26.97,  27.26,  27.66,  27.28,  26.97,  27.01,  26.95,  26.67,  26.69,  25.93,  25.77,  25.61,  25.46,  25.38,  25.37,  25.28,  25.27,  25.14,  25.26,  25.36,  25.42,  25.18,  24.89,  24.72,  24.32
20180926, 0000,  , EX, 32.6N,  42.6W,  50,  998,   60,  100,  130,  150,    0,    0,   40,   40,    0,    0,    0,    0, -999,  27.67,  27.54,  27.14,  26.95,  26.87,  26.89,  27.16,  27.26,  27.17,  26.90,  26.80,  26.60,  26.41,  26.27,  25.77,  25.51,  25.11,  24.96,  24.93,  24.95,  25.00,  24.93,  24.84,  24.74,  24.94,  24.84,  25.06,  24.99,  24.75,  24.50,  24.51
20180926, 0600,  , EX, 32.3N,  40.3W,  55,  992,  100,  140,  180,  250,    0,    0,   40,   40,    0,    0,    0,    0, -999,  27.95,  27.79,  27.46,  27.40,  26.98,  26.93,  27.41,  27.28,  27.10,  27.02,  26.94,  27.08,  27.09,  26.93,  26.08,  25.81,  25.70,  25.70,  25.65,  25.79,  25.80,  25.73,  25.64,  25.54,  25.45,  25.29,  25.00,  24.93,  25.07,  25.09,  25.19
20180926, 1200,  , EX, 33.8N,  38.5W,  55,  987,  100,  180,  240,  360,    0,    0,   40,   40,    0,    0,    0,    0, -999,  27.45,  26.82,  26.57,  26.27,  26.12,  26.01,  26.00,  26.13,  26.31,  26.14,  25.85,  25.94,  25.84,  25.72,  25.56,  24.63,  24.44,  24.42,  24.32,  24.04,  23.93,  23.86,  23.65,  23.69,  23.82,  23.85,  24.19,  23.94,  23.83,  23.60,  23.49
20180926, 1800,  , EX, 36.1N,  38.6W,  60,  978,  150,  180,  240,  360,   40,   40,   80,   80,    0,    0,    0,    0, -999,  26.95,  26.66,  26.58,  26.40,  26.24,  26.20,  26.17,  26.27,  26.15,  26.04,  26.12,  26.08,  26.02,  25.52,  25.43,  24.66,  24.11,  24.13,  24.15,  24.14,  24.26,  24.34,  24.13,  24.22,  24.20,  24.04,  24.31,  24.20,  24.13,  24.13,  23.77
20180927, 0000,  , EX, 37.3N,  40.4W,  65,  970,  300,  210,  240,  400,   90,   90,  150,  180,    0,   50,    0,  170, -999,  25.14,  25.14,  25.22,  25.29,  25.57,  25.40,  25.26,  25.40,  25.70,  25.62,  25.56,  25.46,  25.57,  25.57,  24.17,  23.34,  23.13,  23.11,  23.21,  23.35,  23.61,  23.85,  23.77,  23.77,  23.81,  23.98,  24.08,  24.20,  24.25,  24.03,  23.79
20180927, 0600,  , EX, 37.1N,  41.6W,  65,  970,  300,  210,  240,  400,   90,   90,  210,  270,    0,   50,    0,  180, -999,  25.55,  25.61,  25.35,  25.37,  25.54,  25.52,  25.51,  25.52,  25.75,  25.52,  25.43,  25.52,  25.51,  25.37,  24.70,  23.89,  23.58,  23.66,  23.84,  23.38,  23.50,  23.40,  23.47,  23.42,  23.34,  23.63,  23.65,  23.62,  23.59,  23.31,  23.19
20180927, 1200,  , EX, 37.0N,  42.5W,  65,  970,  300,  210,  240,  400,   90,   90,  210,  270,    0,   50,    0,  180, -999,  26.03,  26.21,  26.21,  26.14,  26.38,  26.57,  26.70,  26.61,  26.60,  26.07,  26.11,  26.15,  26.12,  25.90,  25.24,  24.64,  24.25,  24.20,  24.39,  23.85,  23.68,  23.67,  23.63,  23.55,  23.27,  23.43,  23.66,  23.64,  23.55,  23.40,  23.46
20180927, 1800,  , EX, 37.0N,  43.4W,  60,  978,  300,  240,  240,  450,  140,  150,  100,  150,    0,    0,    0,    0, -999,  26.85,  26.94,  26.91,  26.74,  26.59,  26.58,  26.43,  26.45,  26.40,  26.23,  26.37,  26.53,  26.42,  26.26,  25.19,  24.40,  24.58,  24.67,  24.64,  24.64,  24.46,  24.35,  24.38,  24.19,  24.12,  24.07,  24.43,  24.54,  24.47,  24.47,  24.24
20180928, 0000,  , EX, 36.9N,  44.5W,  50,  983,  360,  360,  360,  450,  120,   80,   50,   80,    0,    0,    0,    0, -999,  26.51,  26.50,  26.44,  26.27,  26.20,  26.09,  26.17,  26.19,  26.18,  25.98,  26.03,  26.03,  25.97,  25.08,  24.26,  24.41,  24.55,  24.29,  24.42,  24.49,  24.63,  24.45,  24.24,  24.11,  24.11,  24.58,  25.03,  24.81,  24.68,  24.38,  24.18
20180928, 0600,  , EX, 36.6N,  45.3W,  50,  983,  360,  360,  360,  450,  120,    0,    0,    0,    0,    0,    0,    0, -999,  26.43,  26.45,  26.40,  26.28,  26.25,  26.21,  26.27,  26.16,  26.03,  25.75,  25.63,  25.63,  25.56,  25.00,  23.77,  23.78,  23.73,  23.51,  23.66,  23.68,  23.94,  24.08,  24.23,  24.05,  24.07,  24.09,  24.13,  24.06,  24.02,  24.16,  24.25
20180928, 1200,  , SS, 36.4N,  46.4W,  45,  986,  300,  250,  250,  350,    0,    0,    0,    0,    0,    0,    0,    0, -999,  26.68,  26.67,  26.65,  26.64,  26.68,  26.58,  26.41,  26.24,  26.24,  25.93,  25.78,  25.85,  25.70,  25.53,  24.39,  24.66,  24.78,  24.61,  24.65,  24.39,  24.51,  24.65,  24.58,  24.51,  24.49,  24.24,  24.18,  24.21,  24.17,  24.14,  24.21
20180928, 1800,  , SS, 36.3N,  47.4W,  45,  986,  220,  180,  180,  240,    0,    0,    0,    0,    0,    0,    0,    0, -999,  26.36,  26.39,  26.87,  27.14,  26.98,  26.88,  26.75,  26.60,  26.33,  26.09,  25.80,  25.98,  25.84,  25.64,  24.94,  24.94,  24.82,  24.51,  24.52,  24.37,  24.46,  24.82,  24.62,  24.48,  24.55,  24.47,  24.26,  24.17,  24.04,  24.06,  24.13
20180929, 0000,  , SS, 35.9N,  48.9W,  40,  991,  220,  150,  150,  200,    0,    0,    0,    0,    0,    0,    0,    0, -999,  26.84,  26.92,  27.03,  27.22,  27.04,  26.98,  26.83,  26.48,  26.01,  25.66,  25.75,  25.78,  25.58,  24.92,  24.58,  24.56,  24.42,  24.53,  24.76,  24.65,  24.44,  24.48,  24.51,  24.40,  24.33,  24.44,  24.47,  24.36,  24.32,  24.19,  24.20
20180929, 0600,  , SS, 35.4N,  50.0W,  40,  991,  220,  150,  150,  200,    0,    0,    0,    0,    0,    0,    0,    0, -999,  27.01,  27.27,  27.36,  27.65,  27.45,  27.24,  27.22,  27.02,  26.70,  26.10,  25.90,  25.88,  25.61,  25.06,  24.92,  24.89,  24.66,  24.72,  24.85,  24.85,  24.69,  24.72,  24.80,  24.72,  24.36,  24.34,  24.31,  24.17,  24.20,  24.00,  24.12
20180929, 1200,  , SS, 34.7N,  50.6W,  40,  991,  220,  150,  150,  200,    0,    0,    0,    0,    0,    0,    0,    0, -999,  27.21,  27.32,  27.39,  27.52,  27.38,  27.15,  27.22,  27.08,  26.78,  26.24,  25.83,  25.89,  25.74,  24.98,  24.83,  24.84,  24.52,  24.61,  24.78,  24.74,  24.52,  24.45,  24.77,  24.67,  24.43,  24.32,  24.20,  24.06,  24.10,  24.02,  24.19
20180929, 1800,  , TS, 34.3N,  51.3W,  45,  991,  200,  150,  100,  180,    0,    0,    0,    0,    0,    0,    0,    0, -999,  27.50,  27.34,  27.42,  27.41,  27.25,  27.08,  27.13,  26.93,  26.46,  26.02,  25.83,  25.87,  25.76,  25.15,  25.13,  24.97,  24.63,  24.62,  24.58,  24.59,  24.57,  24.56,  24.74,  24.66,  24.55,  24.37,  24.25,  24.17,  24.18,  24.16,  24.24
20180930, 0000,  , TS, 34.0N,  51.7W,  45,  991,  200,  150,  100,  180,    0,    0,    0,    0,    0,    0,    0,    0, -999,  27.35,  27.42,  27.38,  27.20,  27.06,  27.13,  26.97,  26.38,  25.90,  25.75,  25.78,  25.70,  25.06,  25.05,  24.88,  24.51,  24.51,  24.48,  24.49,  24.48,  24.48,  24.64,  24.54,  24.44,  24.30,  24.18,  24.12,  24.15,  24.12,  24.19,  24.23
20180930, 0600,  , TS, 33.8N,  52.2W,  45,  991,  180,  150,  100,  180,    0,    0,    0,    0,    0,    0,    0,    0, -999,  27.09,  27.20,  27.19,  26.99,  26.89,  26.93,  26.78,  26.20,  25.85,  25.68,  25.63,  25.57,  24.86,  24.92,  24.77,  24.53,  24.50,  24.58,  24.59,  24.62,  24.55,  24.62,  24.54,  24.40,  24.15,  24.09,  24.06,  24.07,  24.07,  24.15,  24.20
20180930, 1200,  , TS, 33.7N,  52.6W,  45,  991,  180,  130,  100,  120,    0,    0,    0,    0,    0,    0,    0,    0, -999,  27.05,  27.15,  27.13,  26.93,  26.87,  26.85,  26.69,  26.22,  26.03,  25.86,  25.80,  25.71,  25.04,  25.18,  25.06,  25.01,  24.92,  24.94,  24.90,  24.87,  24.74,  24.89,  24.87,  24.62,  24.26,  24.23,  24.15,  24.12,  24.11,  24.27,  24.36
20180930, 1800,  , TS, 33.6N,  53.0W,  45,  991,  180,  130,  100,  120,    0,    0,    0,    0,    0,    0,    0,    0, -999,  27.36,  27.61,  27.50,  27.33,  27.24,  27.20,  27.02,  26.51,  26.20,  26.19,  26.06,  25.98,  25.23,  25.26,  25.26,  25.33,  25.24,  25.18,  25.16,  25.04,  24.92,  25.02,  25.13,  24.83,  24.37,  24.34,  24.21,  24.15,  24.15,  24.23,  24.28
20181001, 0000,  , TS, 33.5N,  53.4W,  45,  991,  150,  120,   80,  110,    0,    0,    0,    0,    0,    0,    0,    0, -999,  27.93,  27.78,  27.62,  27.53,  27.45,  27.35,  26.83,  26.44,  26.43,  26.21,  26.03,  25.38,  25.32,  25.23,  25.31,  25.21,  25.09,  25.11,  25.01,  24.89,  24.96,  25.10,  24.86,  24.49,  24.49,  24.35,  24.28,  24.26,  24.31,  24.27,  24.52
20181001, 0600,  , TS, 33.3N,  53.7W,  50,  990,  140,  110,   80,  110,   50,    0,    0,   50,    0,    0,    0,    0, -999,  28.03,  27.93,  27.80,  27.69,  27.64,  27.55,  27.15,  26.71,  26.81,  26.58,  26.35,  25.65,  25.44,  25.32,  25.37,  25.29,  25.19,  25.13,  24.96,  24.90,  24.82,  24.92,  24.62,  24.29,  24.21,  24.13,  24.09,  24.10,  24.12,  24.06,  24.30
20181001, 1200,  , TS, 33.1N,  54.1W,  50,  990,  140,  110,   80,  110,   50,    0,    0,   50,    0,    0,    0,    0, -999,  27.87,  27.85,  27.79,  27.71,  27.64,  27.53,  27.27,  26.89,  26.91,  26.61,  26.31,  25.66,  25.38,  25.27,  25.30,  25.22,  25.15,  25.13,  24.97,  24.96,  24.72,  24.75,  24.58,  24.39,  24.34,  24.29,  24.40,  24.41,  24.40,  24.35,  24.56
20181001, 1800,  , TS, 32.8N,  54.4W,  50,  990,  140,  110,   80,  110,   50,    0,    0,   50,    0,    0,    0,    0, -999,  27.81,  27.81,  27.87,  27.82,  27.69,  27.58,  27.40,  27.03,  26.99,  26.69,  26.35,  25.76,  25.50,  25.36,  25.38,  25.29,  25.23,  25.26,  25.11,  25.11,  24.75,  24.62,  24.58,  24.51,  24.53,  24.44,  24.57,  24.62,  24.60,  24.80,  24.84
20181002, 0000,  , TS, 32.4N,  54.9W,  50,  990,  140,  110,   80,  110,   50,    0,    0,   50,    0,    0,    0,    0, -999,  28.02,  28.16,  28.11,  27.89,  27.74,  27.58,  27.08,  26.96,  26.80,  26.50,  25.99,  25.75,  25.58,  25.47,  25.43,  25.43,  25.47,  25.27,  25.23,  24.79,  24.69,  24.82,  25.04,  25.28,  24.96,  25.05,  25.13,  25.19,  25.55,  25.48,  25.48
20181002, 0600,  , TS, 31.9N,  55.4W,  55,  989,  140,  110,   80,  110,   50,   50,    0,   50,    0,    0,    0,    0, -999,  28.02,  28.10,  28.08,  28.04,  28.13,  27.99,  27.36,  27.18,  27.11,  26.79,  26.42,  26.07,  25.90,  25.73,  25.52,  25.45,  25.54,  24.85,  24.71,  24.58,  24.46,  24.54,  24.62,  24.79,  24.72,  24.86,  25.05,  25.26,  25.63,  25.73,  25.56
20181002, 1200,  , TS, 31.2N,  55.9W,  55,  989,  140,  110,  110,  120,   50,   50,    0,   50,    0,    0,    0,    0, -999,  28.17,  27.98,  27.94,  27.95,  28.13,  28.07,  27.72,  27.61,  27.41,  27.02,  26.76,  26.55,  26.50,  26.33,  26.13,  26.22,  26.25,  24.25,  24.27,  24.26,  24.30,  24.41,  24.18,  24.05,  24.00,  23.93,  24.07,  24.31,  24.79,  25.15,  25.30
20181002, 1800,  , TS, 30.4N,  56.2W,  60,  986,  140,  100,  160,  200,   70,   50,    0,   80,    0,    0,    0,    0, -999,  28.22,  28.00,  27.85,  27.81,  27.68,  27.63,  27.67,  27.60,  27.43,  27.23,  27.09,  26.65,  26.52,  26.48,  26.29,  26.40,  26.48,  23.46,  23.28,  23.14,  23.39,  23.51,  23.28,  23.23,  23.50,  23.66,  24.11,  24.58,  25.20,  25.52,  25.81
20181003, 0000,  , TS, 29.8N,  56.6W,  60,  984,  140,  100,  160,  200,   70,   50,    0,   80,    0,    0,    0,    0, -999,  27.97,  27.92,  27.86,  27.86,  27.72,  27.78,  27.77,  27.67,  27.32,  27.18,  26.96,  26.65,  26.58,  26.38,  26.33,  26.35,  23.07,  22.85,  23.15,  23.60,  23.64,  23.56,  23.54,  24.02,  24.21,  24.68,  25.11,  25.56,  25.73,  26.09,  26.17
20181003, 0600,  , HU, 29.6N,  56.8W,  65,  980,  140,  130,  150,  200,   70,   50,   50,   90,   30,   30,    0,    0, -999,  27.83,  27.83,  27.84,  27.90,  27.78,  27.80,  27.84,  27.78,  27.39,  27.27,  27.14,  26.83,  26.79,  26.57,  26.42,  26.43,  23.22,  23.02,  23.30,  23.74,  23.72,  23.51,  23.41,  23.63,  23.71,  24.17,  24.76,  25.28,  25.43,  25.76,  25.83
20181003, 1200,  , HU, 29.5N,  56.8W,  75,  972,  140,  130,  150,  200,   70,   50,   50,   90,   30,   30,    0,    0, -999,  27.83,  27.83,  27.84,  27.90,  27.78,  27.80,  27.84,  27.78,  27.39,  27.27,  27.14,  26.83,  26.79,  26.57,  26.42,  26.43,  23.22,  23.02,  23.30,  23.74,  23.72,  23.51,  23.41,  23.63,  23.71,  24.17,  24.76,  25.28,  25.43,  25.76,  25.83
20181003, 1800,  , HU, 29.8N,  56.9W,  75,  970,  140,  130,  150,  180,   70,   50,   50,   80,   30,   30,   30,   30, -999,  27.83,  27.83,  27.84,  27.90,  27.78,  27.80,  27.84,  27.78,  27.39,  27.27,  27.14,  26.83,  26.79,  26.57,  26.42,  26.43,  23.22,  23.02,  23.30,  23.74,  23.72,  23.51,  23.41,  23.63,  23.71,  24.17,  24.76,  25.28,  25.43,  25.76,  25.83
20181004, 0000,  , HU, 30.3N,  57.0W,  75,  972,  140,  130,  150,  180,   70,   50,   50,   80,   30,   30,   30,   30, -999,  27.83,  27.86,  28.07,  27.89,  27.70,  27.66,  27.55,  27.40,  27.35,  27.27,  27.06,  26.93,  26.74,  26.67,  26.66,  24.13,  24.28,  24.34,  24.53,  24.56,  24.24,  23.86,  23.76,  23.68,  23.95,  24.44,  24.87,  24.97,  25.15,  25.15,  25.16
20181004, 0600,  , HU, 30.9N,  57.1W,  70,  976,  160,  160,  150,  180,   90,   80,   70,   80,   40,   30,   30,   30, -999,  27.95,  28.00,  28.18,  27.93,  27.72,  27.61,  27.50,  27.34,  27.11,  27.07,  26.90,  26.74,  26.48,  26.47,  26.53,  24.42,  24.53,  24.46,  24.46,  24.44,  24.34,  24.18,  24.18,  24.16,  24.33,  24.63,  25.12,  25.13,  25.19,  25.18,  25.07
20181004, 1200,  , HU, 31.7N,  57.2W,  65,  979,  200,  180,  160,  190,  110,  120,  100,  110,   35,   25,   25,   25, -999,  28.16,  28.14,  28.13,  27.58,  27.55,  27.46,  27.31,  27.04,  26.71,  26.61,  26.42,  26.31,  26.01,  25.85,  25.49,  24.43,  24.44,  24.48,  24.46,  24.43,  24.36,  24.34,  24.26,  24.18,  24.24,  24.62,  25.07,  25.06,  25.10,  25.11,  24.97
20181004, 1800,  , TS, 32.8N,  57.3W,  60,  982,  250,  180,  160,  190,  110,  120,  100,  110,    0,    0,    0,    0, -999,  28.16,  28.15,  27.59,  27.47,  27.53,  27.34,  27.51,  27.46,  26.76,  26.63,  26.36,  26.14,  25.90,  25.82,  25.53,  25.27,  25.04,  24.46,  24.53,  24.54,  24.43,  24.47,  24.42,  24.45,  24.43,  24.64,  24.64,  24.47,  24.62,  24.82,  24.75
20181005, 0000,  , TS, 34.2N,  57.6W,  55,  984,  250,  180,  160,  190,  110,  120,  100,  110,    0,    0,    0,    0, -999,  28.07,  27.86,  27.69,  27.46,  26.99,  26.97,  26.90,  26.66,  26.54,  26.21,  26.07,  25.79,  25.57,  25.48,  25.44,  25.37,  24.49,  24.47,  24.35,  24.36,  24.46,  24.30,  24.37,  24.36,  24.43,  24.35,  24.31,  24.37,  24.38,  24.05,  24.02
20181005, 0600,  , TS, 35.2N,  58.2W,  55,  986,  250,  220,  190,  200,  130,  130,  120,    0,    0,    0,    0,    0, -999,  27.77,  27.59,  27.46,  27.40,  27.33,  27.36,  27.21,  27.00,  26.95,  26.57,  26.58,  26.30,  25.92,  25.80,  25.58,  25.19,  24.90,  24.90,  24.68,  24.46,  24.42,  24.31,  24.31,  24.26,  24.39,  24.42,  24.58,  24.73,  24.58,  24.36,  24.19
20181005, 1200,  , TS, 35.9N,  58.3W,  55,  986,  250,  220,  190,  200,  120,  120,  110,    0,    0,    0,    0,    0, -999,  27.45,  27.19,  27.05,  26.81,  26.76,  26.71,  26.59,  26.39,  26.32,  26.03,  25.85,  25.60,  25.24,  24.91,  24.71,  24.32,  24.48,  24.65,  24.53,  24.47,  24.42,  24.45,  24.47,  24.31,  24.35,  24.54,  24.54,  24.58,  24.62,  24.40,  24.25
20181005, 1800,  , TS, 36.2N,  58.1W,  50,  987,  250,  220,  190,  220,   90,  100,   90,    0,    0,    0,    0,    0, -999,  27.45,  27.22,  27.13,  26.79,  26.73,  26.62,  26.49,  26.19,  26.11,  25.84,  25.72,  25.49,  25.19,  24.86,  24.67,  24.43,  24.63,  24.78,  24.70,  24.68,  24.64,  24.67,  24.70,  24.53,  24.60,  24.92,  24.91,  24.98,  25.06,  24.94,  24.74
20181006, 0000,  , TS, 36.5N,  57.6W,  50,  987,  250,  220,  190,  220,   90,  100,   90,    0,    0,    0,    0,    0, -999,  27.23,  27.18,  26.79,  26.73,  26.49,  26.27,  26.17,  26.19,  25.97,  25.93,  25.73,  25.59,  25.41,  25.18,  25.15,  25.34,  25.39,  25.48,  25.64,  25.65,  25.67,  25.86,  25.60,  25.53,  25.87,  26.01,  25.98,  25.98,  25.86,  25.51,  25.49
20181006, 0600,  , TS, 36.9N,  57.0W,  50,  987,  250,  250,  240,  160,  120,  120,    0,    0,    0,    0,    0,    0, -999,  27.19,  26.96,  26.63,  26.57,  26.44,  26.30,  26.34,  26.44,  26.27,  26.20,  26.10,  25.95,  25.75,  25.67,  25.71,  25.73,  25.64,  25.87,  25.99,  25.97,  26.03,  26.05,  25.91,  25.75,  25.97,  26.02,  25.87,  25.86,  25.82,  25.42,  25.32
20181006, 1200,  , TS, 37.4N,  56.4W,  50,  987,  250,  250,  240,  160,  120,  120,    0,    0,    0,    0,    0,    0, -999,  27.01,  27.10,  26.72,  26.65,  26.67,  26.45,  26.54,  26.57,  26.34,  26.21,  26.20,  26.17,  26.09,  26.14,  26.24,  26.21,  25.98,  26.16,  25.88,  25.85,  25.96,  26.06,  26.02,  25.90,  26.08,  26.29,  26.06,  25.89,  25.54,  25.22,  25.06
20181006, 1800,  , TS, 37.5N,  55.1W,  50,  987,  250,  250,  240,  160,  120,  120,    0,    0,    0,    0,    0,    0, -999,  26.43,  26.22,  26.21,  26.15,  26.09,  25.50,  25.43,  25.48,  25.34,  25.18,  25.08,  25.19,  25.24,  24.93,  24.86,  24.93,  24.10,  23.96,  24.37,  24.38,  24.60,  24.57,  24.36,  24.50,  25.07,  25.23,  25.20,  24.76,  24.55,  24.57,  24.51
20181007, 0000,  , TS, 37.4N,  53.7W,  50,  987,  250,  250,  240,  160,  120,  120,    0,    0,    0,    0,    0,    0, -999,  26.33,  26.20,  25.99,  25.91,  25.31,  25.12,  25.11,  24.84,  24.88,  24.91,  25.04,  25.11,  24.64,  24.51,  24.56,  24.16,  24.42,  24.05,  23.81,  23.96,  23.90,  23.69,  24.03,  24.32,  24.27,  24.09,  23.63,  23.58,  23.52,  23.60,  23.71
20181007, 0600,  , TS, 37.1N,  52.5W,  50,  987,  240,  240,  240,  160,  120,  120,    0,    0,    0,    0,    0,    0, -999,  26.58,  26.17,  26.31,  26.24,  25.77,  24.92,  24.52,  24.26,  24.62,  24.64,  24.71,  24.74,  24.81,  24.58,  23.83,  23.63,  23.76,  23.71,  23.73,  23.95,  23.91,  23.68,  23.98,  24.52,  24.36,  24.14,  23.81,  24.13,  24.21,  24.21,  24.41
20181007, 1200,  , TS, 36.5N,  51.6W,  50,  987,  240,  240,  240,  160,  120,  120,    0,    0,    0,    0,    0,    0, -999,  26.42,  26.18,  26.08,  26.12,  26.07,  24.94,  24.26,  24.57,  24.89,  24.85,  24.91,  24.45,  24.27,  24.27,  23.90,  23.88,  24.06,  24.05,  24.12,  24.11,  24.00,  23.80,  23.95,  24.27,  24.34,  24.27,  24.25,  24.27,  24.27,  24.28,  24.49
20181007, 1800,  , TS, 36.1N,  50.5W,  50,  987,  200,  200,  180,  180,   90,   90,    0,    0,    0,    0,    0,    0, -999,  26.28,  25.95,  25.84,  25.84,  25.59,  24.71,  24.45,  24.66,  24.65,  24.62,  24.57,  24.12,  23.91,  24.11,  24.44,  24.46,  24.29,  24.09,  23.95,  24.04,  24.08,  23.91,  24.06,  24.21,  24.26,  24.15,  24.10,  24.04,  24.11,  24.24,  24.22
20181008, 0000,  , TS, 35.8N,  49.4W,  45,  989,  150,  200,  180,  200,    0,    0,    0,    0,    0,    0,    0,    0, -999,  25.77,  25.67,  25.73,  25.46,  24.86,  24.56,  24.59,  24.60,  24.67,  24.78,  24.58,  24.26,  24.35,  24.49,  24.43,  24.31,  24.28,  24.29,  24.23,  24.23,  24.11,  24.11,  24.29,  24.38,  24.21,  24.17,  24.11,  24.26,  24.46,  24.46,  24.27
20181008, 0600,  , TS, 35.5N,  48.5W,  45,  989,  150,  200,  180,  200,    0,    0,    0,    0,    0,    0,    0,    0, -999,  26.04,  26.07,  26.00,  25.78,  25.26,  25.21,  25.21,  24.57,  24.45,  24.78,  24.77,  24.61,  24.71,  24.72,  24.81,  24.79,  24.82,  24.72,  24.36,  24.30,  24.18,  24.26,  24.33,  24.35,  24.32,  24.41,  24.37,  24.48,  24.50,  24.48,  24.40
20181008, 1200,  , TS, 34.9N,  47.4W,  45,  989,  150,  200,  180,  200,    0,    0,    0,    0,    0,    0,    0,    0, -999,  26.44,  26.22,  25.97,  25.40,  24.75,  24.87,  24.90,  24.35,  24.37,  24.57,  24.57,  24.51,  24.57,  24.63,  24.66,  24.62,  24.55,  24.41,  24.02,  24.10,  24.28,  24.15,  24.10,  24.07,  24.11,  24.20,  24.13,  24.21,  24.27,  24.11,  23.84
20181008, 1800,  , TS, 34.3N,  46.2W,  50,  986,  120,  150,  150,  270,    0,   50,   50,    0,    0,    0,    0,    0, -999,  25.94,  25.83,  25.33,  24.77,  24.64,  24.60,  24.91,  24.50,  24.49,  24.51,  24.40,  24.32,  24.22,  24.19,  24.02,  23.94,  23.93,  23.75,  23.64,  23.88,  24.10,  24.04,  23.91,  23.88,  24.02,  24.06,  24.01,  23.87,  23.82,  23.71,  23.69
20181009, 0000,  , TS, 33.5N,  45.1W,  55,  983,  120,  150,  150,  270,    0,   50,   50,    0,    0,    0,    0,    0, -999,  26.87,  26.07,  25.63,  25.24,  24.94,  24.94,  24.95,  24.92,  24.91,  24.72,  24.92,  25.11,  25.14,  25.00,  24.81,  24.45,  24.01,  24.01,  24.17,  24.49,  24.62,  24.41,  24.46,  24.63,  24.54,  24.47,  24.30,  24.18,  24.28,  24.22,  24.28
20181009, 0600,  , TS, 32.7N,  44.2W,  55,  983,  120,  150,  150,  270,    0,   50,   50,    0,    0,    0,    0,    0, -999,  26.69,  25.93,  25.77,  25.61,  25.46,  25.38,  25.37,  25.28,  25.27,  25.14,  25.26,  25.36,  25.42,  25.18,  24.89,  24.72,  24.32,  24.31,  24.33,  24.50,  24.66,  24.65,  24.65,  24.72,  24.67,  24.73,  24.69,  24.61,  24.68,  24.71,  24.58
20181009, 1200,  , TS, 31.6N,  43.6W,  55,  983,  120,  120,  180,  270,    0,   50,   50,    0,    0,    0,    0,    0, -999,  26.83,  25.99,  25.72,  25.38,  25.32,  25.24,  25.15,  25.25,  25.12,  25.17,  25.24,  25.41,  25.23,  25.12,  24.94,  24.76,  24.25,  24.25,  24.33,  24.58,  24.80,  24.92,  24.91,  24.83,  24.72,  24.82,  24.71,  24.56,  24.59,  24.73,  24.61
20181009, 1800,  , TS, 30.7N,  43.1W,  60,  983,  120,  120,  180,  270,    0,   50,   50,    0,    0,    0,    0,    0, -999,  27.10,  26.80,  26.72,  26.26,  25.98,  25.92,  25.85,  25.86,  25.55,  25.31,  25.56,  25.65,  25.67,  25.48,  25.39,  25.25,  24.55,  24.37,  24.35,  24.45,  24.43,  24.47,  24.57,  24.51,  24.48,  24.61,  24.65,  24.58,  24.52,  24.65,  24.58
20181010, 0000,  , HU, 29.8N,  42.7W,  65,  981,  120,   90,  120,  270,   40,   40,   40,   40,    0,   20,   20,    0, -999,  26.58,  26.51,  26.45,  26.42,  26.41,  26.20,  26.14,  26.03,  25.93,  26.13,  26.03,  25.97,  25.81,  25.97,  26.04,  25.30,  25.23,  25.06,  25.26,  25.46,  25.57,  25.52,  25.36,  25.40,  25.38,  25.49,  25.51,  25.37,  25.35,  25.24,  25.12
20181010, 0600,  , HU, 28.8N,  42.7W,  65,  981,  120,   90,  120,  240,   40,   40,   40,   40,    0,   20,   20,    0, -999,  26.70,  26.72,  26.76,  26.74,  26.72,  26.37,  26.31,  26.10,  26.10,  26.30,  26.32,  26.12,  26.07,  26.18,  26.20,  25.45,  25.36,  25.28,  25.43,  25.46,  25.44,  25.45,  25.40,  25.39,  25.50,  25.50,  25.45,  25.36,  25.43,  25.39,  25.19
20181010, 1200,  , HU, 28.1N,  42.5W,  65,  980,  110,  100,  120,  240,   40,   40,   40,   40,    0,   20,   20,    0, -999,  26.85,  26.88,  26.90,  26.87,  26.75,  26.41,  26.29,  26.17,  26.27,  26.34,  26.42,  26.32,  26.31,  26.34,  26.30,  25.44,  25.25,  25.13,  25.22,  25.32,  25.40,  25.44,  25.15,  25.09,  25.19,  25.22,  25.14,  25.01,  25.02,  24.98,  24.76
20181010, 1800,  , HU, 27.7N,  42.2W,  65,  980,  100,  130,  130,  240,   40,   50,   40,   40,    0,   20,   20,    0, -999,  26.82,  26.84,  26.89,  26.94,  26.82,  26.54,  26.41,  26.24,  26.50,  26.65,  26.65,  26.58,  26.49,  26.54,  26.62,  25.38,  25.13,  25.04,  25.06,  25.19,  25.29,  25.24,  25.07,  25.06,  25.23,  25.34,  25.37,  25.22,  25.16,  25.09,  25.02
20181011, 0000,  , HU, 27.7N,  41.6W,  70,  978,  100,  130,  130,  210,   40,   50,   50,   40,    0,   20,   25,    0, -999,  26.84,  26.92,  27.01,  26.85,  26.51,  26.38,  26.12,  26.58,  26.70,  26.69,  26.45,  26.34,  26.35,  26.60,  26.04,  25.56,  25.47,  25.46,  25.55,  25.61,  25.51,  25.26,  25.15,  25.21,  25.38,  25.33,  25.07,  24.95,  24.85,  24.80,  24.75
20181011, 0600,  , HU, 28.1N,  40.7W,  70,  978,  100,  130,  130,  210,   40,   50,   50,   40,    0,   20,   25,    0, -999,  26.83,  26.84,  26.68,  26.44,  26.29,  26.46,  26.42,  26.58,  26.66,  26.62,  26.29,  26.18,  26.24,  26.32,  25.88,  25.53,  25.54,  25.55,  25.57,  25.60,  25.59,  25.43,  25.39,  25.42,  25.55,  25.60,  25.31,  25.26,  25.23,  25.07,  25.03
20181011, 1200,  , HU, 28.8N,  39.3W,  70,  978,  140,  160,  160,  210,   40,   50,   50,   40,    0,   25,   25,    0, -999,  26.36,  26.39,  26.20,  25.97,  26.05,  26.09,  26.33,  26.07,  26.10,  26.06,  25.93,  25.83,  25.70,  25.94,  26.01,  25.30,  25.35,  25.25,  25.24,  25.25,  25.17,  24.96,  24.85,  24.85,  24.94,  24.92,  24.74,  24.75,  24.82,  24.81,  24.70
20181011, 1800,  , HU, 29.5N,  37.5W,  75,  976,  140,  160,  160,  210,   40,   80,   80,   40,    0,   40,   40,    0, -999,  26.32,  26.35,  26.38,  26.42,  26.29,  26.29,  26.26,  25.95,  25.96,  25.95,  25.82,  25.67,  25.69,  25.68,  25.65,  25.13,  25.11,  25.00,  25.07,  25.22,  25.13,  24.94,  24.82,  24.89,  24.98,  24.94,  24.81,  24.78,  24.83,  24.74,  24.89
20181012, 0000,  , HU, 30.4N,  35.2W,  80,  968,  140,  180,  160,  180,   50,  100,  100,   50,    0,   65,   65,    0, -999,  26.04,  25.85,  26.08,  26.06,  26.04,  26.01,  25.82,  25.67,  25.69,  25.55,  25.62,  25.78,  25.55,  25.46,  25.31,  25.27,  25.29,  25.21,  25.17,  25.09,  25.08,  24.95,  24.94,  25.10,  24.94,  24.82,  24.79,  24.79,  24.71,  24.79,  24.82
20181012, 0600,  , HU, 31.4N,  32.5W,  80,  968,  140,  180,  160,  180,   50,  100,  100,   50,    0,   65,   65,    0, -999,  25.64,  25.64,  25.62,  25.52,  25.46,  25.58,  25.48,  25.63,  25.45,  25.21,  25.14,  25.09,  25.10,  24.88,  24.68,  24.71,  24.68,  24.77,  24.49,  24.51,  24.58,  24.43,  24.33,  24.47,  24.29,  24.14,  24.19,  24.18,  24.09,  24.11,  24.08
20181012, 1200,  , HU, 32.6N,  29.6W,  75,  971,  140,  180,  180,  180,   50,   90,   70,   30,    0,   60,   50,    0, -999,  25.56,  25.55,  25.61,  25.61,  25.53,  25.52,  25.52,  25.51,  25.37,  25.20,  25.18,  25.11,  25.12,  24.89,  24.84,  24.62,  24.38,  24.37,  24.28,  24.34,  24.41,  24.34,  24.53,  24.63,  24.37,  24.13,  24.11,  24.18,  24.04,  23.88,  23.79
20181012, 1800,  , HU, 33.4N,  26.3W,  75,  971,  140,  180,  180,  180,   50,   90,   70,   30,    0,   60,   50,    0, -999,  25.13,  25.21,  25.09,  25.18,  25.27,  25.39,  25.32,  25.29,  25.12,  24.97,  24.97,  24.94,  24.94,  24.53,  24.63,  24.63,  24.09,  23.98,  23.71,  23.95,  23.96,  23.97,  23.92,  23.91,  23.66,  23.63,  23.65,  23.69,  23.69,  23.56,  23.41
20181013, 0000,  , HU, 34.2N,  22.4W,  70,  976,  140,  180,  180,  150,   50,   90,   90,    0,    0,   50,   50,    0, -999,  24.24,  24.26,  24.16,  24.11,  24.26,  24.39,  24.39,  24.32,  24.30,  24.20,  24.18,  23.99,  23.91,  23.67,  23.60,  22.82,  22.74,  22.60,  22.81,  22.86,  22.74,  22.54,  22.45,  22.35,  22.37,  22.28,  21.86,  22.18,  22.12,  21.83,  21.51
20181013, 0600,  , HU, 35.5N,  18.3W,  65,  977,  140,  180,  180,  150,   50,   90,   90,    0,    0,   50,   50,    0, -999,  22.39,  22.60,  22.83,  22.76,  22.68,  22.79,  22.86,  23.02,  23.04,  22.83,  22.72,  22.60,  22.47,  22.41,  22.35,  22.10,  21.91,  21.72,  21.85,  21.79,  21.62,  21.21,  21.16,  21.29,  21.34,  21.40,  21.44,  21.27,  21.25,  21.15,  21.08
20181013, 1200,  , HU, 37.2N,  14.1W,  65,  979,  140,  180,  180,  150,   50,   90,   90,    0,    0,   50,   50,    0, -999,  20.99,  21.07,  21.25,  21.19,  21.06,  21.26,  21.33,  21.59,  21.55,  21.46,  21.09,  21.05,  20.45,  20.05,  20.23,  20.41,  20.49,  20.51,  20.20,  20.23,  20.06,  20.06,  20.10,  20.07,  19.97,  20.14,  20.15,  20.08,  19.99,  19.55,  19.52
20181013, 1800,  , EX, 39.3N,  10.5W,  60,  984,  140,  180,  180,  150,   50,   90,   90,    0,    0,    0,    0,    0, -999,  19.92,  19.20,  19.47,  19.69,  20.06,  20.21,  19.97,  19.68,  19.37,  18.71,  18.73,  18.80,  19.00,  19.34,  18.91,  18.11,  18.12,  18.27,  18.51,  18.39,  18.32,  18.13,  18.32,  18.53,  18.48,  18.65,  18.75,  18.53,  18.30,  18.05,  16.94
20181014, 0000,  , EX, 41.1N,   7.6W,  40,  998,    0,    0,  120,  210,    0,    0,    0,    0,    0,    0,    0,    0, -999,    nan,    nan,    nan,    nan,    nan,    nan,    nan,    nan,    nan,    nan,    nan,    nan,    nan,    nan,    nan,    nan,    nan,    nan,    nan,    nan,    nan,    nan,    nan,    nan,    nan,    nan,    nan,    nan,    nan,    nan,    nan
