AL132007,            LORENZO,     14,
20070925, 1800,  , TD, 21.8N,  94.8W,  25, 1009,    0,    0,    0,    0,    0,    0,    0,    0,    0,    0,    0,    0, -999,  29.36,  29.48,  29.31,  28.72,  29.38,  29.46,  29.37,  29.35,  29.33,  29.42,  29.22,  29.60,  29.56,  29.80,  29.78,  29.69,  29.40,  29.28,  28.71,  28.77,  29.10,  29.06,  28.72,  28.62,  28.80,  28.93,  28.91,  28.85,  28.61,  28.53,  28.38
20070926, 0000,  , TD, 21.7N,  95.2W,  25, 1008,    0,    0,    0,    0,    0,    0,    0,    0,    0,    0,    0,    0, -999,  29.04,  29.00,  28.60,  29.41,  29.46,  29.31,  29.29,  29.44,  29.45,  29.45,  29.77,  29.85,  29.95,  29.73,  29.55,  29.47,  29.43,  28.69,  28.81,  29.42,  29.35,  29.00,  28.84,  28.90,  28.89,  28.76,  28.66,  28.59,  28.58,  28.13,  28.29
20070926, 0600,  , TD, 21.2N,  95.0W,  25, 1007,    0,    0,    0,    0,    0,    0,    0,    0,    0,    0,    0,    0, -999,  29.29,  29.18,  28.68,  29.33,  29.38,  29.28,  29.22,  29.15,  29.18,  29.16,  29.54,  29.91,  30.02,  29.83,  29.71,  29.54,  29.43,  28.56,  28.60,  29.01,  29.00,  28.64,  28.47,  28.55,  28.59,  28.61,  28.54,  28.43,  28.40,  28.01,  28.20
20070926, 1200,  , TD, 21.0N,  94.7W,  30, 1008,    0,    0,    0,    0,    0,    0,    0,    0,    0,    0,    0,    0, -999,  29.20,  29.13,  28.46,  28.90,  28.92,  28.90,  28.94,  28.92,  28.97,  29.02,  29.37,  29.90,  29.75,  29.51,  29.49,  29.51,  29.48,  28.56,  28.65,  28.84,  28.78,  28.60,  28.61,  28.73,  28.74,  28.77,  28.72,  28.55,  28.51,  28.17,  28.35
20070926, 1800,  , TD, 21.2N,  94.4W,  30, 1009,    0,    0,    0,    0,    0,    0,    0,    0,    0,    0,    0,    0, -999,  29.45,  29.34,  28.95,  29.33,  29.36,  29.31,  29.27,  29.17,  29.17,  29.02,  29.55,  29.83,  29.99,  29.76,  29.69,  29.42,  29.31,  28.58,  28.69,  28.95,  28.84,  28.46,  28.48,  28.65,  28.80,  28.82,  28.79,  28.57,  28.47,  28.20,  28.28
20070927, 0000,  , TD, 21.2N,  94.7W,  30, 1008,    0,    0,    0,    0,    0,    0,    0,    0,    0,    0,    0,    0, -999,  29.28,  28.69,  29.28,  29.34,  29.27,  29.22,  29.15,  29.17,  29.04,  29.48,  29.84,  29.95,  29.75,  29.66,  29.45,  29.35,  28.55,  28.63,  28.92,  28.84,  28.51,  28.44,  28.57,  28.68,  28.71,  28.66,  28.48,  28.41,  28.10,  28.25,  28.47
20070927, 0600,  , TD, 20.8N,  94.8W,  30, 1009,    0,    0,    0,    0,    0,    0,    0,    0,    0,    0,    0,    0, -999,  28.93,  28.41,  28.76,  28.74,  28.78,  28.94,  28.92,  29.02,  29.06,  29.37,  29.77,  29.59,  29.40,  29.41,  29.46,  29.44,  28.48,  28.62,  28.87,  28.84,  28.75,  28.79,  28.93,  28.86,  28.83,  28.78,  28.60,  28.55,  28.26,  28.39,  28.41
20070927, 1200,  , TS, 20.6N,  95.1W,  45, 1006,    0,   30,   30,   30,    0,    0,    0,    0,    0,    0,    0,    0, -999,  29.02,  28.75,  29.03,  28.91,  28.94,  28.99,  28.97,  29.19,  29.25,  29.39,  29.56,  29.45,  29.42,  29.41,  29.41,  29.39,  28.44,  28.53,  28.80,  28.72,  28.72,  28.68,  28.81,  28.70,  28.73,  28.72,  28.68,  28.68,  27.83,  28.19,  28.46
20070927, 1800,  , TS, 20.5N,  95.7W,  60, 1001,   30,   30,   60,   30,    0,   20,   30,    0,    0,    0,    0,    0, -999,  28.99,  28.94,  29.22,  29.07,  28.96,  28.80,  28.81,  29.27,  29.59,  29.75,  29.75,  29.65,  29.86,  29.70,  29.55,  29.51,  28.70,  28.86,  29.05,  28.87,  28.81,  28.92,  29.00,  28.88,  28.67,  28.70,  28.81,  28.86,  27.60,  28.00,  28.64
20070928, 0000,  , HU, 20.5N,  96.3W,  70,  990,   40,   40,   60,   40,   15,   30,   30,   15,   10,   20,   20,   10, -999,  28.48,  29.02,  29.24,  29.06,  28.89,  29.04,  29.36,  29.57,  29.81,  29.93,  30.06,  30.30,  30.03,  29.80,  29.73,  28.93,  29.23,  29.36,  28.86,  29.03,  29.55,  29.69,  29.49,  29.01,  29.00,  28.99,  28.99,  27.68,  27.67,  28.49,  28.82
20070928, 0500, L, HU, 20.5N,  97.0W,  65,  993, -999, -999, -999, -999, -999, -999, -999, -999, -999, -999, -999, -999, -999,  28.07,  29.01,  29.43,  29.16,  28.90,  29.17,  29.58,  29.71,  29.80,  29.94,  30.35,  30.58,  30.25,  30.00,  29.90,  29.01,  29.20,  29.56,  29.12,  29.12,  29.47,  29.43,  29.29,  28.87,  28.80,  28.84,  28.83,  28.12,  28.31,  29.07,  29.35
20070928, 0600,  , HU, 20.5N,  97.1W,  65,  993,   40,   40,   60,   40,   15,   30,   30,   15,   10,   20,   20,   10, -999,  28.07,  29.01,  29.43,  29.16,  28.90,  29.17,  29.58,  29.71,  29.80,  29.94,  30.35,  30.58,  30.25,  30.00,  29.90,  29.01,  29.20,  29.56,  29.12,  29.12,  29.47,  29.43,  29.29,  28.87,  28.80,  28.84,  28.83,  28.12,  28.31,  29.07,  29.35
20070928, 1200,  , TD, 20.5N,  98.0W,  30, 1002,    0,    0,    0,    0,    0,    0,    0,    0,    0,    0,    0,    0, -999,    nan,    nan,    nan,    nan,    nan,    nan,    nan,    nan,    nan,    nan,    nan,    nan,    nan,    nan,    nan,    nan,    nan,    nan,    nan,    nan,    nan,    nan,    nan,    nan,    nan,    nan,    nan,    nan,    nan,    nan,    nan
20070928, 1800,  , TD, 20.7N,  98.7W,  20, 1008,    0,    0,    0,    0,    0,    0,    0,    0,    0,    0,    0,    0, -999,    nan,    nan,    nan,    nan,    nan,    nan,    nan,    nan,    nan,    nan,    nan,    nan,    nan,    nan,    nan,    nan,    nan,    nan,    nan,    nan,    nan,    nan,    nan,    nan,    nan,    nan,    nan,    nan,    nan,    nan,    nan
