AL132001,              KAREN,     19,
20011011, 0600,  , EX, 27.5N,  63.0W,  30, 1009, -999, -999, -999, -999, -999, -999, -999, -999, -999, -999, -999, -999, -999,  28.35,  28.49,  28.53,  28.57,  28.04,  27.54,  26.99,  27.02,  27.37,  28.26,  28.60,  28.61,  28.53,  28.32,  28.15,  27.86,  27.80,  27.66,  27.36,  27.63,  27.88,  27.80,  27.59,  27.19,  27.14,  26.95,  27.15,  28.82,  28.38,  27.76,  27.45
20011011, 1200,  , EX, 29.8N,  62.5W,  35, 1003, -999, -999, -999, -999, -999, -999, -999, -999, -999, -999, -999, -999, -999,  27.74,  27.92,  27.73,  27.62,  27.15,  26.75,  26.63,  26.73,  26.71,  27.36,  27.36,  27.50,  27.64,  27.19,  26.68,  25.95,  25.92,  26.01,  26.13,  26.17,  26.18,  26.27,  26.21,  26.17,  26.19,  26.56,  26.72,  27.07,  26.58,  26.17,  25.53
20011011, 1800,  , EX, 30.8N,  63.5W,  45,  998, -999, -999, -999, -999, -999, -999, -999, -999, -999, -999, -999, -999, -999,  26.85,  27.05,  27.24,  27.00,  26.73,  26.48,  26.17,  26.15,  26.11,  27.15,  27.17,  27.09,  26.71,  26.54,  25.21,  25.15,  25.15,  24.97,  25.22,  25.79,  25.87,  26.10,  26.29,  26.52,  26.34,  26.10,  26.00,  26.22,  26.22,  26.05,  25.97
20011012, 0000,  , SS, 31.8N,  64.7W,  60,  991, -999, -999, -999, -999, -999, -999, -999, -999, -999, -999, -999, -999, -999,  26.96,  26.82,  26.98,  26.84,  26.77,  26.44,  26.40,  26.58,  26.69,  26.65,  26.57,  26.55,  25.91,  25.72,  25.65,  25.58,  24.53,  24.35,  24.44,  24.63,  24.81,  25.11,  25.21,  25.21,  25.16,  25.11,  25.18,  25.05,  24.96,  25.26,  25.21
20011012, 0600,  , SS, 32.2N,  65.8W,  60,  988, -999, -999, -999, -999, -999, -999, -999, -999, -999, -999, -999, -999, -999,  26.73,  26.61,  26.65,  26.97,  27.12,  27.00,  26.73,  26.66,  26.46,  26.39,  26.41,  26.46,  25.92,  25.70,  25.59,  25.01,  24.36,  24.21,  24.43,  24.62,  24.48,  24.42,  24.43,  24.49,  24.62,  24.68,  25.02,  24.97,  24.78,  25.21,  25.27
20011012, 1200,  , SS, 32.8N,  65.8W,  60,  988, -999, -999, -999, -999, -999, -999, -999, -999, -999, -999, -999, -999, -999,  26.26,  26.18,  25.90,  25.88,  25.96,  25.87,  25.66,  25.85,  25.95,  25.91,  25.86,  25.81,  25.26,  24.98,  24.89,  24.32,  24.11,  24.17,  24.41,  24.63,  24.48,  24.44,  24.42,  24.38,  24.39,  24.42,  24.29,  24.18,  24.21,  24.61,  24.56
20011012, 1800,  , SS, 33.5N,  66.3W,  60,  988, -999, -999, -999, -999, -999, -999, -999, -999, -999, -999, -999, -999, -999,  25.56,  25.57,  25.58,  25.66,  25.74,  25.64,  25.49,  25.59,  25.85,  25.54,  25.47,  25.45,  25.18,  25.07,  25.02,  24.17,  24.32,  24.56,  24.60,  24.73,  24.52,  24.47,  24.44,  24.41,  24.38,  24.26,  23.90,  23.90,  24.05,  24.62,  24.51
20011013, 0000,  , SS, 34.2N,  66.1W,  60,  988, -999, -999, -999, -999, -999, -999, -999, -999, -999, -999, -999, -999, -999,  25.32,  25.20,  25.31,  25.50,  25.59,  25.39,  25.53,  25.84,  25.53,  25.38,  25.47,  25.18,  25.08,  25.07,  24.31,  24.54,  24.61,  24.54,  24.57,  24.35,  24.34,  24.39,  24.58,  24.49,  24.20,  23.84,  23.87,  24.04,  24.66,  24.60,  24.38
20011013, 0600,  , TS, 34.9N,  65.3W,  60,  988, -999, -999, -999, -999, -999, -999, -999, -999, -999, -999, -999, -999, -999,  25.20,  25.50,  25.89,  25.97,  25.95,  25.83,  25.85,  26.02,  26.01,  25.81,  25.74,  25.51,  24.87,  24.82,  24.77,  24.60,  24.58,  24.49,  24.55,  24.39,  24.34,  24.41,  24.75,  24.55,  23.88,  24.21,  23.68,  24.04,  24.70,  24.65,  24.40
20011013, 1200,  , TS, 36.2N,  64.8W,  60,  986, -999, -999, -999, -999, -999, -999, -999, -999, -999, -999, -999, -999, -999,  24.95,  25.01,  25.72,  25.83,  25.84,  25.27,  25.21,  25.38,  25.61,  25.57,  25.31,  25.20,  24.99,  24.97,  24.91,  24.55,  24.38,  24.29,  24.28,  24.43,  24.36,  24.12,  23.80,  23.60,  23.41,  24.73,  24.83,  24.74,  24.56,  24.55,  24.52
20011013, 1800,  , HU, 37.3N,  64.6W,  65,  985, -999, -999, -999, -999, -999, -999, -999, -999, -999, -999, -999, -999, -999,  26.08,  25.99,  26.05,  26.10,  26.08,  25.60,  25.33,  25.42,  25.59,  25.59,  25.38,  25.21,  25.27,  25.24,  25.03,  24.82,  25.33,  25.19,  25.09,  24.71,  24.50,  24.32,  24.37,  24.59,  24.68,  25.06,  24.98,  24.55,  24.66,  24.75,  24.77
20011014, 0000,  , HU, 37.9N,  64.0W,  65,  985, -999, -999, -999, -999, -999, -999, -999, -999, -999, -999, -999, -999, -999,  24.85,  24.79,  24.76,  24.79,  24.46,  24.22,  24.39,  24.57,  24.61,  24.40,  24.41,  24.40,  24.44,  24.27,  24.09,  24.94,  24.89,  24.60,  24.16,  23.79,  24.08,  24.19,  24.47,  24.48,  24.38,  23.73,  23.65,  23.85,  23.97,  24.11,  24.12
20011014, 0600,  , HU, 38.6N,  63.7W,  70,  982, -999, -999, -999, -999, -999, -999, -999, -999, -999, -999, -999, -999, -999,  24.24,  23.90,  23.69,  23.64,  23.40,  23.25,  23.39,  23.81,  23.86,  22.85,  22.63,  22.67,  22.68,  22.78,  23.01,  23.58,  23.85,  24.41,  24.67,  23.94,  23.97,  24.29,  24.29,  24.15,  23.69,  23.62,  23.53,  23.78,  23.81,  23.80,  23.76
20011014, 1200,  , TS, 39.3N,  63.9W,  60,  988, -999, -999, -999, -999, -999, -999, -999, -999, -999, -999, -999, -999, -999,  23.19,  23.77,  23.99,  24.11,  24.54,  24.89,  24.54,  24.43,  24.37,  23.26,  22.89,  22.92,  23.20,  23.46,  23.66,  23.81,  24.10,  24.69,  24.95,  24.28,  24.04,  24.77,  24.80,  24.72,  24.09,  23.72,  23.80,  24.06,  24.11,  24.25,  24.22
20011014, 1800,  , TS, 40.1N,  64.1W,  55,  992, -999, -999, -999, -999, -999, -999, -999, -999, -999, -999, -999, -999, -999,  22.15,  23.36,  23.47,  23.45,  23.49,  23.46,  23.78,  23.85,  23.77,  23.26,  23.50,  23.60,  23.41,  23.53,  23.56,  22.77,  22.30,  22.56,  22.79,  23.26,  23.60,  23.46,  23.14,  22.64,  23.35,  23.10,  22.88,  22.33,  22.22,  22.32,  22.43
20011015, 0000,  , TS, 40.9N,  64.4W,  50,  995, -999, -999, -999, -999, -999, -999, -999, -999, -999, -999, -999, -999, -999,  20.44,  20.35,  20.28,  19.96,  19.85,  19.90,  20.00,  20.14,  20.39,  20.36,  19.96,  19.35,  19.30,  19.53,  18.10,  17.92,  18.16,  18.55,  18.96,  18.92,  19.21,  18.80,  18.02,  18.17,  18.52,  18.89,  18.71,  18.55,  18.20,  18.23,  19.11
20011015, 0600,  , TS, 42.3N,  65.0W,  45,  997, -999, -999, -999, -999, -999, -999, -999, -999, -999, -999, -999, -999, -999,  16.37,  16.46,  16.59,  16.14,  16.04,  15.77,  15.38,  15.47,  15.34,  14.78,  14.81,  15.38,  15.69,  15.50,  15.31,  14.86,  14.84,  14.78,  14.58,  14.50,  14.49,  14.55,  14.60,  14.24,  14.22,  14.33,  14.21,  13.70,  13.43,  13.48,  13.24
20011015, 1200, L, TS, 44.2N,  64.8W,  40,  998, -999, -999, -999, -999, -999, -999, -999, -999, -999, -999, -999, -999, -999,    nan,    nan,    nan,    nan,    nan,    nan,    nan,    nan,    nan,    nan,    nan,    nan,    nan,    nan,    nan,    nan,    nan,    nan,    nan,    nan,    nan,    nan,    nan,    nan,    nan,    nan,    nan,    nan,    nan,    nan,    nan
20011015, 1800,  , EX, 48.0N,  62.0W,  40, 1002, -999, -999, -999, -999, -999, -999, -999, -999, -999, -999, -999, -999, -999,  12.50,  12.42,  12.18,  11.90,  11.95,  11.72,  10.61,  10.16,   9.56,   9.71,   9.64,   9.64,   9.98,   9.50,   9.42,   9.47,   9.23,   9.08,   8.87,   8.65,   8.29,   8.18,   8.08,   7.61,   7.56,   7.82,   7.99,   7.85,   7.83,   7.70,   7.40
