AL132020,              LAURA,     42,
20200820, 0000,  , TD, 14.4N,  47.3W,  30, 1008,    0,    0,    0,    0,    0,    0,    0,    0,    0,    0,    0,    0, -999,  27.50,  27.44,  27.57,  27.57,  27.93,  27.89,  27.85,  27.84,  27.58,  27.24,  27.23,  27.19,  27.19,  27.31,  27.36,  27.37,  27.43,  27.70,  27.81,  27.80,  27.78,  27.89,  28.00,  27.86,  27.89,  27.99,  28.38,  28.35,  28.41,  28.42,  28.27
20200820, 0600,  , TD, 15.4N,  49.6W,  30, 1008,    0,    0,    0,    0,    0,    0,    0,    0,    0,    0,    0,    0, -999,  27.72,  27.57,  27.50,  27.46,  27.94,  27.91,  27.99,  28.00,  27.99,  27.56,  27.38,  27.26,  27.43,  27.36,  27.71,  27.71,  27.61,  27.86,  28.12,  28.15,  28.28,  28.18,  27.81,  27.97,  28.03,  28.11,  28.45,  28.43,  28.50,  28.59,  28.64
20200820, 1200,  , TD, 16.1N,  51.6W,  30, 1008,    0,    0,    0,    0,    0,    0,    0,    0,    0,    0,    0,    0, -999,  28.37,  28.30,  28.10,  28.14,  28.30,  28.55,  28.42,  28.35,  28.34,  28.33,  28.04,  27.76,  27.67,  27.62,  27.84,  27.93,  28.07,  28.02,  28.11,  28.23,  28.33,  28.33,  28.20,  28.09,  28.04,  28.04,  28.44,  28.42,  28.58,  28.74,  28.78
20200820, 1800,  , TD, 16.6N,  53.4W,  30, 1008,    0,    0,    0,    0,    0,    0,    0,    0,    0,    0,    0,    0, -999,  28.64,  28.60,  28.29,  28.23,  28.24,  28.42,  28.42,  28.39,  28.40,  28.44,  28.10,  27.95,  27.91,  27.98,  28.17,  28.26,  28.37,  28.29,  28.54,  28.69,  28.78,  28.75,  28.27,  28.11,  28.10,  28.22,  28.68,  28.57,  28.74,  29.01,  29.07
20200821, 0000,  , TD, 16.8N,  55.5W,  30, 1008,    0,    0,    0,    0,    0,    0,    0,    0,    0,    0,    0,    0, -999,  28.89,  28.97,  28.55,  28.49,  28.53,  28.61,  28.62,  28.63,  28.68,  28.61,  28.29,  28.15,  28.24,  28.38,  28.36,  28.33,  28.93,  28.94,  28.86,  28.84,  28.84,  28.50,  28.49,  28.57,  28.62,  28.70,  28.71,  28.73,  29.03,  29.18,  29.11
20200821, 0600,  , TD, 16.9N,  57.5W,  30, 1008,    0,    0,    0,    0,    0,    0,    0,    0,    0,    0,    0,    0, -999,  28.98,  28.91,  28.49,  28.68,  28.75,  28.77,  28.79,  28.77,  28.84,  28.88,  28.92,  28.60,  28.61,  28.73,  28.75,  28.73,  29.00,  28.99,  29.00,  29.00,  29.01,  28.73,  28.76,  28.78,  28.60,  29.11,  29.02,  28.72,  29.08,  29.17,  29.26
20200821, 1200,  , TS, 17.0N,  59.4W,  40, 1008,  130,    0,    0,   60,    0,    0,    0,    0,    0,    0,    0,    0, -999,  28.92,  28.56,  28.36,  28.59,  28.77,  28.77,  28.68,  28.56,  28.69,  28.67,  28.39,  28.24,  28.42,  28.57,  28.64,  28.66,  28.86,  28.87,  28.87,  28.89,  28.89,  28.17,  28.22,  28.48,  28.37,  28.51,  29.24,  29.14,  29.25,  29.36,  29.31
20200821, 1800,  , TS, 17.1N,  61.1W,  40, 1007,  150,   90,    0,   60,    0,    0,    0,    0,    0,    0,    0,    0, -999,  29.03,  28.88,  28.53,  28.63,  28.81,  28.90,  28.86,  28.73,  28.79,  28.83,  28.90,  28.86,  28.78,  28.74,  28.72,  28.66,  28.56,  28.55,  28.68,  28.73,  28.76,  28.35,  28.26,  28.17,  28.22,  28.50,  29.08,  28.99,  28.98,  29.26,  29.27
20200821, 2030, L, TS, 17.1N,  61.8W,  40, 1007,  150,   90,    0,   60,    0,    0,    0,    0,    0,    0,    0,    0, -999,  28.97,  28.72,  28.63,  28.74,  28.88,  29.00,  29.00,  28.83,  28.82,  28.86,  28.95,  28.96,  28.88,  28.79,  28.71,  28.61,  28.48,  28.50,  28.71,  28.73,  28.81,  28.45,  28.39,  28.19,  28.32,  28.76,  29.18,  29.09,  28.97,  29.34,  29.28
20200821, 2330, L, TS, 17.1N,  62.6W,  40, 1007,  150,   90,    0,   60,    0,    0,    0,    0,    0,    0,    0,    0, -999,  28.91,  28.71,  28.74,  28.80,  28.89,  29.07,  29.22,  29.03,  28.96,  29.03,  29.16,  29.12,  29.03,  28.95,  28.89,  28.85,  28.74,  28.77,  28.92,  28.80,  29.21,  29.07,  28.72,  28.50,  28.35,  28.92,  29.33,  29.31,  29.28,  29.57,  29.52
20200822, 0000,  , TS, 17.1N,  62.8W,  40, 1007,  180,  180,    0,    0,    0,    0,    0,    0,    0,    0,    0,    0, -999,  28.78,  28.76,  28.82,  28.90,  29.13,  29.25,  29.08,  29.03,  29.09,  29.27,  29.20,  29.11,  29.03,  28.98,  28.99,  28.87,  28.85,  29.03,  28.92,  29.43,  29.28,  28.98,  28.76,  28.44,  29.07,  29.45,  29.41,  29.38,  29.62,  29.58,  29.52
20200822, 0600,  , TS, 17.4N,  64.4W,  40, 1007,  180,  180,    0,    0,    0,    0,    0,    0,    0,    0,    0,    0, -999,  28.99,  28.78,  28.87,  28.89,  28.95,  29.15,  29.29,  29.20,  29.24,  29.43,  29.19,  29.12,  29.10,  29.03,  28.95,  29.26,  29.13,  28.99,  29.02,  29.06,  29.13,  29.17,  29.39,  29.19,  29.10,  29.42,  29.33,  28.96,  29.10,  29.34,  29.50
20200822, 1200,  , TS, 17.7N,  65.9W,  45, 1006,  180,  180,    0,    0,    0,    0,    0,    0,    0,    0,    0,    0, -999,  29.07,  28.90,  28.92,  29.04,  29.26,  29.29,  29.43,  29.21,  29.29,  29.46,  29.22,  29.12,  29.16,  29.24,  29.22,  29.35,  29.35,  29.53,  29.42,  29.39,  29.44,  29.50,  29.38,  29.06,  29.31,  29.40,  29.39,  29.47,  29.61,  29.58,  29.51
20200822, 1800,  , TS, 17.9N,  67.4W,  45, 1004,  180,  180,    0,    0,    0,    0,    0,    0,    0,    0,    0,    0, -999,  29.27,  29.10,  29.12,  29.34,  29.52,  29.56,  29.82,  29.56,  29.46,  29.42,  29.41,  29.43,  29.38,  29.51,  29.63,  29.77,  29.78,  29.64,  29.49,  29.37,  29.29,  29.26,  28.93,  28.99,  29.62,  29.60,  29.54,  29.46,  29.39,  29.55,  29.46
20200823, 0000,  , TS, 18.2N,  68.8W,  45, 1004,  120,  120,    0,   60,    0,    0,    0,    0,    0,    0,    0,    0, -999,  29.04,  28.92,  29.14,  29.03,  29.07,  29.38,  29.06,  29.22,  29.28,  29.20,  29.17,  29.09,  29.08,  29.29,  29.35,  29.35,  29.33,  29.42,  29.55,  29.60,  29.22,  28.85,  28.89,  29.02,  29.10,  29.18,  29.26,  29.30,  29.33,  29.37,  29.31
20200823, 0430, L, TS, 18.4N,  70.0W,  45, 1004,  120,  120,    0,   60,    0,    0,    0,    0,    0,    0,    0,    0, -999,  29.13,  28.94,  29.10,  29.03,  29.03,  29.10,  29.02,  29.22,  29.33,  29.28,  29.23,  29.23,  29.39,  29.40,  29.35,  29.32,  29.23,  29.30,  29.38,  29.50,  29.30,  29.22,  29.26,  29.10,  29.22,  29.32,  29.17,  29.14,  29.21,  29.22,  29.18
20200823, 0600,  , TS, 18.5N,  70.3W,  45, 1004,  120,  120,    0,   60,    0,    0,    0,    0,    0,    0,    0,    0, -999,    nan,    nan,    nan,    nan,    nan,    nan,    nan,    nan,    nan,    nan,    nan,    nan,    nan,    nan,    nan,    nan,    nan,    nan,    nan,    nan,    nan,    nan,    nan,    nan,    nan,    nan,    nan,    nan,    nan,    nan,    nan
20200823, 1200,  , TS, 18.8N,  72.3W,  45, 1004,  120,  120,    0,   40,    0,    0,    0,    0,    0,    0,    0,    0, -999,    nan,    nan,    nan,    nan,    nan,    nan,    nan,    nan,    nan,    nan,    nan,    nan,    nan,    nan,    nan,    nan,    nan,    nan,    nan,    nan,    nan,    nan,    nan,    nan,    nan,    nan,    nan,    nan,    nan,    nan,    nan
20200823, 1800,  , TS, 19.4N,  74.3W,  55, 1002,  120,  120,    0,   40,   30,    0,    0,    0,    0,    0,    0,    0, -999,  29.54,  29.51,  29.48,  29.40,  29.41,  29.38,  29.49,  29.42,  29.33,  29.41,  29.58,  29.80,  29.91,  29.99,  29.97,  29.96,  29.68,  29.61,  29.57,  29.71,  29.68,  29.31,  29.14,  29.40,  29.57,  29.44,  29.23,  29.40,  29.51,  29.52,  29.74
20200824, 0000,  , TS, 19.8N,  76.0W,  55, 1000,  120,  120,    0,   40,   40,   40,    0,    0,    0,    0,    0,    0, -999,  30.26,  30.24,  30.03,  29.96,  30.08,  30.01,  30.03,  29.94,  30.03,  30.15,  30.16,  30.25,  30.21,  30.31,  30.32,  30.12,  30.14,  30.16,  30.17,  30.30,  30.43,  30.53,  30.36,  30.35,  30.40,  30.08,  30.07,  30.17,  30.22,  29.98,  29.89
20200824, 0200, L, TS, 20.0N,  76.6W,  55, 1000,  120,  120,    0,   40,   40,   40,    0,    0,    0,    0,    0,    0, -999,    nan,    nan,    nan,    nan,    nan,    nan,    nan,    nan,    nan,    nan,    nan,    nan,    nan,    nan,    nan,    nan,    nan,    nan,    nan,    nan,    nan,    nan,    nan,    nan,    nan,    nan,    nan,    nan,    nan,    nan,    nan
20200824, 0600,  , TS, 20.2N,  77.8W,  50, 1000,  150,  130,    0,    0,   40,   40,    0,    0,    0,    0,    0,    0, -999,  30.40,  30.54,  30.37,  30.32,  30.47,  30.49,  30.48,  30.58,  30.56,  30.48,  30.59,  30.75,  30.83,  30.82,  30.70,  30.51,  30.35,  30.31,  30.33,  30.53,  30.65,  30.96,  30.94,  30.93,  30.68,  30.39,  30.48,  30.43,  30.39,  30.50,  30.50
20200824, 1200,  , TS, 20.8N,  79.7W,  50, 1002,  150,  140,    0,    0,   40,   50,    0,    0,    0,    0,    0,    0, -999,  30.09,  30.07,  30.05,  30.01,  30.14,  30.15,  30.09,  30.15,  30.15,  30.29,  30.49,  30.72,  30.70,  30.42,  30.43,  30.54,  30.14,  30.12,  30.27,  30.44,  30.50,  30.60,  30.77,  30.75,  30.27,  30.19,  30.37,  30.43,  30.35,  30.29,  30.26
20200824, 1800,  , TS, 21.5N,  81.5W,  50, 1001,  150,  140,    0,    0,   60,   60,    0,    0,    0,    0,    0,    0, -999,  29.91,  29.89,  30.00,  30.03,  30.17,  30.22,  30.29,  30.32,  30.24,  30.29,  30.40,  30.40,  30.38,  30.34,  30.30,  30.31,  30.18,  30.21,  30.19,  30.29,  30.44,  30.36,  30.47,  30.61,  30.49,  30.36,  30.18,  30.34,  30.21,  30.19,  30.19
20200825, 0000, L, TS, 22.3N,  83.3W,  55,  998,  150,  140,    0,    0,   60,   60,    0,    0,    0,    0,    0,    0, -999,    nan,    nan,    nan,    nan,    nan,    nan,    nan,    nan,    nan,    nan,    nan,    nan,    nan,    nan,    nan,    nan,    nan,    nan,    nan,    nan,    nan,    nan,    nan,    nan,    nan,    nan,    nan,    nan,    nan,    nan,    nan
20200825, 0600,  , TS, 22.8N,  84.8W,  60,  995,  150,  140,   30,   90,   60,   60,    0,   20,    0,    0,    0,    0, -999,  29.99,  29.93,  30.01,  30.27,  30.36,  30.50,  30.40,  30.31,  30.25,  30.36,  30.35,  30.31,  29.85,  29.71,  29.95,  29.99,  29.86,  29.82,  29.74,  29.82,  29.94,  29.99,  30.39,  30.21,  30.12,  30.05,  30.30,  30.03,  29.87,  29.82,  29.65
20200825, 1200,  , HU, 23.4N,  86.2W,  65,  990,  150,  140,   60,   90,   60,   60,   20,   40,   40,    0,    0,    0, -999,  29.68,  29.54,  29.59,  29.73,  29.83,  29.92,  29.93,  29.91,  29.99,  30.12,  30.21,  30.36,  30.34,  30.36,  30.19,  29.96,  29.68,  29.73,  29.60,  29.92,  29.84,  30.16,  30.31,  30.08,  30.03,  30.06,  30.29,  30.03,  29.99,  29.94,  30.09
20200825, 1800,  , HU, 24.1N,  87.5W,  70,  990,  150,  140,   60,   90,   60,   60,   20,   40,   40,    0,    0,    0, -999,  29.91,  29.95,  29.91,  30.00,  30.10,  30.29,  30.53,  30.51,  30.51,  30.71,  30.76,  30.46,  30.48,  30.27,  30.04,  30.05,  30.04,  29.85,  29.81,  29.97,  30.00,  29.63,  29.86,  29.94,  29.82,  29.68,  29.90,  30.09,  30.04,  30.00,  30.15
20200826, 0000,  , HU, 24.9N,  88.9W,  75,  983,  150,  140,   60,   90,   60,   60,   30,   60,   40,   40,    0,   40, -999,  30.10,  30.06,  30.15,  30.11,  30.31,  30.57,  30.51,  30.44,  30.56,  30.46,  29.88,  29.79,  29.83,  29.90,  29.99,  29.94,  29.06,  29.37,  29.65,  29.63,  29.14,  29.14,  29.29,  29.32,  29.33,  29.59,  29.78,  29.91,  29.90,  29.94,  30.00
20200826, 0600,  , HU, 25.6N,  90.2W,  90,  978,  150,  140,   60,   90,  100,   90,   30,   60,   60,   50,   20,   40, -999,  30.20,  30.13,  30.31,  30.40,  30.49,  30.59,  30.46,  30.40,  30.51,  30.54,  30.24,  30.14,  30.21,  30.22,  30.11,  30.03,  29.72,  29.73,  30.00,  30.03,  29.86,  29.72,  29.77,  29.80,  29.68,  29.50,  29.59,  29.76,  29.97,  30.18,  30.20
20200826, 1200,  , HU, 26.4N,  91.4W, 100,  963,  160,  140,   70,   90,  100,   90,   30,   60,   60,   50,   20,   40, -999,  30.24,  30.30,  30.52,  30.60,  30.75,  30.81,  30.46,  30.25,  30.25,  30.16,  30.25,  30.21,  30.22,  30.21,  30.21,  30.15,  29.93,  29.83,  30.25,  30.33,  30.08,  29.89,  29.98,  30.01,  29.88,  29.65,  29.64,  29.66,  29.91,  30.13,  30.14
20200826, 1800,  , HU, 27.3N,  92.5W, 120,  952,  180,  150,   80,  100,   90,   90,   50,   60,   50,   50,   30,   40, -999,  30.18,  30.35,  30.58,  30.67,  30.87,  30.82,  30.53,  30.30,  30.14,  30.05,  30.16,  30.08,  29.97,  29.96,  29.96,  30.02,  30.04,  29.80,  29.44,  29.23,  29.43,  29.34,  29.36,  29.48,  29.28,  29.27,  29.29,  29.19,  29.45,  29.47,  29.41
20200827, 0000,  , HU, 28.5N,  93.0W, 130,  937,  160,  150,   80,  100,   90,   90,   50,   60,   50,   50,   30,   40, -999,  30.50,  30.61,  30.68,  30.70,  30.65,  30.50,  30.23,  30.19,  30.19,  30.18,  29.99,  29.90,  29.77,  29.64,  29.58,  29.56,  29.12,  29.10,  29.16,  29.62,  29.50,  29.55,  29.67,  29.72,  29.73,  29.69,  29.73,  30.10,  29.89,  29.64,  29.59
20200827, 0600, L, HU, 29.8N,  93.3W, 130,  939,  120,  150,   80,   80,   60,   70,   40,   40,   40,   50,   30,   30,   15,  30.74,  30.71,  30.65,  30.66,  30.70,  30.64,  30.42,  30.33,  30.21,  30.11,  30.08,  30.13,  30.05,  29.98,  29.82,  29.29,  29.18,  29.41,  29.41,  29.69,  29.67,  29.73,  30.06,  30.35,  30.20,  30.01,  30.06,  30.26,  30.16,  30.07,  30.01
20200827, 1200,  , HU, 31.2N,  93.3W,  85,  970,   80,  120,   50,   60,   50,   40,   30,   30,   30,   30,   15,   20, -999,    nan,    nan,    nan,    nan,    nan,    nan,    nan,    nan,    nan,    nan,    nan,    nan,    nan,    nan,    nan,    nan,    nan,    nan,    nan,    nan,    nan,    nan,    nan,    nan,    nan,    nan,    nan,    nan,    nan,    nan,    nan
20200827, 1800,  , TS, 32.8N,  92.9W,  55,  988,   80,   80,   30,   40,   30,   30,    0,    0,    0,    0,    0,    0, -999,    nan,    nan,    nan,    nan,    nan,    nan,    nan,    nan,    nan,    nan,    nan,    nan,    nan,    nan,    nan,    nan,    nan,    nan,    nan,    nan,    nan,    nan,    nan,    nan,    nan,    nan,    nan,    nan,    nan,    nan,    nan
20200828, 0000,  , TS, 34.4N,  92.5W,  35,  993,   80,   80,   30,   40,    0,    0,    0,    0,    0,    0,    0,    0, -999,    nan,    nan,    nan,    nan,    nan,    nan,    nan,    nan,    nan,    nan,    nan,    nan,    nan,    nan,    nan,    nan,    nan,    nan,    nan,    nan,    nan,    nan,    nan,    nan,    nan,    nan,    nan,    nan,    nan,    nan,    nan
20200828, 0600,  , TD, 35.4N,  92.0W,  25,  998,    0,    0,    0,    0,    0,    0,    0,    0,    0,    0,    0,    0, -999,    nan,    nan,    nan,    nan,    nan,    nan,    nan,    nan,    nan,    nan,    nan,    nan,    nan,    nan,    nan,    nan,    nan,    nan,    nan,    nan,    nan,    nan,    nan,    nan,    nan,    nan,    nan,    nan,    nan,    nan,    nan
20200828, 1200,  , TD, 36.1N,  91.2W,  25, 1000,    0,    0,    0,    0,    0,    0,    0,    0,    0,    0,    0,    0, -999,    nan,    nan,    nan,    nan,    nan,    nan,    nan,    nan,    nan,    nan,    nan,    nan,    nan,    nan,    nan,    nan,    nan,    nan,    nan,    nan,    nan,    nan,    nan,    nan,    nan,    nan,    nan,    nan,    nan,    nan,    nan
20200828, 1800,  , TD, 37.0N,  90.0W,  25, 1003,    0,    0,    0,    0,    0,    0,    0,    0,    0,    0,    0,    0, -999,    nan,    nan,    nan,    nan,    nan,    nan,    nan,    nan,    nan,    nan,    nan,    nan,    nan,    nan,    nan,    nan,    nan,    nan,    nan,    nan,    nan,    nan,    nan,    nan,    nan,    nan,    nan,    nan,    nan,    nan,    nan
20200829, 0000,  , TD, 37.5N,  88.0W,  25, 1004,    0,    0,    0,    0,    0,    0,    0,    0,    0,    0,    0,    0, -999,    nan,    nan,    nan,    nan,    nan,    nan,    nan,    nan,    nan,    nan,    nan,    nan,    nan,    nan,    nan,    nan,    nan,    nan,    nan,    nan,    nan,    nan,    nan,    nan,    nan,    nan,    nan,    nan,    nan,    nan,    nan
20200829, 0600,  , LO, 38.3N,  84.8W,  20, 1004,    0,    0,    0,    0,    0,    0,    0,    0,    0,    0,    0,    0, -999,    nan,    nan,    nan,    nan,    nan,    nan,    nan,    nan,    nan,    nan,    nan,    nan,    nan,    nan,    nan,    nan,    nan,    nan,    nan,    nan,    nan,    nan,    nan,    nan,    nan,    nan,    nan,    nan,    nan,    nan,    nan
