AL131998,              MITCH,     78,
19981022, 0000,  , TD, 11.6N,  76.1W,  30, 1002, -999, -999, -999, -999, -999, -999, -999, -999, -999, -999, -999, -999, -999,  28.51,  28.70,  28.84,  28.66,  28.55,  28.67,  28.58,  28.80,  28.96,  29.00,  28.17,  28.72,  29.32,  29.51,  29.45,  28.85,  28.24,  28.21,  28.38,  28.49,  29.15,  29.44,  29.29,  28.81,  28.39,  28.60,  28.73,  28.51,  28.26,  28.61,  29.07
19981022, 0600,  , TD, 11.9N,  77.1W,  30, 1002, -999, -999, -999, -999, -999, -999, -999, -999, -999, -999, -999, -999, -999,  29.10,  28.96,  29.09,  29.05,  28.96,  29.11,  29.11,  29.29,  29.29,  29.26,  27.97,  28.08,  29.01,  29.78,  29.90,  29.03,  28.24,  28.10,  28.08,  27.94,  27.90,  28.37,  28.57,  28.52,  28.47,  28.78,  28.68,  28.55,  28.45,  28.45,  28.77
19981022, 1200,  , TD, 12.0N,  77.9W,  30, 1002, -999, -999, -999, -999, -999, -999, -999, -999, -999, -999, -999, -999, -999,  29.19,  29.16,  29.41,  29.41,  29.07,  28.99,  28.92,  29.18,  29.32,  29.35,  28.67,  28.64,  29.38,  29.70,  29.68,  29.24,  28.89,  28.59,  28.30,  28.04,  27.98,  28.05,  28.01,  27.93,  27.82,  28.15,  28.35,  28.52,  28.53,  28.56,  28.67
19981022, 1800,  , TS, 11.6N,  77.9W,  35, 1001, -999, -999, -999, -999, -999, -999, -999, -999, -999, -999, -999, -999, -999,  29.19,  29.15,  29.51,  29.36,  28.87,  28.78,  28.79,  29.12,  29.31,  29.34,  28.74,  28.83,  29.53,  29.62,  29.55,  29.15,  28.76,  28.45,  28.24,  28.05,  28.03,  28.05,  27.99,  27.92,  27.89,  28.18,  28.33,  28.40,  28.44,  28.48,  28.59
19981023, 0000,  , TS, 11.8N,  77.6W,  40, 1000, -999, -999, -999, -999, -999, -999, -999, -999, -999, -999, -999, -999, -999,  29.13,  29.33,  29.35,  29.05,  29.01,  28.95,  29.19,  29.28,  29.28,  28.35,  28.51,  29.42,  29.85,  29.89,  29.25,  28.73,  28.49,  28.26,  28.00,  27.93,  28.11,  28.15,  28.13,  28.07,  28.37,  28.37,  28.45,  28.44,  28.48,  28.62,  28.79
19981023, 0600,  , TS, 12.2N,  77.6W,  45,  999, -999, -999, -999, -999, -999, -999, -999, -999, -999, -999, -999, -999, -999,  29.14,  29.19,  29.26,  29.13,  29.11,  29.01,  29.23,  29.32,  29.31,  28.34,  28.28,  29.13,  29.71,  29.73,  29.32,  28.85,  28.58,  28.31,  28.04,  27.99,  28.23,  28.29,  28.25,  28.09,  28.43,  28.56,  28.52,  28.45,  28.47,  28.59,  28.75
19981023, 1200,  , TS, 12.5N,  77.8W,  45,  999, -999, -999, -999, -999, -999, -999, -999, -999, -999, -999, -999, -999, -999,  29.22,  29.29,  29.36,  29.31,  29.17,  29.00,  29.22,  29.30,  29.29,  28.74,  28.25,  28.77,  29.34,  29.40,  29.27,  29.16,  28.90,  28.50,  28.25,  28.14,  28.40,  28.49,  28.40,  28.17,  28.57,  28.76,  28.85,  28.63,  28.50,  28.53,  28.61
19981023, 1800,  , TS, 12.9N,  78.0W,  50,  998, -999, -999, -999, -999, -999, -999, -999, -999, -999, -999, -999, -999, -999,  29.49,  29.57,  29.79,  29.76,  29.57,  29.10,  29.36,  29.39,  29.38,  29.44,  28.47,  28.46,  28.79,  28.83,  29.13,  29.41,  29.33,  29.01,  28.64,  28.59,  28.79,  28.71,  28.54,  28.23,  28.49,  28.75,  28.86,  28.68,  28.46,  28.55,  28.55
19981024, 0000,  , TS, 13.4N,  77.9W,  55,  997, -999, -999, -999, -999, -999, -999, -999, -999, -999, -999, -999, -999, -999,  29.60,  29.89,  29.94,  29.77,  28.94,  29.15,  29.25,  29.26,  29.50,  28.64,  28.61,  28.73,  28.71,  29.09,  29.24,  29.04,  28.80,  28.74,  28.69,  28.69,  28.48,  28.27,  27.96,  28.20,  28.57,  28.75,  28.76,  28.68,  28.84,  28.85,  28.89
19981024, 0600,  , HU, 13.9N,  77.8W,  65,  990, -999, -999, -999, -999, -999, -999, -999, -999, -999, -999, -999, -999, -999,  29.24,  29.48,  29.56,  29.54,  28.57,  28.88,  29.04,  29.05,  29.23,  28.66,  28.68,  28.66,  28.71,  28.86,  29.29,  29.15,  28.84,  28.70,  28.81,  28.53,  28.22,  27.99,  27.84,  28.41,  28.78,  29.00,  29.03,  28.89,  28.96,  28.88,  28.69
19981024, 1200,  , HU, 14.5N,  77.9W,  75,  985, -999, -999, -999, -999, -999, -999, -999, -999, -999, -999, -999, -999, -999,  28.66,  28.80,  28.89,  29.08,  28.70,  29.05,  29.19,  29.22,  29.22,  28.75,  28.44,  28.39,  28.66,  28.75,  29.12,  29.03,  28.64,  28.58,  28.70,  28.29,  27.99,  27.73,  27.48,  28.52,  28.97,  29.02,  29.13,  28.83,  28.88,  28.93,  28.72
19981024, 1800,  , HU, 15.0N,  78.1W,  90,  980, -999, -999, -999, -999, -999, -999, -999, -999, -999, -999, -999, -999, -999,  28.18,  28.16,  28.69,  28.89,  29.18,  29.35,  29.37,  29.32,  29.31,  29.02,  28.36,  28.25,  28.46,  28.60,  28.83,  28.76,  28.32,  28.30,  28.67,  28.42,  28.21,  28.16,  28.08,  28.56,  29.18,  29.19,  29.02,  28.80,  28.86,  29.16,  29.24
19981025, 0000,  , HU, 15.5N,  78.4W, 100,  965, -999, -999, -999, -999, -999, -999, -999, -999, -999, -999, -999, -999, -999,  28.17,  28.81,  28.97,  29.26,  29.40,  29.56,  29.61,  29.42,  29.19,  28.42,  28.48,  28.68,  28.46,  28.03,  27.99,  27.70,  27.93,  28.52,  28.62,  28.66,  28.63,  28.66,  28.56,  28.81,  28.76,  28.62,  28.60,  28.40,  28.76,  28.73,  28.49
19981025, 0600,  , HU, 16.0N,  78.9W, 105,  951, -999, -999, -999, -999, -999, -999, -999, -999, -999, -999, -999, -999, -999,  28.69,  29.12,  29.28,  29.44,  29.47,  29.51,  29.60,  29.56,  29.43,  28.65,  28.61,  28.76,  28.61,  28.16,  28.06,  27.83,  27.73,  27.86,  27.93,  28.04,  28.42,  28.56,  28.77,  29.03,  29.16,  29.16,  29.23,  28.67,  28.65,  28.58,  28.65
19981025, 1200,  , HU, 16.2N,  79.6W, 115,  945, -999, -999, -999, -999, -999, -999, -999, -999, -999, -999, -999, -999, -999,  28.95,  28.88,  28.74,  28.85,  29.14,  29.24,  29.26,  29.23,  29.19,  28.57,  28.61,  28.83,  28.75,  28.52,  28.50,  28.33,  27.89,  27.72,  27.72,  27.96,  28.81,  28.92,  28.85,  29.09,  29.17,  29.23,  29.48,  28.95,  28.72,  28.32,  28.39
19981025, 1800,  , HU, 16.4N,  80.3W, 125,  926, -999, -999, -999, -999, -999, -999, -999, -999, -999, -999, -999, -999, -999,  29.35,  29.39,  29.10,  28.79,  28.95,  28.94,  28.92,  28.90,  28.87,  28.36,  28.37,  28.82,  28.65,  28.53,  28.58,  28.58,  28.08,  27.78,  27.84,  27.89,  28.74,  28.95,  28.90,  28.94,  28.88,  28.63,  28.90,  28.90,  28.64,  28.04,  27.76
19981026, 0000,  , HU, 16.4N,  81.0W, 130,  923, -999, -999, -999, -999, -999, -999, -999, -999, -999, -999, -999, -999, -999,  29.15,  29.23,  28.96,  28.78,  28.75,  28.73,  28.68,  28.62,  28.31,  28.46,  28.94,  28.64,  28.60,  28.63,  28.63,  28.43,  28.29,  28.34,  28.25,  28.78,  28.81,  28.63,  28.64,  28.54,  28.32,  28.43,  28.57,  28.28,  27.76,  27.43,  27.04
19981026, 0600,  , HU, 16.4N,  81.8W, 135,  922, -999, -999, -999, -999, -999, -999, -999, -999, -999, -999, -999, -999, -999,  28.38,  28.70,  28.91,  28.78,  28.75,  28.79,  28.79,  28.72,  28.26,  28.36,  29.10,  28.85,  28.64,  28.59,  28.53,  28.38,  28.05,  27.95,  27.89,  28.20,  28.04,  27.69,  27.55,  27.37,  27.39,  27.45,  27.16,  27.31,  27.35,  27.29,  27.23
19981026, 1200,  , HU, 16.6N,  82.6W, 145,  914, -999, -999, -999, -999, -999, -999, -999, -999, -999, -999, -999, -999, -999,  28.31,  28.47,  28.69,  28.74,  28.79,  28.67,  28.69,  28.67,  27.81,  27.90,  28.85,  29.08,  28.81,  28.77,  28.65,  28.59,  28.27,  27.84,  27.62,  27.49,  27.53,  27.54,  28.19,  28.01,  27.95,  27.96,  27.53,  27.95,  28.16,  28.06,  28.05
19981026, 1800,  , HU, 16.9N,  83.1W, 155,  905, -999, -999, -999, -999, -999, -999, -999, -999, -999, -999, -999, -999, -999,  28.16,  28.11,  28.62,  28.71,  28.72,  28.81,  28.77,  28.68,  27.81,  27.59,  28.55,  29.22,  28.73,  28.57,  28.48,  28.49,  28.37,  28.03,  27.74,  27.42,  27.15,  27.13,  28.29,  28.34,  28.14,  28.15,  27.81,  28.05,  28.19,  28.17,  28.18
19981027, 0000,  , HU, 17.2N,  83.8W, 155,  910, -999, -999, -999, -999, -999, -999, -999, -999, -999, -999, -999, -999, -999,  27.79,  28.44,  28.57,  28.54,  28.91,  28.89,  28.67,  28.22,  28.15,  28.78,  29.58,  29.62,  29.14,  29.08,  29.04,  28.99,  28.87,  28.54,  27.97,  27.35,  27.21,  28.26,  28.29,  28.07,  28.22,  27.87,  27.67,  27.89,  27.88,  27.93,  27.37
19981027, 0600,  , HU, 17.3N,  84.4W, 150,  917, -999, -999, -999, -999, -999, -999, -999, -999, -999, -999, -999, -999, -999,  28.45,  28.68,  28.65,  28.64,  28.92,  28.97,  28.87,  28.54,  28.33,  28.59,  29.06,  29.20,  28.97,  29.00,  29.01,  28.97,  28.94,  28.79,  28.16,  27.33,  27.14,  27.93,  28.02,  27.96,  28.14,  28.24,  28.16,  28.17,  27.88,  27.90,  27.48
19981027, 1200,  , HU, 17.1N,  85.0W, 150,  922, -999, -999, -999, -999, -999, -999, -999, -999, -999, -999, -999, -999, -999,  28.99,  28.93,  28.86,  28.84,  28.73,  28.79,  28.95,  28.67,  28.14,  28.22,  28.28,  28.59,  28.74,  28.89,  29.14,  29.18,  29.15,  29.11,  28.83,  28.20,  27.97,  27.82,  27.82,  27.76,  27.73,  28.15,  28.36,  28.38,  28.21,  28.16,  27.63
19981027, 1800,  , HU, 16.9N,  85.4W, 145,  928, -999, -999, -999, -999, -999, -999, -999, -999, -999, -999, -999, -999, -999,  29.10,  28.97,  28.89,  28.86,  28.68,  28.74,  28.95,  28.66,  28.26,  28.44,  28.46,  28.91,  29.09,  29.11,  29.25,  29.25,  29.21,  29.17,  29.08,  28.84,  28.72,  28.26,  28.09,  27.95,  27.80,  28.09,  28.38,  28.38,  28.22,  28.14,  27.57
19981028, 0000,  , HU, 16.6N,  85.6W, 140,  933, -999, -999, -999, -999, -999, -999, -999, -999, -999, -999, -999, -999, -999,  28.97,  28.91,  28.72,  28.59,  28.71,  28.94,  28.73,  28.49,  28.71,  28.73,  29.27,  29.36,  29.36,  29.36,  29.32,  29.28,  29.25,  29.21,  29.13,  29.02,  28.60,  28.45,  28.22,  27.97,  28.14,  28.55,  28.61,  28.41,  28.30,  27.63,  27.73
19981028, 0600,  , HU, 16.3N,  85.6W, 130,  938, -999, -999, -999, -999, -999, -999, -999, -999, -999, -999, -999, -999, -999,  28.91,  28.86,  28.66,  28.52,  28.68,  28.95,  28.83,  28.62,  28.90,  28.85,  29.59,  29.92,  29.92,  29.83,  29.75,  29.67,  29.59,  29.52,  29.45,  29.21,  28.93,  28.93,  28.72,  28.30,  28.35,  28.80,  28.85,  28.79,  28.64,  27.91,  28.14
19981028, 1200,  , HU, 16.3N,  85.6W, 115,  948, -999, -999, -999, -999, -999, -999, -999, -999, -999, -999, -999, -999, -999,  28.91,  28.86,  28.66,  28.52,  28.68,  28.95,  28.83,  28.62,  28.90,  28.85,  29.59,  29.92,  29.92,  29.83,  29.75,  29.67,  29.59,  29.52,  29.45,  29.21,  28.93,  28.93,  28.72,  28.30,  28.35,  28.80,  28.85,  28.79,  28.64,  27.91,  28.14
19981028, 1800,  , HU, 16.3N,  85.7W,  95,  959, -999, -999, -999, -999, -999, -999, -999, -999, -999, -999, -999, -999, -999,  29.05,  29.00,  28.74,  28.61,  28.83,  29.14,  29.05,  28.81,  29.04,  28.99,  29.73,  30.01,  30.00,  29.93,  29.83,  29.73,  29.64,  29.56,  29.49,  29.27,  29.11,  29.18,  28.97,  28.37,  28.39,  28.81,  28.89,  28.84,  28.68,  27.86,  28.07
19981029, 0000,  , HU, 16.2N,  85.8W,  85,  970, -999, -999, -999, -999, -999, -999, -999, -999, -999, -999, -999, -999, -999,  29.00,  28.74,  28.61,  28.83,  29.14,  29.05,  28.81,  29.04,  28.99,  29.73,  30.01,  30.00,  29.93,  29.83,  29.73,  29.64,  29.56,  29.49,  29.27,  29.11,  29.18,  28.97,  28.37,  28.39,  28.81,  28.89,  28.84,  28.68,  27.86,  28.07,  28.50
19981029, 0600,  , HU, 16.1N,  85.8W,  75,  979, -999, -999, -999, -999, -999, -999, -999, -999, -999, -999, -999, -999, -999,  29.00,  28.74,  28.61,  28.83,  29.14,  29.05,  28.81,  29.04,  28.99,  29.73,  30.01,  30.00,  29.93,  29.83,  29.73,  29.64,  29.56,  29.49,  29.27,  29.11,  29.18,  28.97,  28.37,  28.39,  28.81,  28.89,  28.84,  28.68,  27.86,  28.07,  28.50
19981029, 1200, L, HU, 15.9N,  85.7W,  70,  987, -999, -999, -999, -999, -999, -999, -999, -999, -999, -999, -999, -999, -999,    nan,    nan,    nan,    nan,    nan,    nan,    nan,    nan,    nan,    nan,    nan,    nan,    nan,    nan,    nan,    nan,    nan,    nan,    nan,    nan,    nan,    nan,    nan,    nan,    nan,    nan,    nan,    nan,    nan,    nan,    nan
19981029, 1800,  , TS, 15.8N,  85.6W,  60,  994, -999, -999, -999, -999, -999, -999, -999, -999, -999, -999, -999, -999, -999,    nan,    nan,    nan,    nan,    nan,    nan,    nan,    nan,    nan,    nan,    nan,    nan,    nan,    nan,    nan,    nan,    nan,    nan,    nan,    nan,    nan,    nan,    nan,    nan,    nan,    nan,    nan,    nan,    nan,    nan,    nan
19981030, 0000,  , TS, 15.6N,  85.7W,  55,  995, -999, -999, -999, -999, -999, -999, -999, -999, -999, -999, -999, -999, -999,    nan,    nan,    nan,    nan,    nan,    nan,    nan,    nan,    nan,    nan,    nan,    nan,    nan,    nan,    nan,    nan,    nan,    nan,    nan,    nan,    nan,    nan,    nan,    nan,    nan,    nan,    nan,    nan,    nan,    nan,    nan
19981030, 0600,  , TS, 15.4N,  85.9W,  50,  996, -999, -999, -999, -999, -999, -999, -999, -999, -999, -999, -999, -999, -999,    nan,    nan,    nan,    nan,    nan,    nan,    nan,    nan,    nan,    nan,    nan,    nan,    nan,    nan,    nan,    nan,    nan,    nan,    nan,    nan,    nan,    nan,    nan,    nan,    nan,    nan,    nan,    nan,    nan,    nan,    nan
19981030, 1200,  , TS, 15.2N,  86.1W,  45,  997, -999, -999, -999, -999, -999, -999, -999, -999, -999, -999, -999, -999, -999,    nan,    nan,    nan,    nan,    nan,    nan,    nan,    nan,    nan,    nan,    nan,    nan,    nan,    nan,    nan,    nan,    nan,    nan,    nan,    nan,    nan,    nan,    nan,    nan,    nan,    nan,    nan,    nan,    nan,    nan,    nan
19981030, 1800,  , TS, 14.9N,  86.5W,  45,  998, -999, -999, -999, -999, -999, -999, -999, -999, -999, -999, -999, -999, -999,    nan,    nan,    nan,    nan,    nan,    nan,    nan,    nan,    nan,    nan,    nan,    nan,    nan,    nan,    nan,    nan,    nan,    nan,    nan,    nan,    nan,    nan,    nan,    nan,    nan,    nan,    nan,    nan,    nan,    nan,    nan
19981031, 0000,  , TS, 14.7N,  87.0W,  45,  999, -999, -999, -999, -999, -999, -999, -999, -999, -999, -999, -999, -999, -999,    nan,    nan,    nan,    nan,    nan,    nan,    nan,    nan,    nan,    nan,    nan,    nan,    nan,    nan,    nan,    nan,    nan,    nan,    nan,    nan,    nan,    nan,    nan,    nan,    nan,    nan,    nan,    nan,    nan,    nan,    nan
19981031, 0600,  , TS, 14.5N,  87.7W,  40, 1000, -999, -999, -999, -999, -999, -999, -999, -999, -999, -999, -999, -999, -999,    nan,    nan,    nan,    nan,    nan,    nan,    nan,    nan,    nan,    nan,    nan,    nan,    nan,    nan,    nan,    nan,    nan,    nan,    nan,    nan,    nan,    nan,    nan,    nan,    nan,    nan,    nan,    nan,    nan,    nan,    nan
19981031, 1200,  , TS, 14.5N,  88.5W,  35, 1000, -999, -999, -999, -999, -999, -999, -999, -999, -999, -999, -999, -999, -999,    nan,    nan,    nan,    nan,    nan,    nan,    nan,    nan,    nan,    nan,    nan,    nan,    nan,    nan,    nan,    nan,    nan,    nan,    nan,    nan,    nan,    nan,    nan,    nan,    nan,    nan,    nan,    nan,    nan,    nan,    nan
19981031, 1800,  , TD, 14.6N,  89.2W,  30, 1001, -999, -999, -999, -999, -999, -999, -999, -999, -999, -999, -999, -999, -999,    nan,    nan,    nan,    nan,    nan,    nan,    nan,    nan,    nan,    nan,    nan,    nan,    nan,    nan,    nan,    nan,    nan,    nan,    nan,    nan,    nan,    nan,    nan,    nan,    nan,    nan,    nan,    nan,    nan,    nan,    nan
19981101, 0000,  , TD, 14.6N,  90.0W,  30, 1002, -999, -999, -999, -999, -999, -999, -999, -999, -999, -999, -999, -999, -999,    nan,    nan,    nan,    nan,    nan,    nan,    nan,    nan,    nan,    nan,    nan,    nan,    nan,    nan,    nan,    nan,    nan,    nan,    nan,    nan,    nan,    nan,    nan,    nan,    nan,    nan,    nan,    nan,    nan,    nan,    nan
19981101, 0600,  , TD, 14.7N,  90.8W,  25, 1003, -999, -999, -999, -999, -999, -999, -999, -999, -999, -999, -999, -999, -999,    nan,    nan,    nan,    nan,    nan,    nan,    nan,    nan,    nan,    nan,    nan,    nan,    nan,    nan,    nan,    nan,    nan,    nan,    nan,    nan,    nan,    nan,    nan,    nan,    nan,    nan,    nan,    nan,    nan,    nan,    nan
19981101, 1200,  , TD, 14.9N,  91.5W,  25, 1005, -999, -999, -999, -999, -999, -999, -999, -999, -999, -999, -999, -999, -999,    nan,    nan,    nan,    nan,    nan,    nan,    nan,    nan,    nan,    nan,    nan,    nan,    nan,    nan,    nan,    nan,    nan,    nan,    nan,    nan,    nan,    nan,    nan,    nan,    nan,    nan,    nan,    nan,    nan,    nan,    nan
19981101, 1800,  , TD, 15.5N,  92.2W,  25, 1005, -999, -999, -999, -999, -999, -999, -999, -999, -999, -999, -999, -999, -999,    nan,    nan,    nan,    nan,    nan,    nan,    nan,    nan,    nan,    nan,    nan,    nan,    nan,    nan,    nan,    nan,    nan,    nan,    nan,    nan,    nan,    nan,    nan,    nan,    nan,    nan,    nan,    nan,    nan,    nan,    nan
19981102, 0000,  , LO, 16.3N,  92.7W,  20, 1005, -999, -999, -999, -999, -999, -999, -999, -999, -999, -999, -999, -999, -999,    nan,    nan,    nan,    nan,    nan,    nan,    nan,    nan,    nan,    nan,    nan,    nan,    nan,    nan,    nan,    nan,    nan,    nan,    nan,    nan,    nan,    nan,    nan,    nan,    nan,    nan,    nan,    nan,    nan,    nan,    nan
19981102, 0600,  , LO, 17.1N,  93.1W,  20, 1005, -999, -999, -999, -999, -999, -999, -999, -999, -999, -999, -999, -999, -999,    nan,    nan,    nan,    nan,    nan,    nan,    nan,    nan,    nan,    nan,    nan,    nan,    nan,    nan,    nan,    nan,    nan,    nan,    nan,    nan,    nan,    nan,    nan,    nan,    nan,    nan,    nan,    nan,    nan,    nan,    nan
19981102, 1200,  , LO, 17.9N,  93.4W,  20, 1005, -999, -999, -999, -999, -999, -999, -999, -999, -999, -999, -999, -999, -999,    nan,    nan,    nan,    nan,    nan,    nan,    nan,    nan,    nan,    nan,    nan,    nan,    nan,    nan,    nan,    nan,    nan,    nan,    nan,    nan,    nan,    nan,    nan,    nan,    nan,    nan,    nan,    nan,    nan,    nan,    nan
19981102, 1800,  , LO, 18.7N,  93.7W,  20, 1005, -999, -999, -999, -999, -999, -999, -999, -999, -999, -999, -999, -999, -999,  27.65,  28.37,  28.50,  28.43,  28.32,  26.69,  26.36,  26.08,  26.21,  26.47,  26.96,  27.07,  26.20,  26.08,  26.47,  26.58,  26.39,  26.39,  26.48,  26.53,  26.57,  27.01,  27.09,  27.30,  27.06,  27.00,  27.19,  26.84,  26.64,  26.66,  26.44
19981103, 0000,  , LO, 19.2N,  93.4W,  20, 1003, -999, -999, -999, -999, -999, -999, -999, -999, -999, -999, -999, -999, -999,  28.54,  28.67,  28.62,  28.57,  26.72,  26.53,  26.59,  26.58,  26.55,  26.69,  26.77,  25.96,  26.07,  26.48,  26.58,  26.38,  26.43,  26.58,  26.62,  26.60,  26.92,  26.97,  27.25,  27.10,  27.01,  27.16,  26.81,  26.62,  26.55,  26.36,  26.46
19981103, 0600,  , LO, 19.3N,  92.7W,  20, 1003, -999, -999, -999, -999, -999, -999, -999, -999, -999, -999, -999, -999, -999,  28.58,  28.65,  28.79,  29.39,  27.39,  27.05,  27.28,  27.17,  27.17,  27.13,  27.09,  26.39,  26.63,  26.86,  26.97,  26.62,  26.68,  27.00,  26.93,  26.89,  27.03,  27.06,  27.27,  27.06,  26.77,  26.76,  26.51,  26.51,  26.51,  26.17,  26.24
19981103, 1200,  , LO, 19.4N,  92.1W,  25, 1002, -999, -999, -999, -999, -999, -999, -999, -999, -999, -999, -999, -999, -999,  28.57,  28.58,  28.77,  29.14,  27.74,  27.34,  27.36,  27.80,  27.67,  27.82,  27.86,  26.92,  26.96,  27.11,  27.27,  26.79,  26.86,  27.54,  27.65,  27.68,  27.58,  27.56,  27.69,  27.52,  27.14,  26.99,  26.73,  26.87,  26.97,  26.40,  26.58
19981103, 1800,  , TS, 19.6N,  91.4W,  40,  997, -999, -999, -999, -999, -999, -999, -999, -999, -999, -999, -999, -999, -999,  28.84,  28.75,  28.87,  28.77,  28.60,  28.21,  28.14,  28.54,  28.12,  28.13,  28.00,  27.51,  28.02,  28.23,  28.21,  27.42,  27.45,  27.96,  28.18,  28.03,  27.69,  27.93,  27.94,  27.68,  27.30,  27.25,  27.15,  27.08,  27.07,  27.01,  27.05
19981104, 0000,  , TS, 20.0N,  90.6W,  35,  997, -999, -999, -999, -999, -999, -999, -999, -999, -999, -999, -999, -999, -999,  28.68,  28.65,  28.22,  28.24,  28.35,  28.61,  28.65,  28.40,  27.90,  27.67,  27.65,  27.77,  27.76,  27.76,  27.04,  27.10,  27.37,  27.34,  26.89,  26.73,  27.55,  27.62,  27.06,  26.81,  27.21,  27.25,  26.97,  27.14,  27.47,  27.04,  26.87
19981104, 0200, L, TS, 20.1N,  90.5W,  35,  998, -999, -999, -999, -999, -999, -999, -999, -999, -999, -999, -999, -999, -999,    nan,    nan,    nan,    nan,    nan,    nan,    nan,    nan,    nan,    nan,    nan,    nan,    nan,    nan,    nan,    nan,    nan,    nan,    nan,    nan,    nan,    nan,    nan,    nan,    nan,    nan,    nan,    nan,    nan,    nan,    nan
19981104, 0600,  , TD, 20.8N,  89.6W,  30,  998, -999, -999, -999, -999, -999, -999, -999, -999, -999, -999, -999, -999, -999,    nan,    nan,    nan,    nan,    nan,    nan,    nan,    nan,    nan,    nan,    nan,    nan,    nan,    nan,    nan,    nan,    nan,    nan,    nan,    nan,    nan,    nan,    nan,    nan,    nan,    nan,    nan,    nan,    nan,    nan,    nan
19981104, 1200,  , TS, 21.8N,  88.2W,  40,  998, -999, -999, -999, -999, -999, -999, -999, -999, -999, -999, -999, -999, -999,  28.15,  27.93,  27.92,  27.90,  27.87,  27.70,  27.78,  27.25,  27.29,  27.51,  27.53,  27.54,  27.56,  27.57,  27.86,  26.60,  26.61,  26.54,  26.54,  26.47,  26.71,  26.41,  26.27,  26.07,  26.09,  26.10,  26.27,  26.44,  26.52,  26.47,  26.26
19981104, 1800,  , TS, 23.3N,  86.5W,  40,  993, -999, -999, -999, -999, -999, -999, -999, -999, -999, -999, -999, -999, -999,  27.79,  27.23,  27.84,  27.96,  27.64,  27.84,  28.09,  27.85,  27.41,  27.47,  27.13,  26.76,  26.85,  26.83,  26.91,  27.37,  27.50,  27.17,  26.96,  26.91,  27.08,  26.79,  26.56,  26.40,  26.40,  26.43,  26.80,  27.26,  27.44,  27.45,  27.23
19981105, 0000,  , TS, 24.8N,  84.8W,  45,  993, -999, -999, -999, -999, -999, -999, -999, -999, -999, -999, -999, -999, -999,  28.26,  27.99,  27.24,  27.92,  28.56,  28.57,  27.95,  27.79,  27.73,  27.62,  27.57,  27.41,  26.77,  26.55,  26.73,  25.95,  25.81,  25.76,  25.96,  26.03,  26.04,  26.62,  26.72,  26.59,  26.62,  26.47,  26.17,  25.93,  25.88,  26.33,  26.43
19981105, 0600,  , TS, 25.6N,  83.1W,  50,  990, -999, -999, -999, -999, -999, -999, -999, -999, -999, -999, -999, -999, -999,  27.67,  27.71,  27.86,  27.68,  27.32,  27.10,  26.54,  26.65,  26.71,  26.64,  26.33,  26.19,  26.22,  26.15,  25.75,  25.29,  25.01,  24.98,  25.06,  25.10,  25.12,  25.14,  25.07,  25.01,  24.86,  24.96,  25.21,  25.09,  25.18,  25.28,  25.30
19981105, 1100, L, TS, 26.2N,  81.9W,  55,  989, -999, -999, -999, -999, -999, -999, -999, -999, -999, -999, -999, -999, -999,  28.10,  27.79,  27.53,  27.49,  26.24,  25.65,  25.37,  25.52,  25.61,  25.65,  25.65,  25.62,  25.51,  25.47,  24.85,  24.47,  24.32,  24.21,  24.04,  24.03,  24.02,  24.02,  24.76,  24.92,  24.97,  24.83,  24.74,  25.03,  25.55,  25.57,  25.59
19981105, 1200,  , TS, 26.6N,  81.3W,  55,  987, -999, -999, -999, -999, -999, -999, -999, -999, -999, -999, -999, -999, -999,    nan,    nan,    nan,    nan,    nan,    nan,    nan,    nan,    nan,    nan,    nan,    nan,    nan,    nan,    nan,    nan,    nan,    nan,    nan,    nan,    nan,    nan,    nan,    nan,    nan,    nan,    nan,    nan,    nan,    nan,    nan
19981105, 1800,  , EX, 27.5N,  78.3W,  50,  992, -999, -999, -999, -999, -999, -999, -999, -999, -999, -999, -999, -999, -999,  27.47,  27.50,  27.51,  27.52,  27.45,  27.33,  27.42,  27.30,  27.10,  27.02,  26.86,  26.69,  26.87,  27.03,  26.80,  26.27,  26.33,  26.59,  26.58,  26.59,  26.28,  26.17,  26.19,  26.10,  26.55,  26.64,  26.49,  26.17,  26.22,  26.08,  26.06
19981106, 0000,  , EX, 30.0N,  75.0W,  50,  993, -999, -999, -999, -999, -999, -999, -999, -999, -999, -999, -999, -999, -999,  25.73,  25.80,  25.86,  25.82,  25.80,  25.74,  25.60,  25.48,  25.27,  25.25,  25.19,  25.28,  25.30,  25.26,  25.19,  24.88,  24.86,  24.78,  24.61,  24.55,  24.44,  24.29,  24.27,  24.29,  24.55,  24.58,  24.60,  24.43,  24.36,  24.67,  24.95
19981106, 0600,  , EX, 32.5N,  72.0W,  50,  992, -999, -999, -999, -999, -999, -999, -999, -999, -999, -999, -999, -999, -999,  25.91,  25.35,  25.21,  25.16,  25.34,  25.37,  25.05,  24.66,  24.61,  24.57,  24.50,  24.41,  24.62,  24.63,  24.53,  24.17,  24.22,  23.90,  23.73,  23.83,  23.76,  23.61,  23.45,  23.13,  23.02,  23.70,  23.78,  23.73,  23.65,  23.70,  23.63
19981106, 1200,  , EX, 35.0N,  68.0W,  50,  990, -999, -999, -999, -999, -999, -999, -999, -999, -999, -999, -999, -999, -999,  25.21,  25.02,  24.88,  24.79,  24.81,  24.88,  24.89,  24.58,  23.44,  23.43,  24.07,  24.56,  24.72,  24.71,  24.03,  23.44,  23.37,  23.27,  23.65,  23.67,  23.49,  23.35,  23.45,  23.35,  22.99,  22.81,  22.64,  23.27,  23.17,  22.99,  22.93
19981106, 1800,  , EX, 37.0N,  63.0W,  50,  989, -999, -999, -999, -999, -999, -999, -999, -999, -999, -999, -999, -999, -999,  23.93,  24.00,  23.87,  23.92,  24.05,  24.07,  23.71,  23.68,  23.68,  23.70,  23.77,  23.90,  23.93,  23.84,  23.62,  23.15,  22.77,  22.72,  22.66,  22.68,  22.74,  22.63,  22.71,  22.61,  22.39,  22.24,  22.15,  22.01,  21.86,  21.75,  21.51
19981107, 0000,  , EX, 39.0N,  58.0W,  50,  990, -999, -999, -999, -999, -999, -999, -999, -999, -999, -999, -999, -999, -999,  23.40,  23.49,  23.42,  23.43,  23.37,  23.73,  23.71,  23.94,  24.11,  24.00,  23.81,  23.68,  23.45,  23.05,  22.91,  22.88,  23.08,  23.08,  22.65,  22.49,  22.34,  22.30,  22.26,  21.98,  21.72,  21.69,  21.74,  21.52,  21.56,  21.69,  22.31
19981107, 0600,  , EX, 41.0N,  53.0W,  50,  992, -999, -999, -999, -999, -999, -999, -999, -999, -999, -999, -999, -999, -999,  20.03,  20.27,  20.27,  20.14,  19.79,  19.41,  19.34,  19.22,  19.08,  18.74,  18.74,  18.86,  18.86,  18.98,  18.89,  19.24,  19.18,  18.59,  18.32,  18.39,  18.44,  18.28,  18.20,  18.07,  18.40,  18.49,  18.43,  18.13,  18.14,  18.11,  17.92
19981107, 1200,  , EX, 42.5N,  47.5W,  50,  986, -999, -999, -999, -999, -999, -999, -999, -999, -999, -999, -999, -999, -999,  18.90,  18.44,  18.46,  18.56,  18.50,  18.30,  18.89,  18.94,  18.81,  18.66,  18.73,  18.75,  18.71,  18.56,  18.41,  18.36,  18.65,  18.90,  18.87,  18.31,  18.31,  18.31,  18.22,  18.36,  18.10,  18.04,  18.32,  18.18,  18.11,  18.14,  18.15
19981107, 1800,  , EX, 44.5N,  42.0W,  60,  972, -999, -999, -999, -999, -999, -999, -999, -999, -999, -999, -999, -999, -999,  17.70,  17.71,  17.18,  17.11,  17.19,  17.37,  16.68,  16.38,  16.35,  16.26,  16.51,  17.29,  17.61,  17.65,  18.08,  18.05,  17.68,  17.52,  17.45,  17.25,  16.85,  16.73,  16.89,  17.51,  18.00,  17.73,  17.65,  17.84,  17.82,  17.72,  17.65
19981108, 0000,  , EX, 46.5N,  36.5W,  60,  974, -999, -999, -999, -999, -999, -999, -999, -999, -999, -999, -999, -999, -999,  16.71,  16.82,  16.83,  16.44,  16.27,  16.46,  15.26,  14.80,  14.85,  14.60,  14.69,  15.07,  15.78,  16.00,  16.03,  16.12,  15.86,  15.79,  15.76,  15.89,  15.75,  15.87,  15.86,  15.88,  15.93,  15.89,  15.34,  15.09,  15.07,  15.08,  15.38
19981108, 0600,  , EX, 48.5N,  31.0W,  60,  972, -999, -999, -999, -999, -999, -999, -999, -999, -999, -999, -999, -999, -999,  15.29,  15.34,  15.38,  15.32,  14.57,  14.48,  14.33,  14.02,  14.06,  14.32,  14.43,  14.52,  14.48,  13.99,  13.91,  13.99,  13.92,  13.87,  13.60,  13.64,  13.66,  13.85,  13.96,  13.96,  13.85,  13.86,  13.86,  13.76,  13.62,  13.50,  13.31
19981108, 1200,  , EX, 50.0N,  25.0W,  60,  962, -999, -999, -999, -999, -999, -999, -999, -999, -999, -999, -999, -999, -999,  15.00,  14.90,  14.93,  14.81,  14.92,  14.88,  13.97,  13.83,  13.87,  14.10,  14.15,  14.24,  14.25,  14.19,  14.02,  13.95,  13.71,  13.63,  13.47,  13.46,  13.22,  13.12,  13.23,  13.28,  13.18,  13.00,  12.99,  12.88,  12.89,  12.84,  12.59
19981108, 1800,  , EX, 53.5N,  20.5W,  60,  956, -999, -999, -999, -999, -999, -999, -999, -999, -999, -999, -999, -999, -999,  13.76,  13.60,  13.54,  12.92,  12.77,  12.67,  12.58,  12.45,  12.33,  12.17,  12.17,  12.23,  12.22,  12.16,  12.11,  11.68,  12.06,  12.31,  12.06,  11.96,  11.99,  12.04,  11.76,  11.70,  11.62,  11.55,  11.89,  11.81,  11.64,  11.64,  11.60
19981109, 0000,  , EX, 55.5N,  14.5W,  60,  956, -999, -999, -999, -999, -999, -999, -999, -999, -999, -999, -999, -999, -999,  12.46,  12.49,  12.21,  12.14,  11.90,  11.38,  11.56,  11.57,  11.58,  11.54,  11.60,  11.64,  11.57,  11.46,  11.25,  11.11,  11.10,  11.07,  10.90,  10.95,  11.05,  10.70,  10.81,  10.81,  10.81,  10.43,  10.87,  10.66,  10.36,  10.49,  10.58
19981109, 0600,  , EX, 58.0N,  10.5W,  60,  956, -999, -999, -999, -999, -999, -999, -999, -999, -999, -999, -999, -999, -999,  11.36,  11.23,  10.84,  10.76,  10.67,  10.92,  10.81,  10.58,  10.52,  10.44,  10.07,  10.03,  10.13,  10.26,  10.19,  10.04,  10.10,  10.14,  10.03,   9.93,  10.00,  10.13,  10.18,   9.99,   9.93,   8.71,   8.15,   9.22,   9.78,   9.92,  10.00
19981109, 1200,  , EX, 61.0N,  10.0W,  60,  956, -999, -999, -999, -999, -999, -999, -999, -999, -999, -999, -999, -999, -999,   9.31,   9.36,   9.41,   9.26,   9.21,   9.09,   9.08,   9.10,   8.99,   8.90,   8.83,   8.89,   8.93,   8.83,   8.81,   8.68,   8.62,   8.63,   8.62,   8.68,   8.75,   8.62,   8.32,   8.54,   8.65,   8.66,   8.60,   8.57,   8.40,   8.34,   8.28
19981109, 1800,  , EX, 63.5N,   5.0W,  55,  960, -999, -999, -999, -999, -999, -999, -999, -999, -999, -999, -999, -999, -999,   6.46,   5.95,   6.09,   6.30,   6.29,   6.02,   5.78,   5.71,   5.66,   5.47,   5.36,   5.34,   5.37,   5.55,   5.83,   5.99,   5.79,   5.39,   4.86,   4.80,   5.02,   5.04,   5.48,   5.63,   4.86,   5.01,   5.37,   5.46,   5.02,   4.96,   5.14
