AL142004,            MATTHEW,     13,
20041008, 1200,  , TD, 24.0N,  95.4W,  30, 1007,    0,    0,    0,    0,    0,    0,    0,    0,    0,    0,    0,    0, -999,  30.28,  30.27,  30.19,  29.94,  29.85,  29.14,  28.98,  28.92,  28.94,  29.50,  29.48,  29.30,  29.11,  29.05,  28.63,  28.87,  29.08,  29.21,  29.52,  29.63,  29.62,  29.61,  28.55,  28.50,  28.39,  28.35,  28.39,  28.50,  28.56,  28.52,  28.51
20041008, 1800,  , TS, 24.1N,  94.2W,  35, 1004,  150,  100,    0,    0,    0,    0,    0,    0,    0,    0,    0,    0, -999,  30.34,  30.23,  29.93,  29.51,  29.27,  28.84,  28.88,  29.02,  29.06,  29.45,  29.43,  29.31,  29.22,  29.15,  28.87,  28.83,  28.87,  28.90,  29.02,  29.04,  29.27,  29.39,  28.70,  28.61,  28.36,  28.18,  28.13,  28.23,  28.47,  28.58,  28.63
20041009, 0000,  , TS, 24.6N,  93.7W,  40, 1000,  150,  100,    0,    0,    0,    0,    0,    0,    0,    0,    0,    0, -999,  30.26,  29.92,  29.88,  29.88,  29.40,  29.33,  29.57,  29.56,  29.63,  29.56,  29.57,  29.59,  29.47,  29.33,  28.76,  28.69,  28.68,  28.68,  28.64,  28.85,  29.12,  28.67,  28.46,  28.23,  28.05,  27.99,  28.12,  28.17,  28.25,  28.30,  28.37
20041009, 0600,  , TS, 25.3N,  93.2W,  35, 1002,  100,  100,    0,    0,    0,    0,    0,    0,    0,    0,    0,    0, -999,  30.11,  29.93,  30.17,  30.24,  29.83,  29.91,  29.83,  29.10,  29.12,  29.31,  29.34,  29.37,  28.89,  28.86,  28.11,  28.12,  28.13,  28.26,  28.34,  28.54,  28.76,  28.55,  28.13,  27.96,  27.85,  27.83,  28.03,  28.13,  28.24,  28.33,  28.37
20041009, 1200,  , TS, 26.3N,  92.8W,  35, 1002,  100,  100,    0,    0,    0,    0,    0,    0,    0,    0,    0,    0, -999,  29.67,  29.57,  29.71,  29.80,  29.47,  29.54,  29.77,  29.73,  29.40,  28.94,  29.09,  29.14,  28.84,  28.80,  27.36,  27.20,  27.23,  27.68,  27.87,  28.13,  28.42,  28.43,  28.20,  27.99,  27.81,  27.77,  27.97,  27.99,  27.98,  28.07,  28.26
20041009, 1800,  , TS, 26.8N,  92.0W,  40,  997,  120,  100,    0,    0,    0,    0,    0,    0,    0,    0,    0,    0, -999,  29.86,  29.88,  29.88,  29.77,  29.79,  29.91,  29.80,  29.58,  29.19,  28.87,  29.07,  29.14,  29.06,  29.00,  28.50,  28.30,  28.62,  28.19,  28.04,  27.98,  28.00,  28.04,  27.99,  27.81,  27.55,  27.51,  27.71,  27.69,  27.72,  27.55,  27.66
20041010, 0000,  , TS, 27.3N,  91.4W,  40,  998,  120,  120,    0,    0,    0,    0,    0,    0,    0,    0,    0,    0, -999,  28.92,  28.78,  28.50,  28.62,  28.75,  28.37,  28.17,  28.06,  28.05,  28.28,  28.37,  28.11,  27.99,  28.09,  28.05,  28.11,  27.00,  27.00,  27.19,  27.36,  27.45,  27.52,  27.48,  27.32,  27.39,  27.66,  27.65,  27.67,  27.20,  26.69,  26.97
20041010, 0600,  , TS, 28.1N,  91.2W,  40,  999,  100,  100,    0,    0,    0,    0,    0,    0,    0,    0,    0,    0, -999,  28.33,  28.45,  28.33,  28.36,  28.39,  28.11,  28.12,  28.28,  28.41,  28.32,  28.28,  28.07,  27.86,  27.76,  27.62,  27.49,  26.33,  26.48,  26.75,  26.88,  26.48,  25.97,  25.89,  26.11,  26.15,  26.90,  27.04,  26.91,  26.31,  26.38,  26.94
20041010, 1100, L, TS, 29.2N,  91.0W,  35,  999, -999, -999, -999, -999, -999, -999, -999, -999, -999, -999, -999, -999, -999,  27.30,  27.05,  26.93,  26.83,  26.58,  26.30,  26.30,  26.75,  27.73,  27.75,  27.70,  27.74,  27.64,  27.53,  27.41,  27.34,  25.28,  25.19,  25.20,  25.36,  25.05,  24.80,  24.55,  24.61,  25.02,  26.53,  26.75,  27.00,  26.54,  26.84,  27.18
20041010, 1200,  , TD, 29.4N,  90.9W,  30, 1000,    0,    0,    0,    0,    0,    0,    0,    0,    0,    0,    0,    0, -999,    nan,    nan,    nan,    nan,    nan,    nan,    nan,    nan,    nan,    nan,    nan,    nan,    nan,    nan,    nan,    nan,    nan,    nan,    nan,    nan,    nan,    nan,    nan,    nan,    nan,    nan,    nan,    nan,    nan,    nan,    nan
20041010, 1800,  , TD, 30.4N,  90.9W,  25, 1002,    0,    0,    0,    0,    0,    0,    0,    0,    0,    0,    0,    0, -999,    nan,    nan,    nan,    nan,    nan,    nan,    nan,    nan,    nan,    nan,    nan,    nan,    nan,    nan,    nan,    nan,    nan,    nan,    nan,    nan,    nan,    nan,    nan,    nan,    nan,    nan,    nan,    nan,    nan,    nan,    nan
20041011, 0000,  , EX, 32.0N,  91.0W,  25, 1003,    0,    0,    0,    0,    0,    0,    0,    0,    0,    0,    0,    0, -999,    nan,    nan,    nan,    nan,    nan,    nan,    nan,    nan,    nan,    nan,    nan,    nan,    nan,    nan,    nan,    nan,    nan,    nan,    nan,    nan,    nan,    nan,    nan,    nan,    nan,    nan,    nan,    nan,    nan,    nan,    nan
20041011, 0600,  , EX, 33.6N,  91.9W,  20, 1005,    0,    0,    0,    0,    0,    0,    0,    0,    0,    0,    0,    0, -999,    nan,    nan,    nan,    nan,    nan,    nan,    nan,    nan,    nan,    nan,    nan,    nan,    nan,    nan,    nan,    nan,    nan,    nan,    nan,    nan,    nan,    nan,    nan,    nan,    nan,    nan,    nan,    nan,    nan,    nan,    nan
