AL142012,             NADINE,     96,
20120910, 1200,  , TD, 15.5N,  38.0W,  25, 1008,    0,    0,    0,    0,    0,    0,    0,    0,    0,    0,    0,    0, -999,  28.40,  28.33,  28.14,  27.84,  27.90,  27.66,  27.63,  27.77,  27.88,  27.88,  28.01,  27.98,  28.12,  28.24,  28.27,  27.87,  26.88,  26.42,  26.53,  26.99,  27.29,  27.51,  27.59,  28.04,  27.95,  27.96,  27.96,  27.99,  27.95,  28.07,  28.31
20120910, 1800,  , TD, 15.6N,  39.4W,  25, 1007,    0,    0,    0,    0,    0,    0,    0,    0,    0,    0,    0,    0, -999,  28.56,  28.57,  28.60,  28.45,  28.14,  27.96,  27.95,  27.60,  27.45,  27.27,  27.64,  27.93,  27.95,  28.04,  27.81,  27.57,  27.47,  26.96,  26.92,  27.05,  27.21,  27.29,  27.34,  27.58,  27.79,  27.77,  27.72,  27.62,  27.72,  27.88,  27.96
20120911, 0000,  , TD, 15.8N,  40.8W,  25, 1007,    0,    0,    0,    0,    0,    0,    0,    0,    0,    0,    0,    0, -999,  28.69,  29.03,  28.88,  28.77,  28.10,  27.98,  27.57,  27.45,  27.43,  27.57,  27.97,  28.02,  28.16,  27.89,  27.44,  27.70,  27.78,  27.80,  26.94,  27.12,  27.28,  27.34,  27.57,  27.77,  27.63,  27.43,  27.36,  27.32,  27.49,  27.95,  28.11
20120911, 0600,  , TD, 16.0N,  41.9W,  25, 1007,    0,    0,    0,    0,    0,    0,    0,    0,    0,    0,    0,    0, -999,  28.50,  28.95,  28.76,  28.62,  27.92,  27.90,  27.49,  27.74,  27.81,  27.92,  28.11,  28.12,  28.23,  28.09,  27.96,  28.19,  28.21,  28.06,  27.02,  27.24,  27.41,  27.49,  27.79,  27.70,  27.62,  27.46,  27.38,  27.64,  27.87,  28.15,  28.27
20120911, 1200,  , TD, 16.4N,  42.8W,  30, 1006,    0,    0,    0,    0,    0,    0,    0,    0,    0,    0,    0,    0, -999,  28.17,  28.88,  28.84,  28.69,  28.10,  28.15,  27.84,  27.82,  27.79,  27.96,  28.11,  28.05,  28.18,  28.11,  28.06,  27.99,  27.94,  27.49,  26.97,  27.11,  27.30,  27.54,  27.72,  27.69,  27.70,  27.46,  27.10,  27.75,  28.00,  28.26,  28.37
20120911, 1800,  , TD, 16.9N,  43.7W,  30, 1006,    0,    0,    0,    0,    0,    0,    0,    0,    0,    0,    0,    0, -999,  28.15,  28.69,  28.80,  28.62,  28.04,  27.89,  27.99,  28.12,  28.14,  28.33,  28.37,  28.37,  28.46,  28.26,  28.07,  28.05,  28.08,  27.28,  27.27,  27.42,  27.52,  27.69,  27.81,  27.96,  27.72,  27.55,  27.43,  27.85,  28.11,  28.31,  28.33
20120912, 0000,  , TS, 17.5N,  44.8W,  35, 1004,  100,    0,    0,   40,    0,    0,    0,    0,    0,    0,    0,    0, -999,  28.30,  28.55,  28.48,  28.24,  28.19,  28.24,  28.27,  28.49,  28.50,  28.28,  28.14,  28.30,  28.22,  28.03,  27.90,  27.81,  27.23,  27.30,  27.37,  27.59,  27.67,  27.75,  27.79,  27.80,  27.78,  27.72,  27.94,  28.06,  28.20,  28.28,  28.37
20120912, 0600,  , TS, 18.1N,  45.9W,  45, 1001,  100,   50,   20,   60,    0,    0,    0,    0,    0,    0,    0,    0, -999,  28.23,  28.45,  28.30,  28.18,  28.23,  28.22,  28.28,  28.40,  28.51,  28.38,  28.15,  28.30,  28.43,  28.33,  27.94,  27.71,  27.09,  26.99,  27.05,  27.31,  27.57,  27.66,  27.68,  27.48,  27.29,  27.55,  27.67,  27.86,  28.03,  28.15,  28.31
20120912, 1200,  , TS, 18.8N,  47.1W,  50,  997,  100,  100,   20,   80,   50,   50,    0,   40,    0,    0,    0,    0, -999,  28.15,  28.41,  28.42,  28.41,  28.53,  28.34,  28.38,  28.50,  28.68,  28.81,  28.75,  28.64,  28.51,  28.33,  28.12,  28.05,  27.90,  27.59,  27.41,  27.52,  27.81,  27.71,  27.84,  27.60,  27.45,  27.65,  27.84,  28.03,  28.03,  28.02,  28.27
20120912, 1800,  , TS, 19.5N,  48.3W,  55,  994,  100,  100,   30,  100,   50,   50,    0,   40,    0,    0,    0,    0, -999,  28.40,  28.61,  28.63,  28.52,  28.18,  27.95,  28.16,  29.06,  29.11,  29.22,  29.25,  29.01,  28.74,  28.73,  28.49,  28.24,  28.21,  27.98,  27.90,  27.87,  28.00,  27.80,  28.18,  28.03,  27.60,  27.90,  28.17,  28.24,  28.22,  28.53,  28.86
20120913, 0000,  , TS, 20.2N,  49.5W,  60,  990,  120,  120,   40,  110,   60,   50,    0,   40,    0,    0,    0,    0, -999,  28.47,  28.46,  28.42,  28.10,  27.84,  28.00,  28.74,  28.82,  29.05,  29.31,  29.24,  29.09,  28.88,  28.80,  28.58,  28.29,  28.22,  28.04,  27.80,  27.96,  28.14,  28.31,  27.99,  27.59,  28.00,  28.31,  28.20,  28.20,  28.25,  28.62,  28.73
20120913, 0600,  , TS, 21.0N,  50.6W,  60,  990,  150,  120,   40,  120,   60,   50,    0,   40,    0,    0,    0,    0, -999,  28.72,  28.77,  28.46,  28.20,  28.23,  28.67,  28.88,  28.70,  28.58,  28.71,  28.77,  28.89,  28.98,  29.03,  28.98,  28.58,  28.36,  28.34,  28.46,  28.41,  28.58,  28.75,  28.83,  28.61,  28.48,  28.65,  28.58,  28.36,  28.26,  28.44,  28.47
20120913, 1200,  , TS, 22.0N,  51.7W,  60,  990,  180,  130,   40,  150,   60,   50,    0,   40,    0,    0,    0,    0, -999,  28.50,  28.79,  28.76,  28.69,  28.07,  28.47,  28.98,  28.85,  28.65,  28.68,  29.11,  29.22,  29.03,  28.87,  28.30,  28.12,  28.25,  28.37,  28.29,  28.36,  28.80,  28.72,  28.65,  28.67,  28.52,  28.67,  28.66,  28.39,  28.09,  28.43,  28.54
20120913, 1800,  , TS, 23.2N,  52.6W,  60,  989,  200,  160,   60,  150,   80,   50,    0,   60,    0,    0,    0,    0, -999,  28.63,  28.60,  28.43,  28.13,  27.31,  28.65,  28.85,  28.81,  28.78,  28.76,  28.36,  28.25,  28.31,  28.48,  28.11,  28.05,  27.81,  28.06,  28.22,  29.00,  29.03,  28.79,  28.58,  28.40,  28.13,  28.22,  28.19,  28.04,  27.82,  27.82,  28.23
20120914, 0000,  , TS, 24.4N,  53.4W,  60,  989,  200,  180,   60,  150,   80,   50,    0,   60,    0,    0,    0,    0, -999,  28.18,  27.87,  27.89,  27.52,  28.38,  28.62,  28.60,  28.60,  28.50,  28.47,  28.51,  28.77,  28.84,  28.46,  28.57,  27.87,  27.78,  28.13,  28.50,  28.44,  28.42,  28.41,  28.14,  28.02,  28.04,  27.97,  27.86,  27.51,  27.52,  27.89,  28.14
20120914, 0600,  , TS, 25.6N,  54.0W,  60,  987,  200,  180,   60,  150,   80,   50,    0,   60,    0,    0,    0,    0, -999,  28.43,  28.50,  28.32,  28.33,  28.66,  28.61,  28.48,  28.38,  28.32,  28.46,  28.50,  28.89,  28.83,  28.04,  28.15,  27.50,  27.44,  27.76,  28.29,  28.40,  28.23,  28.47,  28.46,  28.30,  28.16,  27.94,  27.79,  27.42,  27.20,  27.31,  27.57
20120914, 1200,  , TS, 27.0N,  54.0W,  60,  986,  200,  180,   60,  150,   80,   50,    0,   60,    0,    0,    0,    0, -999,  28.82,  29.25,  29.06,  28.86,  28.91,  28.84,  28.80,  28.68,  28.79,  28.90,  28.85,  29.30,  29.47,  29.06,  28.80,  27.13,  26.77,  27.21,  28.12,  28.29,  28.05,  28.16,  28.30,  28.24,  28.23,  28.07,  27.92,  27.63,  27.49,  27.62,  27.91
20120914, 1800,  , HU, 28.3N,  53.7W,  65,  984,  200,  180,   60,  150,   80,   50,   30,   60,   30,   20,    0,    0, -999,  28.83,  28.74,  28.67,  28.75,  28.70,  28.82,  28.85,  28.89,  28.81,  28.85,  28.85,  29.13,  29.11,  29.05,  28.70,  27.67,  27.05,  27.83,  28.38,  28.48,  28.27,  28.27,  28.22,  28.18,  28.16,  27.99,  28.03,  28.02,  27.57,  27.59,  27.83
20120915, 0000,  , HU, 29.6N,  53.3W,  70,  981,  180,  180,   80,  140,   80,   50,   30,   60,   30,   20,    0,    0, -999,  28.64,  28.44,  28.44,  28.28,  28.34,  28.21,  28.17,  28.03,  28.23,  28.24,  28.50,  28.55,  28.64,  28.28,  27.41,  26.25,  26.46,  27.03,  27.25,  27.45,  27.37,  27.16,  27.03,  26.76,  26.48,  26.32,  26.30,  26.44,  26.53,  26.53,  26.50
20120915, 0600,  , HU, 30.5N,  52.2W,  70,  980,  180,  180,  100,  140,   80,   50,   30,   60,   30,   20,    0,    0, -999,  28.32,  27.88,  27.98,  28.01,  28.19,  28.12,  28.32,  28.09,  28.07,  27.94,  27.85,  28.27,  28.52,  28.11,  27.70,  26.38,  26.52,  26.71,  26.52,  26.54,  26.62,  26.37,  26.33,  26.16,  26.06,  26.00,  25.91,  25.87,  25.96,  26.15,  26.25
20120915, 1200,  , HU, 30.8N,  50.7W,  70,  980,  160,  160,  120,  140,   70,   60,   50,   60,   20,   40,    0,    0, -999,  28.05,  27.02,  27.36,  27.57,  27.44,  27.47,  27.44,  27.32,  27.41,  27.74,  27.83,  27.88,  28.19,  27.63,  27.41,  25.93,  25.94,  26.15,  25.83,  25.98,  26.17,  26.09,  25.94,  25.82,  25.69,  25.51,  25.59,  25.56,  25.66,  25.98,  26.25
20120915, 1800,  , HU, 30.8N,  49.1W,  70,  980,  160,  160,  120,  140,   50,   60,   60,   60,    0,   40,   35,    0, -999,  28.03,  27.74,  28.06,  28.03,  27.90,  27.85,  27.81,  27.67,  28.15,  28.26,  28.22,  28.18,  28.21,  27.53,  27.37,  25.99,  25.90,  26.20,  26.12,  25.86,  25.85,  25.98,  25.87,  25.53,  25.45,  25.43,  25.43,  25.57,  25.60,  25.60,  25.71
20120916, 0000,  , HU, 30.7N,  47.5W,  70,  981,  140,  160,  120,  140,   50,   60,   60,   50,    0,   40,   35,    0, -999,  27.84,  27.94,  28.24,  28.26,  28.19,  28.05,  27.92,  28.17,  28.01,  28.21,  28.22,  28.03,  27.29,  27.14,  26.06,  26.18,  26.46,  26.38,  26.31,  26.38,  26.40,  26.03,  25.97,  25.80,  25.83,  25.86,  25.84,  25.83,  25.73,  25.86,  26.14
20120916, 0600,  , HU, 30.6N,  45.4W,  65,  984,  140,  160,  140,  140,   50,   60,   60,   50,    0,   40,   35,    0, -999,  28.00,  27.85,  27.78,  28.36,  28.30,  28.18,  28.09,  27.74,  27.87,  27.97,  27.87,  27.62,  27.48,  27.38,  26.23,  26.33,  26.73,  26.85,  26.60,  26.60,  26.48,  26.11,  26.00,  25.93,  25.85,  25.80,  25.77,  25.46,  25.53,  25.82,  25.88
20120916, 1200,  , HU, 30.6N,  43.0W,  65,  985,  140,  160,  140,  140,   50,   80,   70,   50,   20,   40,   30,    0, -999,  28.05,  28.10,  28.17,  28.02,  27.87,  27.85,  27.72,  27.79,  27.44,  27.42,  27.41,  27.21,  26.46,  26.41,  26.22,  26.16,  26.17,  26.44,  26.56,  26.48,  26.36,  26.19,  25.74,  25.65,  25.65,  25.66,  25.47,  25.47,  25.46,  25.50,  25.48
20120916, 1800,  , HU, 30.8N,  40.6W,  65,  985,  140,  160,  140,  140,   50,   80,   70,   50,   20,   40,   30,    0, -999,  27.62,  27.94,  28.00,  27.57,  27.33,  26.97,  25.28,  24.68,  25.12,  25.93,  26.03,  26.23,  26.33,  25.99,  25.75,  25.46,  25.29,  25.59,  26.08,  26.09,  25.92,  25.79,  25.35,  25.21,  25.12,  24.96,  24.92,  24.84,  24.98,  25.04,  25.02
20120917, 0000,  , TS, 31.1N,  38.8W,  60,  986,  140,  160,  140,  140,   50,   80,   70,   50,    0,    0,    0,    0, -999,  27.87,  27.71,  27.42,  26.87,  26.79,  26.97,  27.09,  26.75,  27.18,  27.19,  27.24,  26.94,  26.56,  26.54,  24.79,  24.84,  24.97,  25.29,  25.55,  25.33,  25.09,  25.02,  24.67,  24.56,  24.41,  24.27,  24.26,  24.48,  24.53,  24.52,  24.45
20120917, 0600,  , TS, 31.7N,  37.1W,  60,  987,  140,  170,  140,  140,   60,   90,   70,   50,    0,    0,    0,    0, -999,  27.47,  27.27,  26.89,  26.82,  27.00,  27.17,  27.26,  27.18,  27.46,  27.78,  27.49,  27.16,  27.06,  26.88,  25.06,  24.64,  24.60,  24.67,  24.86,  24.83,  24.77,  24.74,  24.29,  24.22,  24.25,  24.18,  24.29,  24.43,  24.45,  24.47,  24.50
20120917, 1200,  , TS, 32.5N,  35.9W,  55,  988,  140,  170,  140,  140,   60,   90,   70,   50,    0,    0,    0,    0, -999,  26.70,  26.55,  26.49,  26.45,  26.59,  26.68,  26.77,  26.79,  26.95,  26.89,  26.61,  26.44,  26.43,  26.44,  24.68,  23.93,  24.13,  24.21,  24.42,  24.43,  24.33,  24.54,  24.59,  24.07,  23.95,  23.82,  23.80,  23.87,  23.86,  23.92,  23.86
20120917, 1800,  , TS, 33.1N,  35.1W,  55,  988,  140,  170,  150,  140,   60,   90,   70,   50,    0,    0,    0,    0, -999,  26.57,  26.51,  26.65,  26.53,  26.28,  26.37,  26.48,  26.58,  26.61,  26.49,  26.39,  26.19,  26.06,  25.77,  25.40,  23.81,  23.48,  23.50,  23.75,  23.80,  23.69,  23.79,  23.83,  23.55,  23.51,  23.48,  23.58,  23.41,  23.37,  23.39,  23.44
20120918, 0000,  , TS, 33.5N,  34.5W,  50,  989,  140,  170,  150,  140,   60,   90,   60,   50,    0,    0,    0,    0, -999,  26.55,  26.65,  26.51,  26.15,  26.23,  26.34,  26.48,  26.43,  26.36,  26.33,  26.17,  26.00,  25.70,  25.60,  24.57,  23.87,  23.70,  23.88,  23.88,  23.76,  23.70,  23.69,  23.39,  23.35,  23.39,  23.48,  23.40,  23.43,  23.48,  23.51,  23.13
20120918, 0600,  , TS, 33.9N,  33.9W,  50,  989,  150,  170,  150,  150,   30,   90,   60,   30,    0,    0,    0,    0, -999,  26.44,  26.41,  26.51,  26.49,  26.37,  26.37,  26.43,  26.28,  26.07,  26.09,  25.96,  26.04,  25.83,  25.65,  25.49,  24.32,  24.39,  24.29,  24.31,  24.06,  24.00,  23.92,  23.44,  23.32,  23.36,  23.40,  23.24,  23.24,  23.30,  23.36,  23.21
20120918, 1200,  , TS, 34.3N,  33.3W,  50,  989,  150,  170,  150,  150,    0,   80,   60,    0,    0,    0,    0,    0, -999,  25.98,  25.89,  26.14,  26.32,  26.18,  26.17,  26.27,  26.12,  25.77,  25.63,  25.52,  25.73,  25.60,  25.28,  24.99,  24.01,  24.26,  24.11,  23.71,  23.28,  23.38,  23.34,  22.86,  22.80,  22.83,  22.90,  22.75,  22.84,  22.94,  22.97,  22.79
20120918, 1800,  , TS, 34.9N,  32.7W,  50,  989,  200,  170,  180,  200,    0,   80,   60,    0,    0,    0,    0,    0, -999,  25.37,  25.20,  25.06,  25.11,  25.12,  25.21,  25.33,  25.24,  24.92,  24.72,  24.66,  24.69,  24.64,  24.66,  24.70,  23.37,  23.51,  23.15,  22.36,  22.10,  22.24,  22.24,  21.89,  21.81,  21.75,  21.65,  21.59,  21.64,  21.73,  21.62,  21.35
20120919, 0000,  , TS, 35.5N,  32.3W,  50,  989,  200,  170,  180,  200,    0,   80,   80,    0,    0,    0,    0,    0, -999,  25.08,  24.91,  24.74,  24.87,  25.02,  25.18,  25.12,  24.83,  24.64,  24.54,  24.62,  24.58,  24.43,  24.41,  22.80,  22.44,  22.16,  22.03,  22.12,  22.19,  22.23,  22.06,  22.06,  22.20,  22.24,  22.19,  22.03,  22.04,  21.91,  21.56,  21.70
20120919, 0600,  , TS, 36.1N,  32.0W,  50,  989,  200,  170,  180,  200,    0,   80,   80,    0,    0,    0,    0,    0, -999,  24.99,  24.86,  24.68,  24.62,  24.88,  25.17,  25.08,  24.72,  24.48,  24.38,  24.51,  24.54,  24.33,  24.33,  23.18,  23.04,  22.28,  21.57,  21.46,  21.64,  21.96,  21.98,  22.12,  22.11,  22.14,  22.12,  22.10,  22.18,  22.01,  21.98,  22.07
20120919, 1200,  , TS, 36.7N,  32.0W,  50,  989,  200,  150,  180,  200,    0,   80,   80,   60,    0,    0,    0,    0, -999,  24.86,  24.77,  24.52,  24.26,  24.47,  24.85,  24.82,  24.42,  24.26,  24.10,  24.19,  24.09,  23.83,  23.88,  23.46,  23.57,  22.28,  21.36,  20.99,  21.06,  21.07,  21.08,  21.14,  21.12,  21.19,  21.27,  21.35,  21.49,  21.55,  21.60,  21.71
20120919, 1800,  , TS, 37.1N,  32.0W,  50,  987,  200,  150,  180,  200,    0,   80,   80,  100,    0,    0,    0,    0, -999,  24.95,  24.93,  24.87,  24.45,  24.43,  24.70,  24.49,  24.22,  24.12,  24.10,  24.03,  23.86,  23.56,  23.76,  23.77,  23.41,  21.78,  21.42,  21.31,  21.27,  21.00,  21.12,  20.91,  20.98,  21.05,  21.14,  21.06,  21.13,  21.20,  21.43,  21.47
20120920, 0000,  , TS, 37.2N,  31.6W,  50,  986,  180,  150,  180,  240,    0,   80,   80,  100,    0,    0,    0,    0, -999,  24.35,  24.27,  23.99,  23.97,  24.24,  23.73,  23.70,  23.64,  23.63,  23.56,  23.42,  23.11,  23.43,  23.48,  22.96,  21.47,  21.32,  21.35,  21.36,  21.10,  21.30,  20.87,  20.96,  21.04,  21.00,  20.85,  20.79,  20.84,  21.06,  21.11,  20.99
20120920, 0600,  , TS, 36.9N,  30.9W,  50,  986,  150,  150,  180,  240,    0,   80,   80,  100,    0,    0,    0,    0, -999,  24.55,  24.51,  24.31,  24.29,  24.59,  24.56,  24.56,  24.17,  23.82,  23.77,  23.67,  23.56,  23.68,  23.71,  23.31,  22.05,  21.28,  21.17,  21.26,  21.34,  21.37,  21.03,  21.09,  21.12,  21.07,  20.98,  20.77,  20.83,  20.91,  20.94,  21.00
20120920, 1200,  , TS, 36.5N,  30.0W,  50,  986,  150,  150,  180,  270,    0,   40,   60,   80,    0,    0,    0,    0, -999,  24.39,  24.29,  24.35,  24.30,  24.47,  24.49,  24.32,  23.95,  23.77,  23.88,  23.91,  23.72,  23.60,  23.61,  23.34,  22.35,  21.50,  21.63,  21.71,  21.83,  21.69,  21.44,  21.65,  21.60,  21.49,  21.48,  21.16,  21.14,  21.27,  21.31,  21.19
20120920, 1800,  , TS, 36.2N,  29.0W,  55,  984,  180,  150,  180,  300,    0,    0,   60,   80,    0,    0,    0,    0, -999,  23.90,  23.67,  23.90,  24.00,  23.95,  24.06,  23.84,  23.55,  23.50,  23.72,  23.96,  23.96,  23.56,  23.58,  23.56,  23.63,  22.13,  21.99,  21.83,  21.78,  21.78,  21.69,  22.01,  21.88,  21.82,  21.88,  21.79,  21.83,  21.84,  21.82,  21.67
20120921, 0000,  , TS, 35.9N,  28.2W,  55,  984,  180,  150,  200,  350,    0,    0,   60,   80,    0,    0,    0,    0, -999,  23.70,  23.98,  24.10,  23.98,  24.13,  23.84,  23.51,  23.45,  23.61,  23.94,  24.15,  23.76,  23.76,  23.73,  23.64,  22.49,  22.43,  22.28,  22.03,  21.77,  21.67,  22.07,  21.97,  21.90,  22.03,  22.07,  21.96,  21.84,  21.82,  21.53,  21.50
20120921, 0600,  , TS, 35.4N,  27.4W,  55,  984,  180,  150,  200,  350,    0,    0,   50,   80,    0,    0,    0,    0, -999,  23.96,  24.20,  24.24,  24.30,  24.47,  24.32,  23.93,  23.74,  23.92,  24.26,  24.38,  23.77,  23.80,  24.07,  23.98,  23.29,  22.78,  22.75,  22.59,  22.16,  22.06,  22.42,  22.37,  22.34,  22.41,  22.46,  22.40,  22.37,  22.35,  21.68,  21.72
20120921, 1200,  , TS, 34.6N,  27.3W,  50,  984,  180,  150,  200,  320,    0,    0,   50,   80,    0,    0,    0,    0, -999,  24.77,  25.06,  25.09,  25.05,  25.22,  24.92,  24.81,  24.56,  24.56,  24.76,  24.80,  24.47,  24.47,  24.73,  24.74,  24.22,  23.30,  22.99,  22.46,  22.38,  22.64,  22.79,  22.66,  22.60,  22.62,  22.65,  22.58,  22.52,  22.40,  21.94,  21.98
20120921, 1800,  , LO, 33.6N,  27.2W,  50,  984,  180,  150,  200,  300,    0,    0,   50,   70,    0,    0,    0,    0, -999,  24.90,  25.07,  25.27,  25.27,  25.24,  25.02,  25.21,  25.16,  25.12,  25.03,  24.95,  24.88,  24.96,  25.06,  25.05,  24.78,  23.97,  23.72,  23.26,  23.15,  23.14,  23.18,  23.10,  23.00,  22.94,  22.98,  22.99,  22.90,  22.56,  22.39,  22.69
20120922, 0000,  , LO, 32.5N,  26.9W,  45,  985,  180,  150,  200,  280,    0,    0,    0,    0,    0,    0,    0,    0, -999,  25.90,  26.16,  26.39,  26.27,  25.74,  25.86,  25.79,  25.61,  25.44,  25.15,  24.96,  25.04,  25.16,  25.07,  25.06,  24.99,  24.14,  24.12,  24.05,  23.90,  23.73,  23.71,  23.68,  23.70,  23.74,  23.72,  23.72,  23.69,  23.69,  23.69,  23.60
20120922, 0600,  , LO, 31.8N,  26.7W,  45,  986,  200,  150,  180,  240,    0,    0,    0,    0,    0,    0,    0,    0, -999,  26.32,  26.64,  26.68,  26.59,  26.14,  26.30,  26.02,  25.80,  25.71,  25.47,  25.24,  25.26,  25.34,  25.20,  25.19,  25.20,  24.24,  24.15,  23.95,  24.15,  23.89,  23.73,  23.74,  23.78,  23.81,  23.72,  23.73,  23.67,  23.76,  23.74,  23.78
20120922, 1200,  , LO, 31.0N,  26.4W,  45,  987,  220,  120,  160,  240,    0,    0,    0,    0,    0,    0,    0,    0, -999,  27.11,  27.31,  27.13,  27.14,  26.83,  26.81,  26.49,  26.25,  26.27,  26.04,  25.80,  25.79,  25.86,  25.87,  25.73,  25.46,  24.66,  24.51,  24.40,  24.33,  24.26,  24.35,  24.36,  24.30,  24.35,  24.31,  24.33,  24.26,  24.38,  24.49,  24.35
20120922, 1800,  , LO, 30.5N,  26.2W,  45,  987,  220,  120,  150,  240,    0,    0,    0,    0,    0,    0,    0,    0, -999,  27.05,  27.32,  27.28,  27.46,  27.13,  26.95,  26.64,  26.30,  26.37,  26.04,  25.80,  25.89,  25.94,  25.97,  25.91,  25.70,  24.92,  24.60,  24.48,  24.37,  24.32,  24.36,  24.38,  24.28,  24.35,  24.24,  24.34,  24.52,  24.46,  24.34,  24.27
20120923, 0000,  , TS, 30.4N,  25.9W,  45,  987,  220,  120,  150,  240,    0,    0,    0,    0,    0,    0,    0,    0, -999,  27.17,  27.17,  27.32,  27.06,  26.94,  26.63,  26.29,  26.35,  26.00,  25.78,  25.91,  25.97,  25.98,  25.92,  25.75,  24.86,  24.47,  24.36,  24.13,  24.17,  24.13,  24.10,  24.07,  24.12,  24.07,  24.21,  24.46,  24.43,  24.38,  24.32,  24.43
20120923, 0600,  , TS, 30.4N,  25.6W,  50,  987,  220,  120,  150,  240,   40,    0,    0,   40,    0,    0,    0,    0, -999,  26.99,  27.05,  27.19,  26.99,  26.88,  26.58,  26.33,  26.37,  26.05,  25.78,  25.90,  25.99,  25.95,  25.86,  25.69,  24.73,  24.31,  24.22,  24.15,  24.21,  24.05,  23.96,  24.00,  24.13,  24.14,  24.31,  24.60,  24.61,  24.51,  24.41,  24.55
20120923, 1200,  , TS, 30.6N,  25.4W,  50,  987,  200,  140,  140,  200,   40,    0,    0,   40,    0,    0,    0,    0, -999,  26.76,  26.84,  26.90,  26.72,  26.73,  26.46,  26.25,  26.29,  25.97,  25.74,  25.83,  25.91,  25.85,  25.72,  25.52,  24.49,  24.11,  23.98,  23.95,  24.13,  24.01,  23.97,  24.06,  24.21,  24.34,  24.42,  24.54,  24.78,  24.78,  24.66,  24.83
20120923, 1800,  , TS, 30.9N,  25.8W,  50,  988,  200,  140,  120,  200,   40,    0,    0,   40,    0,    0,    0,    0, -999,  27.01,  26.99,  26.97,  26.70,  26.78,  26.45,  26.20,  26.23,  25.99,  25.76,  25.73,  25.80,  25.83,  25.68,  25.42,  24.49,  24.08,  23.94,  23.88,  23.78,  23.83,  23.79,  23.83,  23.89,  23.92,  23.96,  24.05,  24.16,  24.14,  24.07,  24.25
20120924, 0000,  , TS, 31.1N,  26.2W,  45,  990,  200,  140,  120,  200,    0,    0,    0,    0,    0,    0,    0,    0, -999,  27.07,  27.08,  26.95,  26.82,  26.38,  26.14,  26.17,  25.97,  25.66,  25.63,  25.71,  25.72,  25.58,  25.31,  24.43,  24.21,  24.16,  24.26,  24.08,  24.09,  24.06,  24.04,  24.07,  24.07,  24.13,  24.04,  24.10,  24.13,  24.06,  24.13,  23.91
20120924, 0600,  , TS, 31.3N,  26.7W,  45,  992,  180,  140,  100,  200,    0,    0,    0,    0,    0,    0,    0,    0, -999,  27.00,  27.01,  26.77,  26.80,  26.38,  26.12,  26.06,  25.91,  25.57,  25.54,  25.60,  25.50,  25.43,  25.30,  24.36,  24.18,  24.03,  24.21,  24.06,  23.99,  24.00,  23.99,  23.99,  23.93,  23.95,  23.81,  23.91,  23.96,  23.90,  23.89,  23.76
20120924, 1200,  , TS, 31.5N,  27.4W,  45,  995,  150,  140,   90,  180,    0,    0,    0,    0,    0,    0,    0,    0, -999,  26.61,  26.62,  26.23,  26.23,  26.07,  25.91,  25.76,  25.61,  25.39,  25.39,  25.42,  25.28,  25.25,  25.29,  24.29,  23.87,  23.43,  23.47,  23.65,  23.71,  23.82,  23.76,  23.77,  23.71,  23.67,  23.63,  23.76,  23.74,  23.72,  23.68,  23.56
20120924, 1800,  , TS, 31.8N,  28.1W,  45,  996,  150,  120,   90,  160,    0,    0,    0,    0,    0,    0,    0,    0, -999,  26.06,  26.00,  25.86,  25.57,  25.42,  25.39,  25.31,  25.15,  25.09,  25.12,  25.18,  25.13,  25.01,  24.86,  23.98,  23.84,  23.54,  23.22,  23.24,  23.35,  23.42,  23.38,  23.44,  23.44,  23.39,  23.39,  23.46,  23.38,  23.31,  23.34,  23.22
20120925, 0000,  , TS, 32.1N,  28.8W,  40,  996,  150,   90,   90,  160,    0,    0,    0,    0,    0,    0,    0,    0, -999,  26.22,  25.73,  25.48,  25.45,  25.46,  25.42,  25.13,  25.06,  25.01,  25.07,  25.05,  24.89,  24.48,  23.95,  23.80,  23.28,  22.80,  22.86,  23.02,  23.12,  23.15,  23.22,  23.24,  23.22,  23.23,  23.27,  23.25,  23.22,  23.22,  23.09,  22.97
20120925, 0600,  , TS, 32.1N,  29.5W,  40,  996,  150,   90,   90,  160,    0,    0,    0,    0,    0,    0,    0,    0, -999,  26.57,  25.90,  25.73,  25.76,  25.82,  25.78,  25.39,  25.33,  25.22,  25.17,  25.21,  25.04,  24.44,  24.11,  24.03,  23.25,  22.89,  22.82,  23.10,  23.22,  23.22,  23.28,  23.34,  23.52,  23.59,  23.50,  23.49,  23.45,  23.44,  23.26,  23.17
20120925, 1200,  , TS, 32.0N,  29.9W,  40,  997,  150,   90,   90,  160,    0,    0,    0,    0,    0,    0,    0,    0, -999,  26.64,  25.93,  25.75,  25.77,  25.80,  25.76,  25.40,  25.38,  25.21,  25.10,  25.16,  25.02,  24.39,  24.11,  24.07,  23.25,  22.92,  22.87,  23.08,  23.23,  23.20,  23.25,  23.34,  23.55,  23.61,  23.50,  23.43,  23.39,  23.37,  23.21,  23.10
20120925, 1800,  , TS, 31.7N,  30.1W,  40,  997,  120,   90,   90,  160,    0,    0,    0,    0,    0,    0,    0,    0, -999,  26.64,  26.24,  26.01,  25.91,  25.88,  25.84,  25.48,  25.50,  25.31,  25.26,  25.23,  25.12,  24.55,  24.31,  24.32,  23.48,  23.10,  22.85,  22.87,  23.07,  23.20,  23.40,  23.48,  23.69,  23.79,  23.66,  23.57,  23.48,  23.43,  23.31,  23.23
20120926, 0000,  , TS, 31.4N,  30.3W,  40,  998,  100,   90,   90,  140,    0,    0,    0,    0,    0,    0,    0,    0, -999,  26.47,  26.22,  26.14,  26.10,  26.01,  25.59,  25.62,  25.43,  25.44,  25.37,  25.34,  24.85,  24.67,  24.67,  23.87,  23.44,  23.09,  23.00,  23.21,  23.41,  23.61,  23.63,  23.80,  23.85,  23.70,  23.63,  23.60,  23.56,  23.46,  23.36,  23.50
20120926, 0600,  , TS, 31.1N,  30.4W,  40,  998,  100,   90,   90,  100,    0,    0,    0,    0,    0,    0,    0,    0, -999,  26.70,  26.43,  26.41,  26.34,  26.25,  25.78,  25.78,  25.62,  25.72,  25.63,  25.60,  25.18,  24.97,  24.95,  24.19,  23.79,  23.47,  23.29,  23.46,  23.66,  23.86,  23.88,  24.00,  24.04,  23.92,  23.84,  23.82,  23.85,  23.71,  23.56,  23.67
20120926, 1200,  , TS, 30.7N,  30.5W,  45,  995,  100,   90,   90,  100,    0,    0,    0,    0,    0,    0,    0,    0, -999,  27.01,  26.76,  26.68,  26.60,  26.57,  26.05,  25.99,  25.86,  25.99,  25.94,  25.91,  25.54,  25.32,  25.16,  24.64,  24.33,  24.15,  23.97,  23.93,  24.07,  24.24,  24.23,  24.22,  24.33,  24.30,  24.18,  24.09,  24.15,  23.99,  23.78,  23.89
20120926, 1800,  , TS, 30.2N,  30.7W,  50,  993,  100,   90,   90,  100,   50,    0,    0,   50,    0,    0,    0,    0, -999,  27.22,  26.95,  26.79,  26.83,  26.83,  26.18,  26.12,  25.91,  26.01,  25.97,  25.91,  25.42,  25.24,  25.16,  24.66,  24.24,  24.03,  23.92,  23.88,  24.13,  24.32,  24.36,  24.33,  24.36,  24.34,  24.26,  24.18,  24.24,  24.06,  23.92,  24.00
20120927, 0000,  , TS, 29.6N,  31.0W,  50,  993,  110,   60,   80,  120,   50,    0,    0,   50,    0,    0,    0,    0, -999,  27.00,  27.04,  27.09,  27.11,  26.51,  26.47,  26.35,  26.34,  26.36,  26.18,  25.64,  25.46,  25.15,  24.87,  24.66,  24.67,  24.53,  24.52,  24.73,  24.87,  24.94,  24.90,  25.04,  25.07,  24.97,  24.85,  24.93,  24.82,  24.73,  24.62,  24.62
20120927, 0600,  , TS, 29.1N,  31.4W,  50,  993,  110,   60,   80,  120,   50,    0,    0,   50,    0,    0,    0,    0, -999,  27.24,  27.35,  27.29,  27.28,  26.72,  26.67,  26.56,  26.58,  26.61,  26.45,  26.04,  25.69,  25.57,  25.42,  25.33,  25.27,  25.01,  25.02,  25.05,  25.06,  25.20,  25.16,  25.18,  25.12,  25.08,  25.06,  25.12,  25.04,  24.97,  24.89,  24.88
20120927, 1200,  , TS, 28.7N,  31.9W,  50,  993,  110,   60,   80,  120,   50,    0,    0,   50,    0,    0,    0,    0, -999,  27.33,  27.46,  27.29,  27.21,  26.89,  26.87,  26.79,  26.81,  26.84,  26.57,  26.31,  26.03,  25.97,  25.86,  25.71,  25.53,  25.36,  25.33,  25.32,  25.36,  25.49,  25.51,  25.50,  25.14,  25.09,  25.17,  25.19,  25.13,  25.19,  25.13,  25.08
20120927, 1800,  , TS, 28.5N,  32.5W,  55,  993,  120,   80,   80,  120,   50,    0,    0,   50,    0,    0,    0,    0, -999,  27.25,  27.26,  27.13,  27.03,  26.85,  26.85,  26.76,  26.76,  26.79,  26.68,  26.34,  25.98,  25.84,  25.67,  25.54,  25.38,  25.09,  25.05,  25.07,  25.12,  25.19,  25.02,  24.99,  24.54,  24.61,  24.83,  24.99,  24.85,  24.80,  24.70,  24.66
20120928, 0000,  , TS, 28.5N,  33.2W,  55,  993,  120,   80,   80,  120,   50,    0,    0,   50,    0,    0,    0,    0, -999,  27.17,  27.08,  26.97,  26.87,  26.89,  26.82,  26.79,  26.75,  26.63,  26.35,  25.98,  25.83,  25.58,  25.48,  25.38,  25.06,  25.04,  25.08,  25.17,  25.26,  25.20,  25.16,  24.85,  24.88,  25.09,  25.37,  24.92,  24.86,  24.81,  24.80,  24.50
20120928, 0600,  , TS, 28.7N,  33.9W,  60,  991,  120,   80,   80,  100,   50,    0,    0,   50,    0,    0,    0,    0, -999,  27.16,  27.07,  26.90,  26.62,  26.68,  26.74,  26.75,  26.70,  26.50,  26.28,  26.08,  26.02,  25.67,  25.62,  25.65,  25.52,  25.47,  25.38,  25.38,  25.43,  25.52,  25.58,  25.12,  25.00,  25.22,  25.55,  25.25,  25.03,  24.93,  24.90,  24.32
20120928, 1200,  , HU, 29.2N,  34.4W,  65,  988,  120,   70,   70,   90,   40,   30,   30,   40,   25,    0,    0,    0, -999,  27.17,  27.12,  27.13,  26.32,  26.25,  26.29,  26.45,  26.40,  26.20,  26.01,  25.76,  25.75,  25.08,  24.94,  24.89,  24.95,  25.00,  25.04,  25.00,  25.10,  24.86,  24.90,  24.75,  24.67,  24.80,  24.85,  24.76,  24.55,  24.52,  24.65,  24.15
20120928, 1800,  , HU, 29.7N,  34.8W,  65,  988,  120,   70,   70,   90,   40,   30,   30,   40,   25,    0,    0,    0, -999,  27.09,  27.03,  27.06,  25.93,  25.93,  25.93,  26.12,  26.05,  25.90,  25.67,  25.45,  25.41,  24.73,  24.64,  24.49,  24.45,  24.63,  24.89,  24.76,  24.80,  24.50,  24.46,  24.41,  24.37,  24.48,  24.41,  24.46,  24.15,  24.04,  24.36,  24.22
20120929, 0000,  , HU, 30.5N,  35.3W,  65,  988,  100,   70,   60,   80,   40,   30,   30,   40,   25,    0,    0,    0, -999,  27.00,  26.71,  25.55,  25.29,  25.09,  25.29,  25.32,  25.24,  25.04,  25.01,  24.96,  24.44,  24.37,  24.29,  24.23,  24.45,  24.73,  24.68,  24.65,  24.43,  24.23,  24.04,  23.99,  24.09,  24.08,  24.05,  23.84,  23.74,  24.02,  23.97,  23.80
20120929, 0600,  , HU, 31.4N,  35.7W,  65,  988,  100,   70,   60,   80,   40,   30,   30,   40,   25,    0,    0,    0, -999,  26.91,  26.69,  25.62,  24.39,  24.28,  24.35,  24.59,  24.52,  24.40,  24.43,  24.33,  23.79,  23.70,  23.78,  23.91,  24.11,  24.21,  24.25,  24.23,  24.01,  23.93,  23.93,  23.85,  23.88,  23.79,  23.68,  23.60,  23.18,  22.95,  23.33,  23.44
20120929, 1200,  , HU, 32.6N,  36.1W,  65,  988,  100,   70,   60,   80,   40,   30,   30,   40,   25,   20,    0,    0, -999,  26.35,  26.29,  25.09,  24.11,  24.21,  24.26,  24.45,  24.52,  24.36,  24.53,  24.58,  24.06,  23.97,  23.81,  23.82,  23.89,  23.94,  23.99,  23.90,  23.78,  23.60,  23.58,  23.47,  23.42,  23.34,  23.21,  23.30,  23.23,  23.30,  23.45,  23.49
20120929, 1800,  , HU, 33.8N,  36.6W,  70,  986,  100,   70,   60,   80,   40,   30,   30,   40,   25,   20,    0,    0, -999,  25.65,  25.75,  25.69,  24.52,  24.01,  24.26,  24.70,  24.72,  24.45,  24.35,  24.34,  24.32,  24.20,  23.82,  23.82,  23.54,  23.57,  23.76,  23.81,  23.72,  23.32,  23.32,  23.13,  23.03,  23.00,  22.76,  22.50,  22.55,  22.50,  22.71,  22.92
20120930, 0000,  , HU, 35.0N,  37.1W,  75,  983,  100,   70,   60,   80,   40,   30,   30,   40,   25,   20,    0,    0, -999,  25.27,  25.05,  24.95,  24.19,  24.13,  24.55,  24.54,  24.35,  24.26,  24.10,  24.20,  24.25,  24.06,  24.25,  24.11,  23.64,  23.58,  23.28,  23.13,  23.12,  23.11,  22.98,  22.82,  22.81,  22.89,  22.67,  22.68,  22.65,  22.71,  22.93,  22.66
20120930, 0600,  , HU, 36.0N,  37.6W,  75,  982,  100,   70,   60,   80,   40,   30,   30,   40,   25,   20,    0,    0, -999,  24.88,  24.83,  24.84,  24.24,  23.89,  23.85,  23.83,  23.69,  23.73,  23.65,  23.57,  23.41,  23.29,  23.35,  23.22,  22.44,  21.93,  21.99,  21.92,  22.03,  22.13,  22.20,  22.21,  22.24,  22.21,  22.23,  22.22,  22.07,  21.91,  21.90,  21.90
20120930, 1200,  , HU, 36.8N,  38.3W,  80,  978,  100,   70,   60,   80,   40,   30,   30,   40,   25,   20,   10,   20, -999,  24.81,  24.68,  24.60,  24.28,  24.17,  23.94,  23.60,  23.43,  23.35,  23.29,  23.34,  23.31,  23.33,  22.99,  23.09,  22.89,  21.66,  21.55,  21.51,  21.74,  21.91,  22.01,  22.01,  21.99,  21.95,  22.04,  21.99,  21.94,  21.72,  21.77,  21.50
20120930, 1800,  , HU, 37.2N,  38.9W,  80,  978,  110,   90,   70,   80,   50,   40,   40,   40,   30,   25,   20,   25, -999,  24.50,  24.42,  24.27,  24.04,  23.99,  23.75,  23.62,  23.52,  23.36,  23.45,  23.46,  23.36,  23.34,  23.20,  22.98,  22.40,  21.81,  21.82,  21.78,  22.13,  22.37,  22.42,  22.24,  22.06,  22.11,  22.43,  22.44,  22.41,  22.15,  21.98,  21.73
20121001, 0000,  , HU, 36.9N,  39.4W,  75,  980,  110,   90,   70,   80,   50,   40,   40,   40,   30,   25,   20,   25, -999,  24.88,  24.63,  24.40,  24.27,  24.03,  23.68,  23.36,  23.15,  23.12,  23.20,  23.17,  23.06,  22.79,  22.84,  22.22,  21.14,  21.17,  21.16,  21.16,  21.30,  21.44,  21.40,  21.27,  21.27,  21.64,  21.74,  21.84,  21.74,  21.77,  21.64,  21.83
20121001, 0600,  , HU, 36.4N,  39.4W,  65,  988,  110,   90,   80,   90,   50,   40,   40,   50,   30,    0,    0,    0, -999,  25.00,  24.78,  24.49,  24.37,  24.34,  23.95,  23.62,  23.44,  23.29,  23.36,  23.39,  23.26,  22.81,  22.95,  22.69,  21.47,  21.39,  21.41,  21.23,  21.23,  21.33,  21.47,  21.40,  21.40,  21.82,  22.09,  22.04,  21.76,  21.58,  21.62,  21.87
20121001, 1200,  , TS, 35.9N,  39.4W,  60,  991,  110,   90,   90,   90,   50,   50,   40,   50,    0,    0,    0,    0, -999,  25.11,  24.87,  24.52,  24.38,  24.37,  24.01,  23.80,  23.76,  23.56,  23.60,  23.51,  23.26,  22.89,  23.01,  23.18,  22.16,  22.08,  22.08,  21.84,  21.59,  21.48,  21.48,  21.39,  21.27,  21.66,  22.17,  22.14,  21.87,  21.65,  21.82,  22.01
20121001, 1800,  , TS, 35.4N,  39.4W,  55,  995,  110,   90,   90,   90,   50,   50,   40,   50,    0,    0,    0,    0, -999,  25.12,  24.79,  24.44,  24.30,  24.29,  24.26,  24.12,  24.13,  23.85,  23.78,  23.52,  23.28,  23.17,  23.34,  23.37,  22.63,  22.36,  22.13,  22.02,  21.97,  21.89,  21.87,  21.77,  21.52,  21.50,  21.77,  21.94,  21.67,  21.67,  21.87,  21.94
20121002, 0000,  , TS, 34.8N,  39.1W,  55,  995,  100,   90,   90,  100,   40,   40,   40,   40,    0,    0,    0,    0, -999,  24.81,  24.62,  24.59,  24.71,  24.76,  24.44,  24.42,  24.12,  24.03,  23.82,  23.54,  23.54,  23.67,  23.53,  23.23,  22.75,  22.45,  22.61,  22.72,  22.60,  22.54,  22.41,  22.23,  21.94,  22.22,  22.28,  22.05,  22.03,  22.00,  22.04,  22.06
20121002, 0600,  , TS, 34.5N,  38.5W,  55,  995,  100,   90,   90,  100,   40,   40,   40,   40,    0,    0,    0,    0, -999,  24.93,  24.71,  24.67,  24.99,  24.92,  24.60,  24.55,  24.23,  24.03,  24.02,  23.78,  23.86,  23.82,  23.73,  23.68,  23.09,  22.74,  22.92,  23.00,  22.90,  22.76,  22.61,  22.48,  22.07,  22.34,  22.48,  22.36,  22.51,  22.32,  22.39,  22.30
20121002, 1200,  , TS, 34.3N,  37.9W,  55,  995,   70,   80,   90,   70,   20,   40,   30,   20,    0,    0,    0,    0, -999,  25.54,  25.20,  25.10,  25.46,  25.36,  25.13,  25.06,  24.75,  24.53,  24.38,  24.03,  24.22,  24.06,  23.87,  23.91,  23.47,  23.18,  22.74,  22.69,  22.66,  22.59,  22.59,  22.52,  22.12,  22.27,  22.38,  22.37,  22.87,  22.72,  22.71,  22.61
20121002, 1800,  , TS, 34.3N,  37.1W,  55,  995,   70,   80,   80,   70,   20,   40,   30,   20,    0,    0,    0,    0, -999,  25.11,  24.62,  24.75,  25.16,  25.17,  24.95,  24.82,  24.62,  24.62,  24.53,  24.12,  24.21,  24.04,  24.00,  24.14,  24.05,  23.88,  23.28,  23.17,  23.05,  22.96,  22.93,  22.73,  22.32,  22.43,  22.51,  22.78,  23.27,  23.22,  23.05,  22.85
20121003, 0000,  , TS, 34.4N,  36.2W,  50,  998,   70,   80,   80,   60,   20,   30,    0,    0,    0,    0,    0,    0, -999,  24.03,  23.84,  24.09,  24.21,  23.89,  23.76,  23.61,  23.48,  23.36,  23.05,  23.04,  22.96,  22.94,  23.09,  23.15,  23.02,  22.69,  22.68,  22.56,  22.44,  22.40,  22.39,  22.11,  22.39,  22.54,  22.72,  22.76,  22.73,  22.55,  22.40,  22.33
20121003, 0600,  , TS, 34.6N,  35.3W,  45, 1000,   70,   80,   80,   60,    0,    0,    0,    0,    0,    0,    0,    0, -999,  24.36,  24.03,  24.09,  24.09,  23.81,  23.72,  23.50,  23.22,  23.15,  22.97,  22.91,  23.01,  23.11,  23.11,  23.13,  23.10,  22.65,  22.64,  22.59,  22.47,  22.46,  22.56,  22.40,  22.57,  22.59,  22.66,  22.61,  22.60,  22.50,  22.34,  22.37
20121003, 1200,  , TS, 34.9N,  34.0W,  45, 1000,   90,   90,   90,   60,    0,    0,    0,    0,    0,    0,    0,    0, -999,  24.76,  24.71,  23.84,  23.41,  23.04,  23.10,  23.09,  22.86,  22.90,  22.87,  22.72,  22.61,  22.68,  22.88,  23.05,  22.96,  22.49,  22.46,  22.41,  22.28,  22.22,  22.16,  21.90,  22.07,  22.07,  22.08,  22.25,  22.29,  22.24,  21.99,  22.24
20121003, 1800,  , TS, 35.4N,  32.5W,  40, 1000,   90,  120,   90,   60,    0,    0,    0,    0,    0,    0,    0,    0, -999,  22.95,  22.79,  22.23,  21.95,  22.00,  22.03,  22.06,  21.79,  21.73,  21.71,  21.65,  21.61,  21.52,  21.62,  21.50,  21.17,  21.36,  21.66,  21.69,  21.59,  21.59,  21.52,  21.45,  22.03,  21.82,  21.59,  21.45,  21.76,  21.88,  21.66,  21.73
20121004, 0000,  , LO, 36.3N,  30.9W,  40,  998,  100,  180,  100,   60,    0,    0,    0,    0,    0,    0,    0,    0, -999,  23.21,  22.21,  21.24,  21.17,  21.33,  21.48,  21.34,  21.20,  21.25,  21.26,  21.20,  21.06,  20.88,  20.91,  20.91,  20.89,  20.98,  20.96,  20.89,  20.89,  20.72,  20.69,  21.07,  21.11,  20.92,  21.24,  21.16,  21.16,  20.88,  20.67,  20.83
20121004, 0600,  , LO, 37.6N,  29.1W,  40,  996,  100,  180,  100,   60,    0,    0,    0,    0,    0,    0,    0,    0, -999,  22.73,  22.66,  21.82,  21.84,  21.96,  21.98,  21.94,  21.51,  21.53,  21.56,  21.59,  21.69,  21.55,  21.52,  21.43,  21.41,  21.24,  21.14,  21.18,  21.15,  21.03,  21.02,  20.95,  20.99,  21.16,  21.27,  21.16,  20.79,  20.65,  20.57,  20.54
