AL162003,               KATE,     58,
20030925, 1800,  , TD, 11.8N,  37.7W,  30, 1008, -999, -999, -999, -999, -999, -999, -999, -999, -999, -999, -999, -999, -999,  27.15,  27.33,  27.84,  27.76,  27.83,  27.80,  28.02,  27.81,  27.66,  27.43,  27.81,  28.07,  27.23,  27.43,  27.68,  28.42,  28.29,  28.10,  28.15,  28.16,  28.23,  28.23,  28.09,  28.02,  27.96,  27.46,  27.23,  27.65,  27.93,  27.98,  28.28
20030926, 0000,  , TD, 12.8N,  38.5W,  30, 1008, -999, -999, -999, -999, -999, -999, -999, -999, -999, -999, -999, -999, -999,  26.68,  27.04,  28.19,  28.15,  28.10,  28.25,  28.23,  28.17,  27.65,  27.85,  28.11,  27.35,  27.25,  27.86,  28.05,  28.42,  28.50,  28.50,  28.26,  28.20,  28.17,  28.11,  27.98,  27.94,  27.48,  26.88,  26.84,  27.58,  27.85,  28.26,  28.40
20030926, 0600,  , TD, 14.0N,  39.4W,  30, 1008, -999, -999, -999, -999, -999, -999, -999, -999, -999, -999, -999, -999, -999,  26.58,  27.06,  28.24,  27.98,  27.94,  28.09,  28.15,  28.18,  27.77,  27.75,  27.77,  27.48,  27.56,  28.50,  28.74,  28.41,  28.28,  28.30,  28.20,  28.19,  28.30,  28.31,  28.21,  28.11,  28.07,  27.31,  27.08,  27.99,  28.08,  28.28,  28.33
20030926, 1200,  , TD, 15.2N,  40.2W,  30, 1007, -999, -999, -999, -999, -999, -999, -999, -999, -999, -999, -999, -999, -999,  27.71,  27.74,  27.97,  27.92,  27.91,  27.91,  27.74,  27.70,  27.66,  27.44,  27.50,  27.78,  27.91,  28.31,  28.34,  28.05,  27.95,  27.99,  27.88,  27.85,  28.00,  28.11,  28.33,  28.06,  27.92,  27.92,  28.02,  28.22,  28.25,  28.33,  28.33
20030926, 1800,  , TD, 16.6N,  41.0W,  30, 1007, -999, -999, -999, -999, -999, -999, -999, -999, -999, -999, -999, -999, -999,  27.74,  27.71,  27.72,  27.87,  27.79,  27.12,  27.09,  27.26,  27.21,  26.95,  26.96,  27.18,  27.23,  27.58,  27.69,  27.50,  27.57,  27.54,  27.60,  27.41,  28.07,  28.16,  28.55,  27.99,  27.78,  27.71,  27.33,  27.48,  27.93,  28.34,  28.46
20030927, 0000,  , TD, 18.0N,  41.8W,  30, 1007, -999, -999, -999, -999, -999, -999, -999, -999, -999, -999, -999, -999, -999,  27.53,  27.50,  27.64,  26.32,  25.89,  26.44,  27.01,  27.04,  26.49,  26.51,  27.28,  27.42,  27.35,  27.31,  27.37,  27.43,  27.16,  27.45,  27.53,  27.72,  27.70,  27.66,  27.77,  27.79,  27.09,  26.83,  27.12,  27.87,  28.00,  28.04,  27.23
20030927, 0600,  , TD, 19.2N,  43.0W,  30, 1007, -999, -999, -999, -999, -999, -999, -999, -999, -999, -999, -999, -999, -999,  27.93,  27.90,  27.92,  26.74,  26.84,  26.93,  27.21,  27.24,  26.74,  26.73,  27.06,  27.14,  26.47,  26.39,  26.51,  26.61,  27.62,  27.51,  27.29,  27.52,  27.59,  27.57,  27.73,  27.58,  27.62,  27.74,  27.76,  27.72,  27.40,  27.28,  27.08
20030927, 1200,  , TD, 20.0N,  43.8W,  30, 1007, -999, -999, -999, -999, -999, -999, -999, -999, -999, -999, -999, -999, -999,  28.20,  28.10,  28.13,  26.67,  26.62,  26.67,  26.85,  27.07,  26.82,  26.71,  26.77,  26.78,  26.55,  26.63,  26.91,  26.92,  27.63,  27.59,  27.55,  27.52,  27.54,  27.61,  27.66,  27.63,  27.66,  28.00,  27.94,  27.65,  27.13,  26.99,  27.27
20030927, 1800,  , TS, 21.0N,  44.2W,  35, 1005, -999, -999, -999, -999, -999, -999, -999, -999, -999, -999, -999, -999, -999,  28.52,  28.21,  28.14,  26.72,  26.63,  26.50,  26.60,  27.04,  26.98,  27.09,  27.34,  27.36,  26.92,  26.97,  27.20,  27.26,  28.01,  27.94,  27.73,  27.64,  27.72,  27.70,  27.70,  27.62,  27.65,  27.74,  27.58,  27.43,  27.11,  27.20,  27.29
20030928, 0000,  , TS, 22.0N,  44.5W,  45, 1000, -999, -999, -999, -999, -999, -999, -999, -999, -999, -999, -999, -999, -999,  28.02,  28.01,  26.86,  26.86,  26.77,  26.77,  27.17,  27.05,  27.29,  27.30,  27.30,  27.04,  27.09,  27.32,  27.43,  28.09,  28.23,  28.10,  28.03,  28.04,  27.93,  28.00,  27.86,  27.86,  27.91,  27.73,  27.56,  27.38,  27.69,  27.75,  27.78
20030928, 0600,  , TS, 23.0N,  44.3W,  50,  997, -999, -999, -999, -999, -999, -999, -999, -999, -999, -999, -999, -999, -999,  27.60,  27.46,  27.38,  27.51,  27.24,  27.20,  27.55,  27.44,  27.63,  26.93,  26.66,  26.93,  27.30,  27.84,  27.97,  27.99,  28.01,  28.11,  28.13,  28.13,  27.65,  27.55,  27.50,  27.52,  27.70,  27.63,  27.52,  27.49,  27.61,  27.82,  28.05
20030928, 1200,  , TS, 23.9N,  43.6W,  50,  997, -999, -999, -999, -999, -999, -999, -999, -999, -999, -999, -999, -999, -999,  27.72,  27.69,  27.39,  27.29,  26.96,  26.99,  27.54,  27.68,  27.63,  27.06,  26.84,  26.78,  26.92,  27.29,  27.52,  27.52,  27.63,  27.95,  28.06,  28.06,  27.65,  27.81,  27.42,  27.36,  27.81,  27.79,  27.60,  27.64,  27.75,  28.09,  28.33
20030928, 1800,  , TS, 24.8N,  42.6W,  50,  997, -999, -999, -999, -999, -999, -999, -999, -999, -999, -999, -999, -999, -999,  27.63,  27.28,  27.42,  27.33,  26.87,  27.32,  27.60,  27.84,  27.82,  27.27,  27.26,  26.89,  26.67,  26.93,  27.00,  27.00,  27.09,  27.60,  27.61,  27.54,  26.93,  26.89,  26.94,  27.22,  27.34,  27.27,  27.24,  27.31,  27.33,  27.74,  27.59
20030929, 0000,  , TS, 26.1N,  41.3W,  50,  997, -999, -999, -999, -999, -999, -999, -999, -999, -999, -999, -999, -999, -999,  27.08,  27.07,  26.78,  26.74,  27.35,  27.49,  27.78,  27.45,  27.25,  27.23,  27.37,  26.59,  26.60,  26.55,  26.67,  27.20,  27.37,  27.44,  27.37,  26.93,  26.53,  26.57,  27.12,  27.33,  27.16,  27.17,  27.11,  27.10,  27.41,  27.31,  26.83
20030929, 0600,  , TS, 27.2N,  39.9W,  55,  994, -999, -999, -999, -999, -999, -999, -999, -999, -999, -999, -999, -999, -999,  27.55,  27.52,  27.54,  27.34,  27.93,  28.20,  28.51,  27.57,  27.44,  27.38,  27.36,  27.13,  27.06,  26.65,  26.53,  27.26,  27.34,  27.38,  27.29,  27.22,  26.69,  26.83,  27.10,  27.12,  26.88,  26.84,  26.99,  27.21,  27.15,  26.99,  26.64
20030929, 1200,  , TS, 28.3N,  38.2W,  55,  991, -999, -999, -999, -999, -999, -999, -999, -999, -999, -999, -999, -999, -999,  27.23,  27.23,  27.30,  27.50,  27.49,  27.51,  27.58,  27.46,  27.35,  27.51,  27.36,  27.32,  27.27,  26.90,  26.72,  26.43,  26.42,  26.44,  26.51,  26.53,  26.73,  26.22,  25.96,  25.90,  26.03,  26.03,  26.06,  26.17,  26.05,  25.98,  25.62
20030929, 1800,  , HU, 29.2N,  36.8W,  65,  987, -999, -999, -999, -999, -999, -999, -999, -999, -999, -999, -999, -999, -999,  26.77,  27.04,  27.15,  27.14,  27.14,  27.38,  27.50,  27.38,  27.02,  27.22,  27.22,  27.01,  26.97,  26.87,  26.81,  25.76,  25.71,  25.77,  25.89,  25.91,  25.54,  25.37,  25.31,  25.30,  25.50,  25.48,  25.55,  25.56,  25.56,  25.17,  24.95
20030930, 0000,  , HU, 30.0N,  35.4W,  65,  987, -999, -999, -999, -999, -999, -999, -999, -999, -999, -999, -999, -999, -999,  26.97,  27.21,  26.85,  26.84,  26.97,  27.13,  27.20,  26.37,  26.46,  26.41,  26.58,  26.56,  26.50,  26.51,  24.74,  24.72,  25.07,  25.19,  25.18,  24.78,  24.57,  24.61,  24.67,  24.99,  25.09,  25.22,  25.07,  24.99,  24.74,  24.81,  24.77
20030930, 0600,  , TS, 30.8N,  34.8W,  55,  992, -999, -999, -999, -999, -999, -999, -999, -999, -999, -999, -999, -999, -999,  26.76,  26.99,  26.73,  26.73,  26.84,  27.11,  27.16,  26.19,  26.18,  26.21,  26.33,  26.28,  26.37,  26.37,  24.91,  24.69,  24.78,  25.02,  25.03,  24.27,  24.15,  24.23,  24.29,  24.48,  24.52,  24.55,  24.47,  24.47,  24.26,  24.25,  24.20
20030930, 1200,  , TS, 31.8N,  35.1W,  55,  992, -999, -999, -999, -999, -999, -999, -999, -999, -999, -999, -999, -999, -999,  26.56,  26.60,  26.61,  26.61,  26.59,  26.61,  26.63,  26.24,  26.32,  26.53,  26.55,  26.09,  26.08,  26.08,  25.72,  24.57,  24.40,  24.57,  24.60,  23.94,  23.81,  23.88,  23.94,  24.10,  24.15,  24.18,  23.99,  23.96,  23.52,  23.50,  23.60
20030930, 1800,  , TS, 32.6N,  36.0W,  50,  996, -999, -999, -999, -999, -999, -999, -999, -999, -999, -999, -999, -999, -999,  26.21,  26.25,  26.39,  26.45,  26.63,  26.73,  26.67,  26.47,  26.49,  26.39,  26.17,  25.92,  25.93,  25.72,  25.60,  24.51,  24.36,  24.24,  24.55,  24.67,  24.33,  24.20,  24.10,  24.25,  24.32,  24.40,  24.28,  24.17,  23.75,  23.79,  23.76
20031001, 0000,  , TS, 32.5N,  37.1W,  50,  997, -999, -999, -999, -999, -999, -999, -999, -999, -999, -999, -999, -999, -999,  26.28,  26.56,  26.63,  26.75,  26.78,  26.41,  26.51,  26.53,  26.39,  26.14,  26.04,  25.95,  25.67,  25.55,  24.90,  24.60,  24.45,  24.43,  24.62,  24.30,  24.33,  24.41,  24.42,  24.37,  24.29,  24.24,  24.25,  24.11,  24.07,  24.00,  24.06
20031001, 0600,  , TS, 32.4N,  38.3W,  50,  997, -999, -999, -999, -999, -999, -999, -999, -999, -999, -999, -999, -999, -999,  26.42,  26.43,  26.53,  26.59,  26.55,  26.01,  25.98,  26.21,  26.01,  25.90,  25.97,  25.88,  25.74,  25.71,  25.86,  25.06,  24.83,  24.59,  24.49,  24.23,  24.00,  24.18,  24.30,  24.18,  24.25,  24.30,  24.29,  24.10,  24.13,  24.18,  24.60
20031001, 1200,  , TS, 32.2N,  39.6W,  55,  994, -999, -999, -999, -999, -999, -999, -999, -999, -999, -999, -999, -999, -999,  26.18,  26.17,  26.20,  26.14,  26.06,  25.93,  26.04,  26.20,  26.05,  26.03,  26.15,  25.88,  25.71,  25.73,  25.74,  25.62,  25.33,  24.44,  24.30,  24.22,  24.29,  24.43,  24.44,  24.35,  24.89,  24.66,  24.17,  23.95,  24.03,  24.02,  23.95
20031001, 1800,  , HU, 31.7N,  40.9W,  65,  987, -999, -999, -999, -999, -999, -999, -999, -999, -999, -999, -999, -999, -999,  26.44,  26.35,  26.35,  26.44,  26.46,  26.49,  26.43,  26.46,  26.45,  25.98,  25.94,  25.76,  25.83,  25.98,  25.92,  25.82,  25.61,  24.45,  24.35,  24.17,  24.14,  24.20,  24.19,  24.29,  24.70,  24.17,  23.94,  23.86,  23.99,  24.11,  24.13
20031002, 0000,  , HU, 31.1N,  42.1W,  65,  987, -999, -999, -999, -999, -999, -999, -999, -999, -999, -999, -999, -999, -999,  26.67,  26.81,  26.73,  26.57,  26.75,  26.74,  26.81,  26.77,  26.21,  26.11,  26.14,  26.25,  26.27,  26.07,  26.03,  25.77,  24.52,  24.48,  24.44,  24.44,  24.72,  24.74,  24.77,  25.12,  25.24,  24.44,  24.42,  24.53,  24.58,  24.60,  24.48
20031002, 0600,  , HU, 30.3N,  43.0W,  75,  979, -999, -999, -999, -999, -999, -999, -999, -999, -999, -999, -999, -999, -999,  27.19,  27.26,  27.26,  27.10,  27.03,  27.18,  27.07,  27.03,  26.91,  26.78,  26.70,  26.64,  26.48,  26.24,  25.91,  25.53,  24.73,  24.53,  24.25,  24.23,  24.37,  24.46,  24.59,  24.68,  24.74,  24.31,  24.43,  24.63,  24.76,  24.64,  24.71
20031002, 1200,  , HU, 30.1N,  43.6W,  75,  979, -999, -999, -999, -999, -999, -999, -999, -999, -999, -999, -999, -999, -999,  27.36,  27.54,  27.57,  27.39,  27.25,  27.21,  27.11,  27.33,  27.25,  27.14,  27.06,  26.96,  26.75,  26.53,  26.34,  25.88,  25.06,  24.97,  24.82,  24.81,  24.60,  24.63,  24.83,  25.00,  25.03,  24.43,  24.36,  24.32,  24.31,  24.41,  24.53
20031002, 1800,  , HU, 29.9N,  44.7W,  80,  976, -999, -999, -999, -999, -999, -999, -999, -999, -999, -999, -999, -999, -999,  27.49,  27.86,  27.94,  27.64,  27.45,  27.21,  27.21,  27.30,  27.30,  27.40,  27.51,  27.38,  27.22,  27.06,  27.13,  27.19,  25.58,  25.47,  25.15,  25.12,  25.02,  25.12,  25.37,  25.51,  25.55,  24.75,  24.75,  24.77,  24.71,  24.90,  25.13
20031003, 0000,  , HU, 29.6N,  45.8W,  80,  976, -999, -999, -999, -999, -999, -999, -999, -999, -999, -999, -999, -999, -999,  27.93,  28.08,  27.81,  27.51,  27.97,  27.93,  27.76,  27.63,  27.63,  27.71,  27.36,  27.36,  27.31,  27.39,  27.43,  25.71,  25.73,  25.23,  25.39,  25.89,  25.95,  26.30,  26.48,  26.58,  26.00,  26.09,  26.19,  26.16,  25.97,  26.28,  26.27
20031003, 0600,  , HU, 29.4N,  46.9W,  90,  970, -999, -999, -999, -999, -999, -999, -999, -999, -999, -999, -999, -999, -999,  27.87,  28.39,  28.00,  27.77,  27.98,  27.86,  27.47,  27.46,  27.59,  27.53,  27.34,  27.23,  27.14,  27.49,  27.62,  25.65,  25.46,  25.14,  25.72,  26.02,  25.71,  25.69,  25.85,  26.04,  25.70,  25.67,  25.88,  26.04,  26.29,  26.41,  26.36
20031003, 1200,  , HU, 29.4N,  47.8W,  90,  970, -999, -999, -999, -999, -999, -999, -999, -999, -999, -999, -999, -999, -999,  27.95,  27.99,  27.56,  27.41,  27.69,  27.73,  27.57,  27.55,  27.49,  27.32,  27.15,  27.16,  27.01,  27.14,  27.38,  25.54,  25.47,  25.45,  25.57,  25.76,  25.53,  25.50,  25.85,  26.15,  25.90,  25.61,  25.82,  25.96,  25.98,  26.20,  26.27
20031003, 1800,  , HU, 29.6N,  49.1W, 100,  962, -999, -999, -999, -999, -999, -999, -999, -999, -999, -999, -999, -999, -999,  27.89,  27.96,  27.27,  27.42,  27.64,  27.11,  27.04,  27.11,  27.45,  27.32,  27.13,  26.97,  26.86,  26.89,  27.11,  26.51,  26.48,  25.99,  25.89,  25.81,  25.59,  25.68,  26.11,  26.15,  25.93,  25.63,  25.67,  26.07,  26.26,  26.21,  26.18
20031004, 0000,  , HU, 29.9N,  50.3W, 100,  962, -999, -999, -999, -999, -999, -999, -999, -999, -999, -999, -999, -999, -999,  27.96,  27.83,  27.85,  27.83,  26.66,  26.50,  26.79,  27.55,  27.44,  27.26,  27.34,  27.17,  27.14,  27.11,  27.12,  26.81,  26.14,  25.96,  25.91,  25.78,  25.72,  25.79,  25.69,  25.69,  25.51,  26.11,  26.26,  26.17,  26.06,  26.09,  26.18
20031004, 0600,  , HU, 30.1N,  51.6W, 100,  962, -999, -999, -999, -999, -999, -999, -999, -999, -999, -999, -999, -999, -999,  27.39,  27.32,  27.23,  27.21,  26.52,  26.53,  26.46,  27.06,  27.12,  27.02,  27.11,  27.09,  27.09,  26.99,  26.94,  26.83,  26.02,  25.87,  25.52,  25.43,  25.45,  25.63,  25.67,  25.83,  25.77,  25.98,  25.85,  25.76,  25.62,  25.89,  26.31
20031004, 1200,  , HU, 30.1N,  52.8W, 105,  956, -999, -999, -999, -999, -999, -999, -999, -999, -999, -999, -999, -999, -999,  27.31,  27.33,  27.21,  27.09,  26.34,  26.25,  26.17,  26.32,  26.73,  26.81,  26.72,  26.56,  26.69,  26.78,  26.67,  26.65,  26.62,  26.63,  25.93,  25.71,  25.61,  25.46,  25.54,  25.51,  25.36,  25.43,  25.57,  25.64,  25.61,  25.97,  26.09
20031004, 1800,  , HU, 30.2N,  54.0W, 110,  952, -999, -999, -999, -999, -999, -999, -999, -999, -999, -999, -999, -999, -999,  28.04,  27.93,  27.74,  27.69,  27.50,  27.34,  27.11,  26.95,  27.12,  27.01,  27.01,  26.85,  26.75,  26.87,  26.73,  26.66,  26.64,  25.76,  25.24,  25.30,  25.12,  24.88,  25.31,  25.45,  25.69,  25.61,  25.54,  25.57,  25.71,  26.02,  25.98
20031005, 0000,  , HU, 30.3N,  54.7W, 100,  962, -999, -999, -999, -999, -999, -999, -999, -999, -999, -999, -999, -999, -999,  27.68,  27.66,  27.64,  27.60,  27.59,  27.55,  27.54,  27.10,  26.82,  27.17,  27.12,  26.91,  27.20,  27.13,  27.00,  26.00,  24.91,  24.91,  25.21,  25.10,  24.88,  25.20,  25.46,  25.95,  25.95,  25.87,  25.91,  26.05,  26.19,  26.27,  26.24
20031005, 0600,  , HU, 30.4N,  55.5W,  95,  968, -999, -999, -999, -999, -999, -999, -999, -999, -999, -999, -999, -999, -999,  27.76,  27.68,  27.52,  27.14,  27.58,  27.74,  27.80,  27.68,  27.19,  27.19,  26.94,  26.67,  26.84,  26.90,  26.78,  25.11,  24.38,  24.61,  24.90,  25.05,  25.20,  25.17,  25.31,  25.74,  26.19,  26.37,  26.54,  26.62,  26.64,  26.72,  26.79
20031005, 1200,  , HU, 30.7N,  56.1W,  90,  973, -999, -999, -999, -999, -999, -999, -999, -999, -999, -999, -999, -999, -999,  27.71,  27.61,  27.40,  27.22,  27.63,  27.71,  27.76,  27.82,  27.50,  27.23,  26.99,  26.75,  26.79,  26.86,  26.72,  25.59,  24.69,  24.65,  24.75,  25.06,  25.27,  25.11,  25.22,  25.34,  25.74,  26.07,  26.33,  26.42,  26.44,  26.54,  26.63
20031005, 1800,  , HU, 31.4N,  56.4W,  85,  975, -999, -999, -999, -999, -999, -999, -999, -999, -999, -999, -999, -999, -999,  27.80,  27.73,  27.62,  27.39,  27.44,  27.45,  27.15,  27.14,  26.95,  26.64,  26.55,  26.41,  26.56,  26.69,  26.55,  25.81,  25.07,  24.68,  24.54,  24.61,  25.05,  25.32,  25.64,  25.58,  24.88,  24.85,  25.07,  25.22,  25.26,  25.37,  25.40
20031006, 0000,  , HU, 32.3N,  56.2W,  80,  977, -999, -999, -999, -999, -999, -999, -999, -999, -999, -999, -999, -999, -999,  27.52,  27.56,  27.33,  27.32,  27.32,  26.91,  26.83,  26.68,  26.30,  26.32,  26.35,  26.43,  26.41,  26.28,  25.74,  25.14,  25.10,  25.06,  24.98,  24.72,  24.72,  25.44,  25.66,  25.19,  25.11,  25.14,  25.20,  24.97,  25.11,  25.20,  25.22
20031006, 0600,  , HU, 33.5N,  56.0W,  80,  977, -999, -999, -999, -999, -999, -999, -999, -999, -999, -999, -999, -999, -999,  26.92,  27.06,  27.04,  26.83,  26.75,  26.22,  26.20,  26.01,  25.76,  25.83,  25.84,  25.76,  25.75,  25.83,  25.60,  25.20,  25.23,  24.93,  24.98,  25.10,  25.12,  25.43,  25.46,  25.28,  25.07,  25.11,  25.34,  25.08,  24.99,  24.92,  24.90
20031006, 1200,  , HU, 35.2N,  55.6W,  75,  979, -999, -999, -999, -999, -999, -999, -999, -999, -999, -999, -999, -999, -999,  26.44,  26.57,  26.34,  26.16,  26.12,  25.59,  25.53,  25.58,  25.63,  25.64,  25.60,  25.63,  25.57,  25.46,  25.50,  25.32,  25.29,  25.22,  25.23,  25.24,  24.75,  25.34,  25.54,  25.15,  24.70,  24.84,  24.92,  24.83,  24.83,  24.82,  24.94
20031006, 1800,  , HU, 36.9N,  55.0W,  70,  983, -999, -999, -999, -999, -999, -999, -999, -999, -999, -999, -999, -999, -999,  26.04,  26.02,  25.86,  25.67,  25.72,  26.01,  25.73,  25.64,  25.55,  25.43,  25.41,  25.36,  25.36,  25.27,  24.90,  25.02,  25.07,  25.02,  24.95,  24.64,  24.45,  24.77,  24.61,  24.58,  24.75,  24.96,  24.97,  24.99,  24.96,  24.93,  24.93
20031007, 0000,  , HU, 38.6N,  54.0W,  65,  987, -999, -999, -999, -999, -999, -999, -999, -999, -999, -999, -999, -999, -999,  26.01,  25.95,  25.83,  25.76,  25.79,  25.63,  25.59,  25.66,  25.57,  25.50,  25.51,  25.53,  25.68,  25.56,  25.52,  25.61,  25.33,  25.10,  25.00,  25.07,  24.73,  24.36,  24.24,  23.99,  24.43,  23.86,  23.35,  23.31,  22.95,  22.91,  23.32
20031007, 0600,  , TS, 40.5N,  52.1W,  60,  987, -999, -999, -999, -999, -999, -999, -999, -999, -999, -999, -999, -999, -999,  25.03,  24.85,  24.65,  24.37,  24.04,  23.69,  23.36,  22.99,  24.05,  24.35,  24.27,  24.23,  24.94,  25.61,  25.63,  24.91,  24.61,  24.33,  23.76,  22.99,  23.13,  23.09,  23.24,  22.56,  21.98,  22.20,  22.08,  22.14,  22.63,  23.11,  23.65
20031007, 1200,  , TS, 43.8N,  49.5W,  60,  987, -999, -999, -999, -999, -999, -999, -999, -999, -999, -999, -999, -999, -999,  15.26,  15.27,  15.18,  15.65,  16.18,  16.45,  16.75,  17.37,  17.31,  17.31,  16.89,  16.96,  16.90,  16.27,  16.10,  15.73,  14.78,  14.66,  14.73,  14.80,  14.79,  14.63,  14.02,  13.93,  13.64,  13.33,  13.22,  13.08,  12.60,  12.53,  12.31
20031007, 1800,  , TS, 47.5N,  47.2W,  60,  980, -999, -999, -999, -999, -999, -999, -999, -999, -999, -999, -999, -999, -999,  11.42,  11.41,  11.51,  11.75,  12.06,  12.14,  12.38,  12.33,  12.31,  12.73,  13.14,  13.33,  13.18,  12.86,  12.77,  11.59,  11.55,  11.16,  10.86,  10.69,  10.45,  10.10,   9.50,   9.49,   9.48,   9.19,   9.26,   9.21,   9.18,   8.68,   8.67
20031008, 0000,  , EX, 52.0N,  44.0W,  60,  978, -999, -999, -999, -999, -999, -999, -999, -999, -999, -999, -999, -999, -999,  12.39,  12.17,  12.10,  12.06,  12.14,  13.02,  13.07,  13.30,  13.53,  13.51,  13.52,  13.20,  13.14,  13.08,  12.90,  12.90,  12.80,  12.68,  12.16,  12.03,  11.97,  11.89,  11.63,  11.46,  11.62,  11.54,  11.40,  11.61,  11.73,  11.57,  12.09
20031008, 0600,  , EX, 56.5N,  40.5W,  65,  974, -999, -999, -999, -999, -999, -999, -999, -999, -999, -999, -999, -999, -999,  10.58,  10.33,  10.34,  10.32,  10.04,  10.00,   9.64,   9.59,   9.66,   9.59,   9.72,   9.77,  10.15,  10.15,  10.00,   9.64,   9.34,   9.47,   9.57,   9.59,   9.38,   9.29,   9.16,   9.09,   9.02,   9.36,   9.38,   9.28,   9.13,   9.16,   9.16
20031008, 1200,  , EX, 59.5N,  37.0W,  65,  974, -999, -999, -999, -999, -999, -999, -999, -999, -999, -999, -999, -999, -999,   9.60,   9.64,   9.51,   9.29,   9.44,   9.61,   9.28,   8.99,   9.19,   9.22,   9.20,   9.01,   9.04,   9.06,   9.11,   8.45,   8.39,   8.35,   8.52,   8.62,   8.74,   8.73,   8.42,   8.37,   8.03,   7.91,   7.90,   7.96,   8.49,   8.82,   8.59
20031008, 1800,  , EX, 61.1N,  33.4W,  65,  970, -999, -999, -999, -999, -999, -999, -999, -999, -999, -999, -999, -999, -999,   9.23,   9.25,   9.08,   9.15,   9.12,   9.24,   9.25,   9.26,   9.37,   9.21,   9.27,   9.13,   9.01,   8.96,   8.96,   9.02,   8.78,   8.74,   8.74,   8.71,   8.69,   8.89,   8.95,   8.95,   8.87,   8.80,   8.98,   8.98,   9.00,   8.85,   8.87
20031009, 0000,  , EX, 62.1N,  28.7W,  60,  970, -999, -999, -999, -999, -999, -999, -999, -999, -999, -999, -999, -999, -999,   9.72,   9.72,   9.64,   9.82,   9.65,   9.69,   9.84,   9.57,   9.49,   9.48,   9.52,   9.36,   9.04,   8.85,   8.81,   8.65,   8.66,   9.02,   9.15,   9.18,   9.32,   9.38,   9.37,   9.33,   9.28,   9.34,   9.29,   9.08,   9.10,   8.96,   8.99
20031009, 0600,  , EX, 62.5N,  24.0W,  55,  972, -999, -999, -999, -999, -999, -999, -999, -999, -999, -999, -999, -999, -999,   9.84,   9.89,   9.87,   9.87,   9.96,   9.87,   9.93,   9.94,   9.86,   9.79,   9.74,   9.74,   9.24,   9.21,   9.21,   9.32,   9.22,   9.12,   9.15,   9.43,   9.42,   9.37,   8.85,   8.62,   8.92,   8.95,   9.09,   9.52,   9.58,   9.39,   8.98
20031009, 1200,  , EX, 62.6N,  19.0W,  55,  973, -999, -999, -999, -999, -999, -999, -999, -999, -999, -999, -999, -999, -999,  10.26,  10.17,  10.27,  10.18,  10.12,  10.12,  10.31,  10.29,   9.81,   9.98,   9.96,   9.85,   9.53,   9.44,   9.41,   9.43,   9.37,   9.23,   9.21,   9.53,   9.59,   9.55,   9.80,   9.84,   9.60,   9.48,   9.62,   9.62,   9.54,   9.37,   9.23
20031009, 1800,  , EX, 62.5N,  12.6W,  50,  976, -999, -999, -999, -999, -999, -999, -999, -999, -999, -999, -999, -999, -999,  10.75,  10.92,  10.89,  10.67,  10.77,  10.86,  10.93,  10.93,  10.17,  10.27,  10.31,   9.94,   9.67,   9.95,  10.03,  10.08,  10.23,  10.09,   9.97,  10.20,  10.62,  10.60,  10.16,   9.95,   9.76,   9.75,   9.89,   9.85,   9.64,   9.61,   9.65
20031010, 0000,  , EX, 63.0N,   6.0W,  50,  980, -999, -999, -999, -999, -999, -999, -999, -999, -999, -999, -999, -999, -999,  10.19,  10.02,  10.02,  10.11,  10.00,   9.98,   9.95,   9.54,   9.22,   9.13,   8.99,   9.20,   9.22,   9.16,   9.26,   9.23,   9.22,   9.02,   9.01,   9.90,  10.04,   9.68,   9.74,   9.63,   9.45,   9.48,   9.24,   9.26,   8.93,   8.87,   8.97
