AL162012,              PATTY,     11,
20121010, 1800,  , LO, 25.5N,  72.5W,  25, 1012,    0,    0,    0,    0,    0,    0,    0,    0,    0,    0,    0,    0, -999,  29.13,  28.99,  28.95,  28.70,  28.63,  28.81,  29.02,  29.15,  29.16,  29.14,  29.24,  29.20,  29.05,  28.88,  28.71,  28.53,  28.28,  28.33,  28.41,  28.17,  28.01,  27.89,  27.99,  28.35,  28.42,  28.33,  28.28,  28.15,  28.05,  27.96,  27.89
20121011, 0000,  , TD, 25.4N,  72.4W,  30, 1010,    0,    0,    0,    0,    0,    0,    0,    0,    0,    0,    0,    0, -999,  28.99,  28.95,  28.70,  28.63,  28.81,  29.02,  29.15,  29.16,  29.14,  29.24,  29.20,  29.05,  28.88,  28.71,  28.53,  28.28,  28.33,  28.41,  28.17,  28.01,  27.89,  27.99,  28.35,  28.42,  28.33,  28.28,  28.15,  28.05,  27.96,  27.89,  27.62
20121011, 0600,  , TS, 25.4N,  72.2W,  35, 1009,   60,    0,    0,    0,    0,    0,    0,    0,    0,    0,    0,    0, -999,  29.01,  29.05,  28.74,  28.77,  28.93,  29.06,  29.18,  29.19,  29.18,  29.26,  29.25,  29.13,  28.96,  28.76,  28.60,  28.38,  28.41,  28.38,  28.11,  27.93,  27.88,  27.96,  28.25,  28.28,  28.15,  28.09,  27.94,  27.89,  27.81,  27.72,  27.48
20121011, 1200,  , TS, 25.5N,  72.2W,  35, 1008,   60,    0,    0,    0,    0,    0,    0,    0,    0,    0,    0,    0, -999,  29.01,  29.05,  28.74,  28.77,  28.93,  29.06,  29.18,  29.19,  29.18,  29.26,  29.25,  29.13,  28.96,  28.76,  28.60,  28.38,  28.41,  28.38,  28.11,  27.93,  27.88,  27.96,  28.25,  28.28,  28.15,  28.09,  27.94,  27.89,  27.81,  27.72,  27.48
20121011, 1800,  , TS, 25.6N,  72.3W,  35, 1007,   60,   50,    0,    0,    0,    0,    0,    0,    0,    0,    0,    0, -999,  29.15,  28.98,  28.67,  28.64,  28.93,  29.04,  29.07,  29.07,  29.10,  29.19,  29.15,  29.00,  28.87,  28.73,  28.54,  28.25,  28.15,  28.13,  27.90,  27.78,  27.66,  27.74,  28.11,  28.11,  28.07,  28.02,  27.99,  27.93,  27.84,  27.80,  27.54
20121012, 0000,  , TS, 25.5N,  72.4W,  40, 1005,   60,   50,    0,   30,    0,    0,    0,    0,    0,    0,    0,    0, -999,  28.95,  28.70,  28.63,  28.81,  29.02,  29.15,  29.16,  29.14,  29.24,  29.20,  29.05,  28.88,  28.71,  28.53,  28.28,  28.33,  28.41,  28.17,  28.01,  27.89,  27.99,  28.35,  28.42,  28.33,  28.28,  28.15,  28.05,  27.96,  27.89,  27.62,  27.11
20121012, 0600,  , TS, 25.4N,  72.3W,  40, 1005,   60,   40,    0,   30,    0,    0,    0,    0,    0,    0,    0,    0, -999,  28.95,  28.70,  28.63,  28.81,  29.02,  29.15,  29.16,  29.14,  29.24,  29.20,  29.05,  28.88,  28.71,  28.53,  28.28,  28.33,  28.41,  28.17,  28.01,  27.89,  27.99,  28.35,  28.42,  28.33,  28.28,  28.15,  28.05,  27.96,  27.89,  27.62,  27.11
20121012, 1200,  , TS, 25.3N,  72.2W,  40, 1006,   50,   30,    0,   30,    0,    0,    0,    0,    0,    0,    0,    0, -999,  29.02,  28.79,  28.76,  28.78,  29.04,  29.22,  29.24,  29.16,  29.25,  29.23,  29.17,  28.94,  28.74,  28.61,  28.42,  28.56,  28.61,  28.36,  28.20,  28.14,  28.19,  28.43,  28.52,  28.39,  28.29,  28.09,  28.03,  27.92,  27.83,  27.58,  27.05
20121012, 1800,  , TS, 25.4N,  72.1W,  35, 1007,   40,   20,    0,   30,    0,    0,    0,    0,    0,    0,    0,    0, -999,  29.05,  28.74,  28.77,  28.93,  29.06,  29.18,  29.19,  29.18,  29.26,  29.25,  29.13,  28.96,  28.76,  28.60,  28.38,  28.41,  28.38,  28.11,  27.93,  27.88,  27.96,  28.25,  28.28,  28.15,  28.09,  27.94,  27.89,  27.81,  27.72,  27.48,  26.93
20121013, 0000,  , TS, 25.4N,  71.9W,  35, 1007,   30,    0,    0,   30,    0,    0,    0,    0,    0,    0,    0,    0, -999,  28.80,  28.86,  28.97,  29.04,  29.16,  29.15,  29.12,  29.19,  29.20,  29.09,  28.94,  28.76,  28.58,  28.42,  28.44,  28.37,  28.11,  27.99,  27.93,  27.97,  28.19,  28.18,  28.08,  28.00,  27.86,  27.81,  27.72,  27.61,  27.44,  26.83,  26.79
20121013, 0600,  , TD, 25.3N,  71.7W,  30, 1008,    0,    0,    0,    0,    0,    0,    0,    0,    0,    0,    0,    0, -999,  28.84,  28.87,  28.80,  28.99,  29.20,  29.19,  29.12,  29.20,  29.22,  29.12,  28.91,  28.76,  28.59,  28.46,  28.59,  28.55,  28.31,  28.16,  28.13,  28.15,  28.29,  28.35,  28.26,  28.15,  27.98,  27.93,  27.81,  27.69,  27.52,  26.94,  26.86
