AL161984,          JOSEPHINE,     56,
19841007, 0600,  , SD, 24.1N,  68.9W,  25, 1010, -999, -999, -999, -999, -999, -999, -999, -999, -999, -999, -999, -999, -999,  27.24,  27.86,  27.30,  27.93,  28.22,  28.55,  28.62,  28.69,  28.74,  28.52,  28.55,  28.40,  28.25,  27.74,  28.26,  28.48,  28.44,  28.36,  27.72,  27.55,  27.81,  27.96,  28.21,  28.49,  28.45,  28.30,  27.90,  27.52,  27.37,  27.00,  26.66
19841007, 1200,  , SD, 24.0N,  69.4W,  25, 1008, -999, -999, -999, -999, -999, -999, -999, -999, -999, -999, -999, -999, -999,  27.46,  28.09,  27.56,  27.88,  28.16,  28.54,  28.67,  28.68,  28.39,  28.32,  28.45,  28.36,  28.24,  27.88,  27.99,  27.98,  27.96,  27.94,  27.59,  27.42,  27.67,  27.89,  28.20,  28.53,  28.63,  28.28,  27.96,  27.67,  27.60,  27.44,  27.19
19841007, 1800,  , SD, 23.9N,  69.9W,  25, 1008, -999, -999, -999, -999, -999, -999, -999, -999, -999, -999, -999, -999, -999,  27.88,  28.31,  27.94,  28.22,  28.49,  28.77,  28.89,  28.85,  28.49,  28.42,  28.54,  28.47,  28.29,  28.00,  27.70,  27.25,  27.00,  27.32,  27.38,  27.40,  27.38,  27.84,  28.16,  28.32,  28.46,  28.04,  27.93,  27.70,  27.59,  27.54,  27.50
19841008, 0000,  , SD, 23.9N,  70.4W,  30, 1006, -999, -999, -999, -999, -999, -999, -999, -999, -999, -999, -999, -999, -999,  28.52,  28.05,  28.23,  28.34,  28.76,  29.12,  29.12,  28.82,  28.65,  28.67,  28.66,  28.51,  28.44,  28.02,  27.53,  27.05,  27.22,  27.53,  27.57,  27.31,  27.73,  27.99,  28.07,  28.12,  27.76,  27.96,  27.95,  27.63,  27.53,  27.51,  27.55
19841008, 0600,  , SD, 24.0N,  70.9W,  30, 1004, -999, -999, -999, -999, -999, -999, -999, -999, -999, -999, -999, -999, -999,  28.61,  27.98,  28.04,  28.07,  28.61,  29.05,  29.03,  28.97,  28.65,  28.58,  28.62,  28.55,  28.43,  27.90,  27.34,  26.69,  26.85,  27.10,  27.17,  27.04,  27.53,  27.83,  27.84,  27.84,  27.48,  27.78,  27.77,  27.33,  27.12,  27.08,  27.39
19841008, 1200,  , TS, 24.1N,  71.4W,  40, 1002, -999, -999, -999, -999, -999, -999, -999, -999, -999, -999, -999, -999, -999,  28.55,  27.70,  27.80,  27.84,  28.32,  28.71,  28.68,  28.70,  28.37,  28.39,  28.29,  28.09,  27.88,  27.44,  27.21,  26.56,  26.57,  26.68,  26.73,  26.76,  27.27,  27.76,  27.81,  27.81,  27.28,  27.28,  27.10,  26.63,  26.43,  26.47,  26.97
19841008, 1800,  , TS, 24.3N,  71.9W,  50,  998, -999, -999, -999, -999, -999, -999, -999, -999, -999, -999, -999, -999, -999,  28.51,  27.48,  27.49,  27.67,  28.18,  28.63,  28.60,  28.65,  28.30,  28.19,  27.98,  27.82,  27.67,  27.43,  27.40,  26.96,  26.90,  26.74,  26.65,  26.68,  27.00,  27.46,  27.61,  27.64,  26.80,  26.70,  26.51,  26.10,  25.97,  26.02,  26.44
19841009, 0000,  , TS, 24.6N,  72.2W,  55,  995, -999, -999, -999, -999, -999, -999, -999, -999, -999, -999, -999, -999, -999,  27.61,  27.48,  27.56,  28.09,  28.57,  28.59,  28.64,  28.31,  28.23,  27.93,  27.75,  27.73,  27.64,  27.56,  27.04,  26.87,  26.58,  26.41,  26.44,  26.96,  27.24,  27.37,  27.44,  26.56,  26.43,  26.32,  25.88,  25.73,  25.78,  26.00,  25.98
19841009, 0600,  , TS, 25.2N,  72.2W,  60,  994, -999, -999, -999, -999, -999, -999, -999, -999, -999, -999, -999, -999, -999,  27.94,  27.58,  27.48,  28.13,  28.50,  28.48,  28.44,  28.21,  28.10,  27.63,  27.29,  27.20,  27.32,  27.30,  26.79,  26.60,  26.14,  26.10,  26.25,  26.78,  26.93,  26.91,  27.03,  26.43,  26.35,  26.24,  25.77,  25.67,  25.65,  25.81,  25.81
19841009, 1200,  , TS, 25.8N,  72.1W,  60,  995, -999, -999, -999, -999, -999, -999, -999, -999, -999, -999, -999, -999, -999,  27.75,  27.53,  27.89,  28.27,  28.19,  28.19,  27.94,  27.53,  27.23,  26.94,  26.88,  26.80,  26.79,  26.98,  26.72,  26.61,  25.84,  25.89,  26.22,  26.75,  26.95,  26.97,  26.96,  26.72,  26.65,  26.57,  26.25,  26.06,  26.08,  26.02,  25.92
19841009, 1800,  , TS, 26.4N,  72.1W,  60,  993, -999, -999, -999, -999, -999, -999, -999, -999, -999, -999, -999, -999, -999,  27.28,  27.18,  28.58,  28.71,  28.33,  28.31,  27.96,  27.33,  26.95,  27.01,  27.10,  27.01,  27.01,  27.26,  27.04,  26.82,  25.88,  25.85,  26.10,  26.64,  26.64,  26.57,  26.58,  26.65,  26.61,  26.44,  26.10,  25.94,  26.07,  26.09,  25.84
19841010, 0000,  , TS, 26.9N,  72.2W,  60,  990, -999, -999, -999, -999, -999, -999, -999, -999, -999, -999, -999, -999, -999,  27.11,  29.05,  28.97,  28.31,  28.23,  27.87,  27.18,  26.82,  27.08,  27.28,  27.16,  27.11,  27.32,  26.96,  26.37,  25.58,  25.62,  25.82,  26.46,  26.62,  26.57,  26.23,  26.74,  26.79,  26.50,  25.90,  25.74,  25.97,  26.02,  25.72,  25.72
19841010, 0600,  , HU, 27.2N,  72.4W,  65,  987, -999, -999, -999, -999, -999, -999, -999, -999, -999, -999, -999, -999, -999,  27.24,  29.09,  28.77,  27.96,  27.87,  27.55,  26.97,  26.71,  26.99,  27.24,  27.22,  27.20,  27.33,  26.92,  26.05,  25.39,  25.47,  25.61,  26.27,  26.65,  26.72,  26.19,  26.79,  26.88,  26.63,  26.02,  25.81,  25.93,  25.92,  25.57,  25.59
19841010, 1200,  , HU, 27.5N,  72.5W,  70,  987, -999, -999, -999, -999, -999, -999, -999, -999, -999, -999, -999, -999, -999,  27.10,  29.11,  28.86,  27.81,  27.59,  27.36,  26.94,  26.78,  27.06,  27.25,  27.23,  27.31,  27.34,  26.76,  25.50,  25.25,  25.42,  25.52,  25.93,  26.34,  26.44,  25.80,  26.50,  26.55,  26.37,  25.88,  25.74,  25.88,  25.92,  25.67,  25.66
19841010, 1800,  , HU, 28.0N,  72.6W,  70,  985, -999, -999, -999, -999, -999, -999, -999, -999, -999, -999, -999, -999, -999,  27.36,  29.15,  29.03,  27.91,  27.61,  27.40,  27.14,  27.06,  27.22,  27.30,  27.36,  27.51,  27.48,  26.91,  25.62,  25.44,  25.64,  25.72,  26.04,  26.31,  26.34,  25.59,  26.31,  26.38,  26.16,  25.67,  25.58,  25.76,  25.84,  25.63,  25.50
19841011, 0000,  , HU, 28.6N,  72.5W,  75,  983, -999, -999, -999, -999, -999, -999, -999, -999, -999, -999, -999, -999, -999,  27.56,  27.67,  27.69,  27.73,  27.57,  27.36,  27.22,  27.08,  27.03,  27.17,  27.36,  27.41,  26.99,  26.14,  25.68,  25.31,  25.29,  25.55,  25.76,  25.79,  25.56,  25.96,  25.97,  25.64,  24.99,  24.83,  24.92,  24.96,  24.86,  24.68,  25.41
19841011, 0600,  , HU, 29.3N,  72.4W,  80,  979, -999, -999, -999, -999, -999, -999, -999, -999, -999, -999, -999, -999, -999,  26.15,  26.45,  27.22,  27.32,  27.24,  26.99,  26.95,  26.63,  26.66,  26.96,  26.95,  26.95,  26.87,  26.94,  26.44,  24.43,  24.31,  24.40,  24.45,  24.49,  24.75,  24.81,  24.67,  24.35,  23.68,  23.67,  23.78,  23.83,  23.96,  23.83,  24.43
19841011, 1200,  , HU, 30.0N,  72.1W,  85,  974, -999, -999, -999, -999, -999, -999, -999, -999, -999, -999, -999, -999, -999,  25.86,  26.13,  26.98,  27.00,  27.05,  26.83,  26.77,  25.90,  25.29,  25.28,  25.25,  25.29,  25.43,  25.37,  25.14,  22.96,  23.17,  23.59,  23.80,  23.89,  23.94,  24.30,  24.20,  23.84,  23.62,  23.56,  23.81,  23.93,  24.10,  24.01,  24.43
19841011, 1800,  , HU, 30.7N,  71.9W,  85,  971, -999, -999, -999, -999, -999, -999, -999, -999, -999, -999, -999, -999, -999,  25.28,  25.67,  26.23,  26.26,  26.42,  26.40,  25.97,  25.11,  24.84,  24.98,  25.26,  25.31,  25.05,  24.77,  24.42,  22.72,  23.01,  23.63,  24.04,  24.22,  24.27,  24.82,  24.61,  24.25,  23.86,  23.75,  23.97,  23.97,  23.94,  23.88,  24.55
19841012, 0000,  , HU, 31.4N,  71.7W,  90,  970, -999, -999, -999, -999, -999, -999, -999, -999, -999, -999, -999, -999, -999,  25.77,  26.26,  26.34,  26.37,  26.24,  25.58,  25.33,  25.37,  25.46,  25.83,  25.86,  25.55,  25.31,  24.81,  23.40,  23.86,  24.08,  24.45,  24.63,  24.68,  25.21,  24.65,  24.27,  23.97,  23.88,  24.00,  23.96,  23.95,  23.89,  24.53,  24.39
19841012, 0600,  , HU, 32.2N,  71.7W,  90,  973, -999, -999, -999, -999, -999, -999, -999, -999, -999, -999, -999, -999, -999,  25.91,  26.40,  26.46,  26.35,  26.07,  25.66,  25.54,  25.26,  25.31,  25.59,  25.68,  25.61,  25.39,  24.94,  24.00,  24.01,  23.20,  23.07,  23.32,  23.46,  24.03,  23.88,  23.61,  23.61,  23.61,  23.86,  23.94,  23.95,  23.72,  24.43,  24.40
19841012, 1200,  , HU, 33.0N,  71.8W,  90,  977, -999, -999, -999, -999, -999, -999, -999, -999, -999, -999, -999, -999, -999,  25.09,  25.61,  25.72,  25.75,  25.57,  25.10,  24.90,  24.69,  24.80,  24.85,  24.71,  24.76,  24.67,  24.22,  23.81,  23.74,  23.09,  23.04,  23.17,  23.23,  23.44,  23.35,  23.18,  23.13,  22.99,  23.18,  23.44,  23.53,  23.19,  24.07,  23.92
19841012, 1800,  , HU, 33.7N,  71.7W,  90,  976, -999, -999, -999, -999, -999, -999, -999, -999, -999, -999, -999, -999, -999,  24.77,  24.88,  24.98,  25.12,  25.07,  24.89,  24.73,  24.58,  24.67,  25.03,  24.90,  24.60,  24.53,  24.17,  24.18,  24.15,  23.80,  23.37,  23.35,  23.36,  23.46,  23.43,  23.23,  22.92,  22.97,  23.27,  23.72,  23.94,  23.56,  24.40,  24.12
19841013, 0000,  , HU, 34.3N,  71.4W,  85,  971, -999, -999, -999, -999, -999, -999, -999, -999, -999, -999, -999, -999, -999,  24.45,  24.53,  24.55,  24.40,  24.67,  24.66,  24.47,  24.58,  25.18,  25.15,  24.74,  24.74,  24.26,  23.99,  23.63,  23.23,  23.25,  23.41,  23.43,  23.66,  23.62,  23.47,  23.07,  23.08,  23.59,  24.07,  24.25,  23.55,  24.58,  24.08,  23.88
19841013, 0600,  , HU, 34.8N,  71.2W,  85,  973, -999, -999, -999, -999, -999, -999, -999, -999, -999, -999, -999, -999, -999,  24.74,  24.84,  24.43,  24.20,  24.80,  24.84,  24.79,  24.96,  25.08,  24.99,  24.63,  24.64,  24.02,  23.22,  22.45,  21.72,  21.65,  22.06,  22.51,  23.37,  23.52,  23.24,  22.89,  22.95,  23.25,  23.67,  23.82,  23.00,  24.96,  24.52,  23.58
19841013, 1200,  , HU, 35.4N,  71.3W,  80,  975, -999, -999, -999, -999, -999, -999, -999, -999, -999, -999, -999, -999, -999,  24.97,  24.98,  24.84,  24.92,  25.38,  25.51,  25.55,  25.61,  25.45,  25.35,  25.27,  25.29,  24.25,  23.16,  22.46,  21.74,  21.52,  21.72,  22.65,  23.74,  23.85,  23.56,  23.09,  23.21,  23.51,  23.72,  23.77,  23.02,  24.64,  24.18,  23.28
19841013, 1800,  , HU, 36.0N,  71.7W,  70,  973, -999, -999, -999, -999, -999, -999, -999, -999, -999, -999, -999, -999, -999,  24.81,  24.74,  25.10,  25.93,  26.01,  25.79,  25.60,  25.70,  25.67,  25.36,  25.38,  25.42,  25.28,  25.09,  24.83,  24.52,  24.21,  24.16,  24.45,  24.64,  24.52,  24.31,  24.21,  23.99,  24.13,  24.24,  24.39,  25.67,  25.36,  24.83,  24.33
19841014, 0000,  , HU, 36.6N,  71.9W,  65,  977, -999, -999, -999, -999, -999, -999, -999, -999, -999, -999, -999, -999, -999,  24.40,  24.48,  25.72,  26.11,  25.81,  26.20,  26.99,  26.79,  25.78,  25.66,  25.60,  25.33,  25.33,  25.15,  25.00,  24.92,  25.26,  25.20,  24.91,  24.63,  24.37,  24.23,  24.15,  24.44,  24.59,  24.83,  26.21,  25.26,  25.09,  25.03,  24.56
19841014, 0600,  , HU, 36.8N,  71.7W,  65,  975, -999, -999, -999, -999, -999, -999, -999, -999, -999, -999, -999, -999, -999,  24.40,  24.48,  25.72,  26.11,  25.81,  26.20,  26.99,  26.79,  25.78,  25.66,  25.60,  25.33,  25.33,  25.15,  25.00,  24.92,  25.26,  25.20,  24.91,  24.63,  24.37,  24.23,  24.15,  24.44,  24.59,  24.83,  26.21,  25.26,  25.09,  25.03,  24.56
19841014, 1200,  , HU, 36.6N,  71.4W,  70,  971, -999, -999, -999, -999, -999, -999, -999, -999, -999, -999, -999, -999, -999,  23.57,  23.89,  25.71,  26.30,  25.89,  26.03,  27.01,  26.91,  25.60,  25.49,  25.56,  25.32,  25.28,  25.06,  24.88,  24.76,  25.19,  25.18,  24.93,  24.54,  24.39,  24.35,  24.10,  24.42,  24.60,  24.63,  25.17,  24.41,  24.40,  24.22,  24.07
19841014, 1800,  , HU, 36.3N,  70.8W,  70,  968, -999, -999, -999, -999, -999, -999, -999, -999, -999, -999, -999, -999, -999,  23.52,  24.08,  25.44,  25.74,  25.60,  26.35,  26.80,  26.85,  25.83,  25.67,  25.77,  25.42,  25.05,  24.83,  24.69,  24.48,  25.32,  25.44,  25.39,  24.40,  24.06,  23.97,  23.82,  24.17,  24.46,  24.58,  24.22,  24.14,  24.25,  24.19,  24.17
19841015, 0000,  , HU, 35.9N,  69.8W,  70,  965, -999, -999, -999, -999, -999, -999, -999, -999, -999, -999, -999, -999, -999,  24.99,  25.39,  25.42,  25.41,  25.67,  25.42,  25.70,  25.71,  25.63,  25.64,  25.15,  24.45,  24.33,  24.28,  24.16,  25.15,  25.21,  25.22,  24.17,  23.45,  23.46,  23.89,  24.21,  24.62,  24.76,  24.24,  24.40,  23.89,  23.90,  24.11,  24.31
19841015, 0600,  , HU, 36.2N,  68.4W,  65,  966, -999, -999, -999, -999, -999, -999, -999, -999, -999, -999, -999, -999, -999,  25.22,  25.48,  25.43,  25.03,  24.97,  25.51,  26.18,  26.31,  26.52,  26.19,  26.01,  25.67,  25.40,  25.03,  24.89,  24.69,  24.25,  24.10,  24.31,  23.46,  23.52,  23.82,  23.90,  24.07,  24.09,  23.93,  23.90,  24.01,  23.92,  23.75,  23.72
19841015, 1200,  , HU, 36.8N,  66.6W,  65,  973, -999, -999, -999, -999, -999, -999, -999, -999, -999, -999, -999, -999, -999,  24.47,  24.56,  24.74,  24.77,  24.76,  24.94,  25.03,  24.29,  24.33,  24.33,  23.89,  23.51,  23.69,  23.50,  23.58,  23.35,  23.25,  23.26,  23.87,  22.82,  22.59,  23.02,  23.42,  23.59,  23.71,  23.81,  23.74,  24.32,  24.24,  24.01,  23.90
19841015, 1800,  , HU, 37.6N,  64.8W,  65,  971, -999, -999, -999, -999, -999, -999, -999, -999, -999, -999, -999, -999, -999,  25.34,  25.34,  25.36,  25.20,  25.16,  25.11,  25.28,  24.69,  24.52,  24.46,  24.18,  24.17,  24.09,  25.40,  25.51,  25.58,  25.15,  24.30,  24.02,  24.86,  24.83,  24.22,  24.13,  24.20,  24.21,  24.25,  24.01,  23.89,  23.00,  23.02,  23.49
19841016, 0000,  , HU, 38.3N,  63.0W,  65,  973, -999, -999, -999, -999, -999, -999, -999, -999, -999, -999, -999, -999, -999,  24.67,  24.60,  24.82,  24.78,  24.74,  24.49,  24.85,  24.84,  24.84,  23.92,  24.44,  24.33,  23.87,  24.51,  25.17,  25.38,  25.19,  25.11,  25.81,  25.84,  24.59,  24.24,  24.34,  24.61,  24.65,  24.31,  24.29,  23.71,  23.36,  23.30,  23.59
19841016, 0600,  , HU, 39.2N,  61.4W,  65,  977, -999, -999, -999, -999, -999, -999, -999, -999, -999, -999, -999, -999, -999,  24.36,  24.34,  24.28,  23.97,  24.59,  24.78,  24.79,  24.63,  24.65,  25.67,  25.63,  25.52,  25.49,  24.54,  24.39,  24.37,  24.26,  24.03,  24.18,  24.11,  24.12,  24.52,  24.31,  24.01,  23.90,  23.34,  23.06,  24.57,  25.43,  25.51,  25.18
19841016, 1200,  , HU, 39.9N,  59.7W,  65,  982, -999, -999, -999, -999, -999, -999, -999, -999, -999, -999, -999, -999, -999,  25.20,  25.31,  25.21,  24.46,  23.97,  23.96,  22.69,  22.40,  22.40,  21.92,  21.69,  21.74,  21.58,  21.49,  21.83,  21.98,  21.71,  20.81,  20.51,  21.05,  21.52,  21.99,  21.83,  21.87,  21.91,  21.91,  22.19,  22.11,  22.15,  22.14,  21.03
19841016, 1800,  , HU, 40.6N,  58.2W,  65,  986, -999, -999, -999, -999, -999, -999, -999, -999, -999, -999, -999, -999, -999,  24.49,  24.59,  24.65,  24.21,  23.95,  23.46,  23.20,  23.33,  23.28,  23.14,  23.09,  22.72,  22.21,  22.17,  21.97,  21.77,  21.73,  21.26,  21.51,  21.99,  21.38,  21.64,  21.92,  21.87,  21.68,  21.17,  21.66,  21.70,  21.95,  21.59,  20.14
19841017, 0000,  , HU, 41.3N,  56.6W,  65,  988, -999, -999, -999, -999, -999, -999, -999, -999, -999, -999, -999, -999, -999,  24.04,  24.00,  23.28,  22.98,  22.74,  22.81,  22.65,  22.47,  22.31,  22.17,  21.94,  21.66,  21.83,  21.89,  21.80,  21.67,  21.55,  20.55,  19.90,  20.51,  21.78,  21.72,  21.72,  22.01,  21.97,  22.19,  22.16,  21.87,  21.79,  22.82,  23.10
19841017, 0600,  , TS, 42.0N,  54.9W,  60,  990, -999, -999, -999, -999, -999, -999, -999, -999, -999, -999, -999, -999, -999,  21.73,  21.73,  21.14,  21.29,  21.48,  21.42,  21.15,  21.22,  20.80,  20.55,  20.69,  20.74,  20.88,  21.35,  21.46,  21.34,  21.06,  19.42,  18.33,  19.11,  19.08,  19.46,  19.51,  19.49,  19.38,  18.44,  18.21,  17.89,  18.17,  18.42,  18.24
19841017, 1200,  , TS, 43.0N,  53.9W,  60,  992, -999, -999, -999, -999, -999, -999, -999, -999, -999, -999, -999, -999, -999,  16.82,  17.30,  17.27,  17.01,  16.73,  16.01,  15.63,  15.92,  15.86,  15.98,  15.93,  15.72,  15.62,  15.75,  14.59,  14.70,  14.24,  13.61,  14.79,  15.52,  16.20,  13.96,  13.33,  13.34,  13.20,  12.84,  11.87,  11.69,  11.75,  12.44,  13.06
19841017, 1800,  , TS, 43.6N,  54.1W,  55,  993, -999, -999, -999, -999, -999, -999, -999, -999, -999, -999, -999, -999, -999,  16.59,  16.47,  16.51,  16.54,  16.51,  16.04,  15.78,  15.92,  15.85,  15.80,  15.47,  15.19,  15.17,  15.31,  14.46,  14.89,  12.67,  12.18,  13.32,  14.17,  13.88,  11.50,  11.33,  11.45,  11.53,  11.48,  11.33,  11.44,  11.42,  11.59,  11.60
19841018, 0000,  , TS, 44.0N,  54.4W,  50,  994, -999, -999, -999, -999, -999, -999, -999, -999, -999, -999, -999, -999, -999,  16.48,  16.39,  16.45,  16.40,  16.02,  15.80,  15.58,  15.25,  15.14,  14.92,  14.70,  14.74,  15.06,  14.67,  14.83,  12.15,  11.83,  13.06,  13.97,  13.69,  11.66,  11.54,  11.53,  11.54,  11.43,  11.33,  11.69,  11.63,  11.27,  11.32,  11.35
19841018, 0600,  , TS, 44.0N,  55.1W,  50,  994, -999, -999, -999, -999, -999, -999, -999, -999, -999, -999, -999, -999, -999,  16.80,  16.16,  15.77,  15.41,  15.00,  14.36,  14.36,  14.46,  14.82,  14.73,  14.35,  14.12,  14.49,  14.67,  14.84,  12.09,  12.34,  13.28,  13.95,  14.02,  12.96,  13.43,  13.46,  13.23,  13.04,  12.84,  13.22,  13.15,  11.98,  11.79,  11.65
19841018, 1200,  , TS, 44.1N,  56.0W,  50,  995, -999, -999, -999, -999, -999, -999, -999, -999, -999, -999, -999, -999, -999,  14.35,  15.06,  15.41,  15.10,  14.10,  13.75,  13.66,  13.73,  13.89,  13.87,  13.32,  12.61,  12.52,  12.52,  12.34,  11.22,  12.64,  13.07,  13.47,  13.59,  12.92,  13.32,  13.12,  12.51,  12.20,  11.94,  12.30,  12.37,  11.57,  11.28,  10.92
19841018, 1800,  , EX, 44.0N,  57.1W,  45,  995, -999, -999, -999, -999, -999, -999, -999, -999, -999, -999, -999, -999, -999,  14.13,  13.91,  13.58,  13.40,  11.82,  11.70,  11.68,  11.94,  12.17,  12.22,  12.27,  11.91,  11.78,  11.46,  10.67,  10.41,  11.29,  11.53,  11.66,  11.81,  11.65,  11.44,  11.21,  10.89,  10.69,  10.02,   9.91,  10.15,  10.77,  11.03,  10.96
19841019, 0000,  , EX, 42.8N,  57.7W,  45,  995, -999, -999, -999, -999, -999, -999, -999, -999, -999, -999, -999, -999, -999,  19.58,  19.38,  19.11,  19.06,  19.57,  19.58,  18.84,  18.39,  18.15,  18.40,  18.27,  18.59,  18.78,  18.57,  17.89,  17.11,  16.21,  15.66,  15.87,  15.86,  15.96,  15.84,  14.98,  14.95,  14.90,  14.76,  14.44,  14.30,  14.63,  14.77,  14.95
19841019, 0600,  , EX, 41.2N,  56.8W,  45,  995, -999, -999, -999, -999, -999, -999, -999, -999, -999, -999, -999, -999, -999,  23.65,  23.31,  23.04,  23.05,  22.88,  22.57,  22.31,  21.90,  21.51,  21.31,  21.63,  21.74,  21.68,  21.56,  21.44,  20.30,  19.60,  20.10,  20.83,  20.52,  20.47,  20.82,  20.92,  21.30,  21.37,  21.18,  21.20,  22.38,  22.71,  22.59,  21.99
19841019, 1200,  , EX, 40.6N,  55.1W,  40,  995, -999, -999, -999, -999, -999, -999, -999, -999, -999, -999, -999, -999, -999,  25.23,  25.19,  25.16,  24.93,  25.03,  24.81,  24.00,  23.45,  23.14,  23.08,  22.92,  22.93,  22.88,  22.84,  22.97,  22.96,  22.70,  22.13,  23.27,  23.63,  23.62,  23.40,  22.33,  22.37,  23.00,  23.00,  23.33,  23.48,  23.04,  23.20,  23.08
19841019, 1800,  , EX, 40.7N,  53.1W,  40,  995, -999, -999, -999, -999, -999, -999, -999, -999, -999, -999, -999, -999, -999,  23.17,  22.35,  22.12,  22.32,  22.33,  22.25,  22.12,  21.82,  21.50,  21.59,  21.60,  21.29,  21.18,  21.01,  20.63,  20.54,  21.26,  21.14,  21.83,  22.47,  22.50,  22.41,  21.68,  20.98,  21.01,  20.96,  21.36,  20.68,  20.15,  19.69,  19.64
19841020, 0000,  , EX, 41.2N,  50.9W,  35,  995, -999, -999, -999, -999, -999, -999, -999, -999, -999, -999, -999, -999, -999,  22.97,  21.82,  21.05,  20.90,  21.88,  21.95,  21.88,  21.72,  21.51,  20.79,  20.41,  20.15,  20.36,  20.29,  20.25,  20.53,  19.96,  18.57,  18.67,  19.04,  19.39,  19.21,  18.70,  18.80,  18.70,  18.87,  20.73,  21.44,  21.51,  21.51,  21.07
19841020, 0600,  , EX, 41.8N,  48.5W,  30,  996, -999, -999, -999, -999, -999, -999, -999, -999, -999, -999, -999, -999, -999,  19.39,  17.42,  17.38,  17.09,  17.31,  18.09,  17.31,  16.62,  16.59,  16.15,  15.72,  16.00,  15.90,  15.70,  15.24,  14.41,  13.90,  13.18,  13.66,  13.57,  13.31,  12.75,  13.11,  13.56,  14.27,  15.25,  14.22,  13.76,  13.36,  14.19,  13.69
19841020, 1200,  , EX, 42.2N,  45.7W,  30,  997, -999, -999, -999, -999, -999, -999, -999, -999, -999, -999, -999, -999, -999,  22.83,  22.55,  22.11,  21.48,  21.60,  22.03,  21.61,  21.43,  20.95,  20.60,  20.20,  21.02,  22.38,  21.19,  20.64,  20.59,  20.58,  20.53,  20.57,  20.67,  20.58,  20.33,  20.07,  19.75,  19.77,  19.51,  18.92,  18.54,  18.16,  18.61,  20.15
19841020, 1800,  , EX, 42.8N,  42.8W,  30,  997, -999, -999, -999, -999, -999, -999, -999, -999, -999, -999, -999, -999, -999,  21.02,  21.30,  21.60,  21.59,  21.60,  21.76,  21.76,  21.74,  21.39,  20.86,  20.61,  21.51,  21.54,  21.33,  20.86,  20.82,  20.81,  19.65,  18.70,  18.52,  18.19,  18.08,  18.06,  18.14,  18.42,  18.56,  18.60,  18.53,  19.15,  18.73,  18.57
19841021, 0000,  , EX, 43.3N,  39.5W,  30,  998, -999, -999, -999, -999, -999, -999, -999, -999, -999, -999, -999, -999, -999,  19.75,  18.39,  18.08,  18.77,  19.30,  18.78,  18.69,  18.28,  18.21,  18.04,  17.92,  18.42,  19.00,  19.07,  19.12,  18.75,  17.72,  17.43,  17.44,  17.21,  17.08,  17.27,  17.46,  17.65,  17.62,  16.30,  16.00,  15.99,  16.07,  16.36,  16.80
