AL172001,               OLGA,     47,
20011123, 0600,  , EX, 30.5N,  51.0W,  25, 1003, -999, -999, -999, -999, -999, -999, -999, -999, -999, -999, -999, -999, -999,  24.99,  24.82,  24.92,  24.90,  24.80,  25.03,  25.14,  25.08,  24.82,  24.01,  23.89,  23.64,  23.75,  23.81,  23.80,  23.63,  23.59,  23.45,  23.44,  23.37,  23.37,  23.44,  23.48,  23.55,  23.45,  23.44,  23.35,  23.01,  22.89,  22.84,  22.67
20011123, 1200,  , EX, 30.2N,  51.0W,  25, 1000, -999, -999, -999, -999, -999, -999, -999, -999, -999, -999, -999, -999, -999,  24.99,  24.82,  24.92,  24.90,  24.80,  25.03,  25.14,  25.08,  24.82,  24.01,  23.89,  23.64,  23.75,  23.81,  23.80,  23.63,  23.59,  23.45,  23.44,  23.37,  23.37,  23.44,  23.48,  23.55,  23.45,  23.44,  23.35,  23.01,  22.89,  22.84,  22.67
20011123, 1800,  , EX, 29.7N,  50.7W,  30,  994, -999, -999, -999, -999, -999, -999, -999, -999, -999, -999, -999, -999, -999,  25.26,  25.23,  25.19,  24.99,  24.96,  25.23,  25.32,  25.27,  25.02,  24.24,  23.83,  23.63,  23.65,  23.68,  23.70,  23.63,  23.57,  23.64,  23.43,  23.22,  23.22,  23.35,  23.43,  23.70,  23.60,  23.59,  23.54,  23.13,  23.00,  23.00,  22.88
20011124, 0000,  , SS, 29.3N,  50.3W,  50,  990, -999, -999, -999, -999, -999, -999, -999, -999, -999, -999, -999, -999, -999,  25.39,  25.25,  24.99,  25.02,  25.32,  25.43,  25.37,  25.10,  24.30,  24.08,  23.96,  23.84,  23.79,  23.80,  23.81,  23.76,  23.80,  23.41,  23.18,  23.22,  23.30,  23.35,  23.79,  23.79,  23.79,  23.73,  23.10,  23.01,  23.00,  22.96,  23.15
20011124, 0600,  , SS, 29.3N,  50.0W,  50,  990, -999, -999, -999, -999, -999, -999, -999, -999, -999, -999, -999, -999, -999,  25.45,  25.23,  24.97,  25.01,  25.26,  25.37,  25.33,  25.09,  24.18,  24.11,  24.09,  24.00,  23.95,  23.95,  23.87,  23.69,  23.71,  23.40,  23.25,  23.24,  23.25,  23.27,  23.77,  23.80,  23.81,  23.69,  23.13,  22.93,  22.99,  23.02,  23.21
20011124, 1200,  , TS, 29.5N,  49.8W,  50,  989, -999, -999, -999, -999, -999, -999, -999, -999, -999, -999, -999, -999, -999,  25.43,  25.24,  24.96,  25.01,  25.21,  25.26,  25.22,  25.04,  24.04,  23.94,  23.96,  24.02,  24.07,  24.06,  23.82,  23.62,  23.63,  23.48,  23.28,  23.20,  23.23,  23.28,  23.71,  23.71,  23.73,  23.60,  23.25,  23.04,  23.05,  23.01,  23.12
20011124, 1800,  , TS, 30.3N,  49.5W,  50,  989, -999, -999, -999, -999, -999, -999, -999, -999, -999, -999, -999, -999, -999,  25.18,  25.18,  25.00,  24.90,  25.08,  25.15,  25.10,  25.01,  24.12,  23.43,  23.38,  23.63,  23.84,  23.81,  23.66,  23.53,  23.52,  23.60,  23.45,  23.30,  23.25,  23.23,  23.51,  23.43,  23.39,  23.33,  23.31,  23.06,  22.89,  22.85,  22.78
20011125, 0000,  , TS, 31.3N,  50.6W,  50,  989, -999, -999, -999, -999, -999, -999, -999, -999, -999, -999, -999, -999, -999,  24.74,  24.70,  24.61,  24.62,  24.69,  24.61,  24.53,  23.98,  23.78,  23.27,  23.09,  23.22,  23.18,  22.95,  22.92,  22.90,  22.91,  22.88,  22.79,  22.74,  22.72,  23.02,  23.04,  23.05,  22.98,  22.97,  22.86,  22.53,  22.39,  22.41,  22.19
20011125, 0600,  , TS, 31.8N,  52.0W,  50,  989, -999, -999, -999, -999, -999, -999, -999, -999, -999, -999, -999, -999, -999,  23.92,  23.90,  23.64,  23.56,  23.58,  23.36,  23.58,  23.20,  22.89,  22.50,  22.65,  22.72,  22.71,  22.69,  22.66,  22.61,  22.39,  22.52,  22.66,  22.79,  22.70,  22.57,  22.48,  22.46,  22.43,  22.74,  22.81,  22.44,  22.47,  22.47,  22.34
20011125, 1200,  , TS, 31.7N,  53.5W,  55,  989, -999, -999, -999, -999, -999, -999, -999, -999, -999, -999, -999, -999, -999,  23.30,  23.24,  23.49,  23.67,  23.61,  22.67,  22.68,  22.55,  22.50,  22.21,  22.36,  22.49,  22.50,  22.45,  22.41,  22.25,  21.67,  21.67,  21.81,  22.20,  22.18,  21.91,  21.90,  21.78,  21.70,  21.86,  22.05,  21.91,  21.84,  21.86,  21.76
20011125, 1800,  , TS, 30.8N,  55.0W,  60,  987, -999, -999, -999, -999, -999, -999, -999, -999, -999, -999, -999, -999, -999,  25.11,  24.78,  24.66,  24.45,  24.32,  24.54,  24.52,  24.30,  24.01,  23.81,  23.78,  23.71,  23.69,  23.62,  23.55,  23.48,  22.55,  22.49,  22.67,  22.71,  22.67,  22.63,  22.58,  22.60,  22.16,  22.43,  22.72,  22.88,  22.94,  22.94,  22.95
20011126, 0000,  , TS, 30.3N,  55.3W,  60,  979, -999, -999, -999, -999, -999, -999, -999, -999, -999, -999, -999, -999, -999,  24.71,  24.62,  24.51,  24.28,  24.26,  24.26,  24.15,  23.99,  23.90,  23.91,  23.65,  23.65,  23.61,  23.56,  23.51,  22.79,  22.80,  22.89,  22.88,  22.84,  22.85,  22.83,  22.97,  22.47,  22.45,  22.73,  22.74,  22.79,  22.67,  22.62,  22.59
20011126, 0600,  , TS, 30.1N,  55.6W,  60,  979, -999, -999, -999, -999, -999, -999, -999, -999, -999, -999, -999, -999, -999,  24.65,  24.51,  24.45,  24.13,  24.27,  24.38,  24.08,  23.80,  23.52,  23.55,  23.53,  23.50,  23.47,  23.45,  22.98,  22.44,  22.54,  22.66,  22.77,  22.75,  22.79,  22.66,  22.95,  22.70,  22.57,  22.80,  22.83,  22.92,  22.74,  22.67,  22.55
20011126, 1200,  , HU, 30.6N,  55.9W,  65,  979, -999, -999, -999, -999, -999, -999, -999, -999, -999, -999, -999, -999, -999,  24.51,  24.38,  24.32,  23.97,  24.07,  24.17,  23.90,  23.68,  23.42,  23.49,  23.49,  23.50,  23.46,  23.37,  23.29,  22.52,  22.47,  22.69,  22.84,  22.85,  22.83,  22.77,  22.92,  22.61,  22.47,  22.60,  22.59,  22.64,  22.49,  22.43,  22.36
20011126, 1800,  , HU, 31.1N,  56.0W,  65,  977, -999, -999, -999, -999, -999, -999, -999, -999, -999, -999, -999, -999, -999,  24.34,  24.28,  24.21,  23.91,  23.89,  23.85,  23.68,  23.58,  23.44,  23.48,  23.50,  23.52,  23.46,  23.37,  23.27,  22.40,  22.34,  22.70,  22.75,  22.73,  22.68,  22.63,  22.82,  22.50,  22.52,  22.62,  22.59,  22.55,  22.45,  22.44,  22.34
20011127, 0000,  , HU, 32.1N,  56.2W,  75,  975, -999, -999, -999, -999, -999, -999, -999, -999, -999, -999, -999, -999, -999,  24.01,  23.94,  23.56,  23.54,  23.47,  23.33,  23.15,  22.94,  22.71,  22.80,  22.85,  22.80,  22.73,  22.17,  21.56,  21.47,  22.31,  22.42,  22.42,  22.36,  22.32,  22.30,  21.85,  22.17,  22.39,  22.36,  22.30,  22.04,  21.94,  21.54,  21.97
20011127, 0600,  , HU, 32.6N,  57.0W,  80,  973, -999, -999, -999, -999, -999, -999, -999, -999, -999, -999, -999, -999, -999,  24.17,  23.89,  23.58,  23.47,  23.50,  23.11,  22.90,  23.12,  22.64,  22.48,  22.56,  22.62,  22.64,  21.97,  21.89,  21.91,  22.10,  22.05,  22.02,  21.96,  21.91,  21.86,  21.24,  21.66,  21.86,  21.78,  21.64,  21.33,  21.20,  21.14,  21.53
20011127, 1200,  , HU, 31.5N,  57.2W,  80,  974, -999, -999, -999, -999, -999, -999, -999, -999, -999, -999, -999, -999, -999,  24.12,  23.87,  23.74,  23.91,  23.94,  23.62,  23.11,  22.96,  22.86,  22.82,  22.77,  22.57,  22.31,  22.00,  21.53,  21.56,  22.38,  22.43,  22.43,  22.38,  22.53,  22.62,  22.09,  22.07,  22.11,  22.20,  22.12,  21.87,  21.76,  21.72,  21.82
20011127, 1800,  , HU, 32.0N,  56.0W,  75,  975, -999, -999, -999, -999, -999, -999, -999, -999, -999, -999, -999, -999, -999,  24.07,  24.02,  23.66,  23.63,  23.49,  23.41,  23.25,  23.08,  22.83,  22.97,  23.01,  22.95,  22.89,  22.47,  21.78,  21.72,  22.40,  22.48,  22.46,  22.39,  22.31,  22.25,  21.89,  22.24,  22.40,  22.35,  22.26,  22.00,  21.90,  21.51,  21.91
20011128, 0000,  , HU, 32.3N,  55.8W,  75,  975, -999, -999, -999, -999, -999, -999, -999, -999, -999, -999, -999, -999, -999,  24.02,  23.66,  23.63,  23.49,  23.41,  23.25,  23.08,  22.83,  22.97,  23.01,  22.95,  22.89,  22.47,  21.78,  21.72,  22.40,  22.48,  22.46,  22.39,  22.31,  22.25,  21.89,  22.24,  22.40,  22.35,  22.26,  22.00,  21.90,  21.51,  21.91,  21.58
20011128, 0600,  , HU, 32.6N,  55.7W,  75,  975, -999, -999, -999, -999, -999, -999, -999, -999, -999, -999, -999, -999, -999,  23.83,  23.46,  23.45,  23.34,  23.29,  22.93,  22.63,  22.50,  22.65,  22.68,  22.62,  22.55,  21.97,  21.48,  21.38,  21.82,  21.97,  21.99,  21.94,  21.89,  21.84,  21.65,  21.76,  21.80,  21.71,  21.61,  21.42,  21.38,  20.98,  21.57,  21.56
20011128, 1200,  , HU, 32.4N,  56.2W,  75,  977, -999, -999, -999, -999, -999, -999, -999, -999, -999, -999, -999, -999, -999,  23.89,  23.55,  23.54,  23.50,  23.37,  23.01,  22.78,  22.56,  22.72,  22.74,  22.68,  22.63,  22.01,  21.54,  21.45,  22.11,  22.23,  22.22,  22.17,  22.11,  22.06,  21.69,  21.94,  22.08,  22.02,  21.96,  21.72,  21.61,  21.16,  21.72,  21.74
20011128, 1800,  , HU, 31.4N,  57.0W,  70,  979, -999, -999, -999, -999, -999, -999, -999, -999, -999, -999, -999, -999, -999,  24.05,  23.87,  24.03,  24.14,  23.73,  23.31,  23.09,  23.05,  23.09,  23.04,  22.78,  22.48,  22.27,  21.88,  21.88,  22.55,  22.53,  22.51,  22.45,  22.59,  22.70,  22.33,  22.29,  22.23,  22.30,  22.20,  22.00,  21.91,  21.88,  21.83,  21.68
20011129, 0000,  , HU, 30.3N,  57.6W,  65,  987, -999, -999, -999, -999, -999, -999, -999, -999, -999, -999, -999, -999, -999,  24.53,  24.21,  23.99,  24.03,  24.13,  23.88,  23.73,  23.71,  23.67,  23.44,  23.43,  23.26,  22.50,  22.35,  22.51,  22.58,  22.52,  22.51,  21.89,  21.95,  22.45,  22.40,  22.59,  22.71,  22.69,  22.69,  22.70,  22.60,  22.50,  22.36,  22.11
20011129, 0600,  , TS, 29.3N,  58.7W,  60,  990, -999, -999, -999, -999, -999, -999, -999, -999, -999, -999, -999, -999, -999,  25.61,  25.02,  24.75,  24.87,  24.69,  24.51,  24.48,  24.33,  24.08,  23.94,  24.15,  23.73,  23.45,  23.56,  23.77,  23.86,  23.81,  23.74,  22.92,  23.01,  23.51,  23.24,  23.65,  23.73,  23.85,  23.89,  23.81,  23.92,  23.85,  23.69,  23.48
20011129, 1200,  , TS, 28.4N,  60.1W,  60,  992, -999, -999, -999, -999, -999, -999, -999, -999, -999, -999, -999, -999, -999,  25.27,  24.70,  24.69,  24.62,  24.30,  24.14,  24.16,  24.05,  24.45,  24.73,  24.78,  24.18,  23.79,  23.65,  23.51,  23.48,  23.55,  23.73,  24.31,  24.33,  24.05,  23.95,  24.35,  24.34,  24.24,  24.15,  24.06,  23.90,  24.42,  24.44,  24.32
20011129, 1800,  , TS, 27.3N,  61.8W,  55,  994, -999, -999, -999, -999, -999, -999, -999, -999, -999, -999, -999, -999, -999,  26.07,  25.36,  25.63,  25.34,  25.38,  25.35,  25.31,  24.97,  25.04,  25.11,  25.23,  25.09,  24.62,  24.65,  24.60,  24.62,  24.57,  24.13,  24.10,  24.16,  24.23,  24.41,  24.60,  24.63,  24.66,  24.69,  24.13,  24.11,  24.30,  24.43,  24.16
20011130, 0000,  , TS, 26.2N,  63.2W,  45,  998, -999, -999, -999, -999, -999, -999, -999, -999, -999, -999, -999, -999, -999,  25.54,  25.77,  26.00,  26.05,  26.17,  26.00,  25.39,  25.42,  25.45,  25.49,  25.16,  24.99,  25.21,  25.30,  25.25,  25.13,  24.68,  24.58,  24.60,  24.53,  24.48,  24.43,  24.39,  24.39,  24.38,  23.91,  23.94,  24.21,  24.42,  24.26,  24.09
20011130, 0600,  , TS, 25.3N,  64.7W,  35, 1001, -999, -999, -999, -999, -999, -999, -999, -999, -999, -999, -999, -999, -999,  26.45,  26.47,  26.95,  27.02,  26.90,  26.46,  26.50,  26.52,  26.46,  26.29,  25.90,  25.81,  25.84,  25.90,  25.80,  25.66,  25.64,  25.53,  25.29,  25.24,  25.15,  24.76,  24.48,  24.69,  24.54,  24.70,  24.92,  24.88,  24.73,  24.56,  24.58
20011130, 1200,  , TD, 24.5N,  66.2W,  30, 1003, -999, -999, -999, -999, -999, -999, -999, -999, -999, -999, -999, -999, -999,  26.82,  26.94,  27.23,  27.39,  27.32,  26.86,  26.82,  26.85,  26.85,  26.79,  26.69,  26.64,  26.68,  26.65,  26.34,  25.82,  25.85,  25.77,  25.65,  25.69,  25.59,  25.52,  25.30,  25.07,  25.08,  25.10,  25.23,  25.41,  25.15,  25.04,  25.12
20011130, 1800,  , TD, 23.7N,  67.1W,  30, 1004, -999, -999, -999, -999, -999, -999, -999, -999, -999, -999, -999, -999, -999,  26.76,  26.89,  26.98,  27.16,  27.19,  27.03,  27.02,  26.96,  27.05,  26.61,  27.12,  27.09,  27.05,  26.50,  25.57,  25.17,  26.12,  26.22,  26.26,  26.35,  26.31,  26.29,  26.17,  25.59,  25.59,  25.63,  25.68,  26.08,  25.91,  25.68,  25.64
20011201, 0000,  , TD, 23.4N,  67.7W,  30, 1004, -999, -999, -999, -999, -999, -999, -999, -999, -999, -999, -999, -999, -999,  26.86,  26.87,  26.98,  27.16,  27.14,  27.11,  27.04,  27.16,  26.87,  27.34,  27.37,  27.23,  26.64,  25.96,  25.61,  26.42,  26.60,  26.61,  26.66,  26.65,  26.62,  26.31,  25.87,  25.91,  26.00,  25.90,  26.24,  26.28,  26.19,  26.17,  26.00
20011201, 0600,  , TD, 23.1N,  68.0W,  30, 1005, -999, -999, -999, -999, -999, -999, -999, -999, -999, -999, -999, -999, -999,  27.06,  27.05,  26.91,  27.20,  27.27,  27.21,  27.12,  27.26,  27.05,  27.39,  27.40,  27.21,  26.74,  26.24,  25.94,  26.66,  26.93,  26.93,  26.96,  26.91,  26.87,  26.49,  26.06,  26.16,  26.31,  26.13,  26.30,  26.40,  26.46,  26.47,  26.21
20011201, 1200,  , TD, 22.8N,  68.3W,  30, 1004, -999, -999, -999, -999, -999, -999, -999, -999, -999, -999, -999, -999, -999,  27.38,  27.45,  26.72,  27.12,  27.34,  27.32,  27.35,  27.53,  27.40,  27.54,  27.44,  27.14,  26.90,  26.79,  26.17,  26.40,  26.90,  27.08,  27.02,  26.95,  26.94,  26.59,  26.26,  26.50,  26.58,  26.31,  26.29,  26.39,  26.59,  26.69,  26.27
20011201, 1800,  , TD, 23.0N,  68.6W,  30, 1004, -999, -999, -999, -999, -999, -999, -999, -999, -999, -999, -999, -999, -999,  27.11,  27.21,  26.34,  26.57,  26.82,  26.75,  26.82,  27.00,  26.75,  26.92,  26.96,  26.76,  26.35,  26.25,  25.71,  25.76,  26.27,  26.60,  26.51,  26.32,  26.27,  26.02,  26.00,  26.23,  26.41,  26.19,  26.21,  26.28,  26.38,  26.41,  26.08
20011202, 0000,  , TS, 23.4N,  68.9W,  35, 1003, -999, -999, -999, -999, -999, -999, -999, -999, -999, -999, -999, -999, -999,  27.28,  26.33,  26.42,  26.72,  26.69,  26.83,  27.04,  26.86,  26.96,  26.99,  26.80,  26.28,  26.16,  25.52,  25.57,  26.02,  26.32,  26.17,  25.92,  25.81,  25.65,  25.72,  25.94,  26.16,  26.02,  26.04,  26.07,  26.15,  26.16,  25.86,  25.60
20011202, 0600,  , TS, 24.3N,  68.9W,  35, 1003, -999, -999, -999, -999, -999, -999, -999, -999, -999, -999, -999, -999, -999,  26.74,  26.27,  26.72,  26.74,  26.70,  26.52,  26.58,  26.36,  26.65,  26.78,  26.71,  25.91,  25.50,  25.08,  25.21,  25.60,  25.63,  25.73,  25.74,  25.62,  25.31,  25.52,  25.81,  25.87,  25.58,  25.62,  25.62,  25.69,  25.73,  25.66,  25.49
20011202, 1200,  , TS, 25.5N,  69.2W,  40, 1001, -999, -999, -999, -999, -999, -999, -999, -999, -999, -999, -999, -999, -999,  25.78,  25.27,  25.75,  25.87,  25.78,  25.66,  25.80,  25.83,  25.76,  25.65,  25.42,  25.12,  25.09,  24.74,  24.86,  24.85,  24.76,  24.63,  24.60,  24.61,  24.60,  24.93,  25.24,  25.34,  24.98,  24.99,  24.83,  24.79,  24.77,  25.27,  24.88
20011202, 1800,  , TS, 26.4N,  69.5W,  40, 1001, -999, -999, -999, -999, -999, -999, -999, -999, -999, -999, -999, -999, -999,  24.75,  24.29,  24.49,  24.71,  24.72,  24.67,  24.95,  25.14,  25.02,  24.84,  24.70,  24.38,  24.42,  24.24,  24.49,  24.47,  24.08,  24.10,  24.07,  23.90,  24.16,  24.39,  24.72,  24.86,  24.48,  24.49,  24.30,  24.23,  24.22,  24.57,  24.29
20011203, 0000,  , TS, 27.0N,  69.7W,  35, 1004, -999, -999, -999, -999, -999, -999, -999, -999, -999, -999, -999, -999, -999,  24.14,  24.26,  24.39,  24.40,  24.36,  24.49,  24.46,  24.49,  24.41,  24.20,  23.77,  23.74,  23.66,  23.79,  23.64,  23.19,  23.13,  23.18,  23.33,  23.19,  23.18,  23.54,  23.71,  23.56,  23.48,  23.23,  23.18,  23.23,  23.18,  23.18,  23.10
20011203, 0600,  , TS, 27.4N,  69.9W,  35, 1005, -999, -999, -999, -999, -999, -999, -999, -999, -999, -999, -999, -999, -999,  24.13,  24.19,  24.23,  24.27,  24.20,  24.33,  24.28,  24.27,  24.21,  24.06,  23.63,  23.55,  23.51,  23.57,  23.38,  22.93,  22.86,  22.96,  23.15,  23.06,  23.12,  23.44,  23.68,  23.60,  23.49,  23.26,  23.25,  23.29,  23.26,  23.11,  23.06
20011203, 1200,  , TS, 27.8N,  69.9W,  35, 1005, -999, -999, -999, -999, -999, -999, -999, -999, -999, -999, -999, -999, -999,  23.96,  23.99,  24.04,  24.10,  23.99,  24.16,  24.21,  24.17,  24.05,  23.92,  23.51,  23.44,  23.43,  23.51,  23.25,  22.85,  22.83,  22.95,  23.13,  23.13,  23.24,  23.50,  23.76,  23.72,  23.55,  23.28,  23.26,  23.33,  23.27,  23.07,  22.99
20011203, 1800,  , TS, 27.7N,  69.6W,  35, 1005, -999, -999, -999, -999, -999, -999, -999, -999, -999, -999, -999, -999, -999,  24.08,  24.01,  23.97,  24.08,  24.01,  24.14,  24.14,  24.10,  23.96,  23.86,  23.47,  23.40,  23.38,  23.49,  23.29,  22.98,  22.97,  23.07,  23.20,  23.12,  23.20,  23.50,  23.78,  23.72,  23.58,  23.26,  23.25,  23.35,  23.37,  23.12,  23.08
20011204, 0000,  , TD, 27.7N,  69.1W,  30, 1006, -999, -999, -999, -999, -999, -999, -999, -999, -999, -999, -999, -999, -999,  23.79,  23.64,  23.89,  23.90,  24.00,  23.97,  24.09,  24.00,  23.86,  23.41,  23.37,  23.40,  23.59,  23.50,  23.45,  23.36,  23.27,  23.30,  23.13,  23.38,  23.59,  23.86,  23.72,  23.52,  23.28,  23.54,  23.66,  23.58,  23.29,  23.22,  23.14
20011204, 0600,  , TD, 27.8N,  68.2W,  30, 1006, -999, -999, -999, -999, -999, -999, -999, -999, -999, -999, -999, -999, -999,  23.36,  23.75,  24.02,  23.94,  24.06,  24.13,  23.88,  23.83,  23.70,  23.36,  23.34,  23.53,  23.78,  23.78,  23.51,  22.99,  22.80,  22.84,  22.85,  23.38,  23.51,  23.78,  23.55,  23.34,  23.29,  23.41,  23.47,  23.39,  23.25,  23.22,  23.12
20011204, 1200,  , TD, 27.8N,  68.0W,  30, 1006, -999, -999, -999, -999, -999, -999, -999, -999, -999, -999, -999, -999, -999,  23.51,  23.99,  24.17,  24.02,  24.13,  24.22,  23.93,  23.90,  23.76,  23.43,  23.37,  23.54,  23.77,  23.78,  23.39,  22.87,  22.76,  22.84,  22.84,  23.39,  23.52,  23.81,  23.59,  23.33,  23.30,  23.40,  23.41,  23.35,  23.27,  23.27,  23.22
20011204, 1800,  , TD, 27.0N,  67.4W,  30, 1006, -999, -999, -999, -999, -999, -999, -999, -999, -999, -999, -999, -999, -999,  23.90,  24.19,  24.29,  24.15,  24.18,  24.30,  24.21,  24.16,  24.01,  23.85,  23.44,  23.49,  23.68,  23.72,  23.63,  23.15,  23.33,  23.44,  23.42,  23.78,  23.81,  23.90,  23.63,  23.48,  23.51,  23.61,  23.62,  23.56,  23.34,  23.71,  23.85
