AL172011,           PHILIPPE,     65,
20110923, 0000,  , LO,  8.3N,  17.5W,  20, 1010,    0,    0,    0,    0,    0,    0,    0,    0,    0,    0,    0,    0, -999,  27.32,  27.23,  27.14,  27.14,  27.47,  27.35,  27.34,  27.35,  27.44,  27.50,  27.55,  27.60,  27.57,  27.58,  27.62,  27.27,  26.94,  26.84,  27.54,  27.90,  27.96,  27.44,  27.47,  28.05,  28.38,  28.43,  28.40,  28.10,  29.10,  29.04,  28.78
20110923, 0600,  , LO,  8.6N,  19.1W,  20, 1010,    0,    0,    0,    0,    0,    0,    0,    0,    0,    0,    0,    0, -999,  27.47,  27.32,  27.33,  27.46,  27.93,  28.01,  28.07,  28.07,  27.91,  27.90,  27.65,  27.60,  27.65,  27.62,  27.76,  27.80,  27.62,  27.71,  28.01,  28.18,  29.03,  28.44,  28.25,  28.36,  28.32,  28.27,  28.14,  28.14,  28.98,  29.13,  29.12
20110923, 1200,  , LO,  9.0N,  20.6W,  25, 1010,    0,    0,    0,    0,    0,    0,    0,    0,    0,    0,    0,    0, -999,  27.24,  27.35,  27.42,  27.36,  27.89,  28.12,  28.17,  28.13,  27.75,  27.60,  27.37,  26.65,  26.78,  27.37,  27.78,  27.81,  27.63,  27.70,  27.81,  28.10,  28.47,  27.95,  28.40,  28.54,  28.51,  28.23,  28.00,  27.85,  28.50,  28.72,  28.48
20110923, 1800,  , LO,  9.5N,  22.0W,  25, 1009,    0,    0,    0,    0,    0,    0,    0,    0,    0,    0,    0,    0, -999,  27.64,  27.51,  27.38,  27.34,  27.80,  27.93,  28.05,  28.04,  27.47,  27.53,  27.63,  27.57,  28.02,  28.09,  28.09,  28.08,  28.04,  27.94,  28.20,  28.37,  28.21,  28.18,  28.53,  28.56,  28.56,  28.54,  28.44,  28.53,  28.66,  28.80,  28.55
20110924, 0000,  , LO, 10.4N,  23.3W,  30, 1008,    0,    0,    0,    0,    0,    0,    0,    0,    0,    0,    0,    0, -999,  27.64,  27.53,  27.37,  27.69,  27.80,  27.99,  27.99,  27.72,  27.64,  27.75,  27.90,  28.02,  28.15,  28.27,  28.28,  28.00,  28.03,  28.00,  28.13,  28.16,  28.18,  28.53,  28.82,  28.86,  28.62,  28.70,  28.64,  28.55,  28.33,  28.14,  28.58
20110924, 0600,  , TD, 11.0N,  24.7W,  30, 1007,    0,    0,    0,    0,    0,    0,    0,    0,    0,    0,    0,    0, -999,  28.25,  27.76,  27.13,  27.38,  27.90,  27.91,  27.64,  27.69,  27.88,  27.82,  27.17,  27.20,  27.91,  28.15,  28.19,  27.99,  27.96,  28.04,  27.98,  28.06,  28.05,  28.15,  28.42,  28.52,  28.39,  28.37,  28.50,  28.58,  28.19,  28.21,  28.46
20110924, 1200,  , TS, 11.1N,  26.1W,  35, 1006,   30,    0,    0,   30,    0,    0,    0,    0,    0,    0,    0,    0, -999,  28.17,  27.98,  27.45,  27.62,  27.65,  27.85,  27.96,  28.15,  28.05,  28.02,  27.60,  27.67,  27.96,  28.08,  27.84,  27.80,  27.82,  27.96,  28.11,  27.69,  27.72,  27.79,  28.00,  28.06,  28.56,  28.65,  28.60,  28.23,  27.83,  27.89,  28.26
20110924, 1800,  , TS, 11.2N,  27.3W,  35, 1006,   30,    0,    0,   30,    0,    0,    0,    0,    0,    0,    0,    0, -999,  27.82,  27.84,  27.32,  27.32,  27.57,  28.01,  28.16,  27.99,  27.97,  28.13,  27.73,  27.65,  27.77,  28.01,  28.01,  27.93,  27.85,  28.08,  28.11,  27.56,  27.57,  27.70,  27.83,  28.22,  28.31,  28.18,  28.34,  27.80,  28.32,  28.26,  28.26
20110925, 0000,  , TS, 11.5N,  28.4W,  35, 1006,   30,    0,    0,   45,    0,    0,    0,    0,    0,    0,    0,    0, -999,  27.28,  27.13,  27.23,  27.60,  28.08,  27.98,  27.99,  28.05,  28.07,  27.62,  27.67,  27.84,  28.11,  28.19,  27.95,  27.68,  27.74,  28.06,  27.58,  27.57,  27.68,  27.72,  27.88,  28.24,  28.39,  28.52,  27.73,  27.97,  28.05,  28.07,  28.27
20110925, 0600,  , TS, 12.1N,  29.4W,  40, 1006,   45,   30,   30,   45,    0,    0,    0,    0,    0,    0,    0,    0, -999,  28.00,  27.52,  27.21,  27.31,  27.92,  28.02,  28.20,  28.25,  28.27,  28.15,  27.92,  28.00,  28.25,  28.36,  28.31,  28.14,  28.25,  28.35,  27.85,  27.80,  27.82,  27.69,  27.62,  27.98,  28.41,  28.52,  27.95,  28.09,  28.01,  28.22,  28.24
20110925, 1200,  , TS, 12.7N,  30.3W,  40, 1006,   45,   30,   30,   45,    0,    0,    0,    0,    0,    0,    0,    0, -999,  27.73,  27.36,  27.29,  27.31,  28.02,  28.08,  28.31,  28.30,  28.32,  27.78,  27.57,  27.95,  28.06,  28.17,  28.02,  27.90,  28.01,  28.40,  28.09,  28.07,  28.06,  27.81,  27.71,  27.83,  28.31,  28.55,  27.99,  28.20,  27.96,  28.27,  28.33
20110925, 1800,  , TS, 13.2N,  31.2W,  45, 1005,   45,   30,   45,   60,    0,    0,    0,    0,    0,    0,    0,    0, -999,  27.64,  26.97,  26.95,  26.98,  27.85,  27.93,  28.07,  28.07,  27.86,  27.34,  27.04,  27.40,  27.61,  27.88,  27.65,  27.48,  27.90,  28.16,  27.89,  27.86,  27.89,  27.57,  27.46,  27.43,  28.09,  28.49,  28.24,  28.02,  27.60,  28.13,  28.24
20110926, 0000,  , TS, 13.8N,  32.1W,  45, 1005,   60,   45,   45,   60,    0,    0,    0,    0,    0,    0,    0,    0, -999,  27.36,  26.99,  27.00,  27.71,  27.75,  27.88,  27.96,  27.84,  27.32,  26.91,  27.45,  27.63,  27.71,  27.39,  27.37,  27.46,  27.55,  27.50,  27.48,  27.42,  27.38,  27.08,  26.99,  27.61,  28.15,  28.12,  27.97,  27.33,  27.64,  28.01,  27.90
20110926, 0600,  , TS, 14.4N,  33.0W,  45, 1004,   60,   45,   45,   60,    0,    0,    0,    0,    0,    0,    0,    0, -999,  27.03,  26.71,  26.99,  27.25,  27.40,  27.46,  27.73,  27.77,  27.37,  26.74,  26.78,  27.12,  27.52,  27.33,  27.04,  26.98,  27.21,  27.21,  27.20,  27.12,  27.08,  26.89,  26.64,  26.71,  28.02,  28.11,  27.94,  27.19,  27.58,  27.71,  27.73
20110926, 1200,  , TS, 14.9N,  33.6W,  50, 1003,   60,   45,   45,   60,   25,   20,    0,   20,    0,    0,    0,    0, -999,  26.73,  26.35,  26.85,  27.07,  27.31,  27.38,  27.60,  27.65,  27.32,  26.58,  26.46,  26.80,  27.02,  27.07,  26.91,  26.94,  27.18,  26.96,  26.96,  26.99,  26.97,  26.85,  26.70,  26.70,  27.90,  27.83,  27.61,  26.95,  27.31,  27.24,  27.33
20110926, 1800,  , TS, 15.3N,  34.1W,  50, 1003,   60,   60,   45,   60,   30,   20,    0,   30,    0,    0,    0,    0, -999,  26.89,  26.41,  26.69,  26.98,  27.10,  27.20,  27.31,  27.36,  27.08,  26.76,  26.72,  26.73,  26.84,  27.00,  26.87,  26.99,  27.19,  26.84,  26.78,  26.83,  26.68,  26.51,  26.82,  26.81,  27.57,  27.61,  27.54,  27.30,  27.41,  27.14,  27.16
20110927, 0000,  , TS, 15.4N,  34.4W,  45, 1004,   75,   60,   60,   45,    0,    0,    0,    0,    0,    0,    0,    0, -999,  26.50,  26.73,  27.03,  27.11,  27.17,  27.25,  27.29,  26.97,  26.75,  26.78,  26.73,  26.77,  27.01,  26.92,  27.06,  27.20,  26.85,  26.78,  26.85,  26.81,  26.59,  26.82,  26.85,  27.53,  27.57,  27.65,  27.43,  27.43,  27.12,  27.10,  27.15
20110927, 0600,  , TS, 15.5N,  34.7W,  45, 1004,   75,   75,   60,   45,    0,    0,    0,    0,    0,    0,    0,    0, -999,  26.55,  26.76,  27.11,  27.17,  27.08,  27.06,  26.99,  26.67,  26.76,  26.76,  26.50,  26.51,  26.94,  26.95,  27.07,  27.15,  26.70,  26.69,  26.68,  26.64,  26.46,  26.64,  26.64,  27.27,  27.38,  27.51,  27.26,  27.06,  26.85,  26.92,  27.05
20110927, 1200,  , TS, 15.6N,  35.2W,  40, 1005,   75,   60,   45,   45,    0,    0,    0,    0,    0,    0,    0,    0, -999,  26.79,  26.92,  27.06,  27.10,  27.09,  27.02,  26.97,  27.00,  27.00,  27.00,  26.63,  26.64,  27.17,  27.27,  27.22,  27.14,  26.88,  26.82,  26.70,  26.61,  26.48,  26.78,  27.00,  27.34,  27.33,  27.46,  27.07,  26.89,  26.69,  26.78,  26.93
20110927, 1800,  , TS, 15.7N,  35.8W,  35, 1006,   75,   45,    0,   45,    0,    0,    0,    0,    0,    0,    0,    0, -999,  27.04,  27.11,  27.14,  27.18,  27.21,  27.22,  27.10,  27.04,  26.98,  26.94,  26.56,  26.70,  27.20,  27.26,  26.96,  26.90,  26.85,  26.91,  26.80,  26.65,  26.51,  26.82,  27.02,  27.24,  27.32,  27.46,  26.82,  26.72,  26.57,  26.69,  26.83
20110928, 0000,  , TD, 15.8N,  36.6W,  30, 1007,    0,    0,    0,    0,    0,    0,    0,    0,    0,    0,    0,    0, -999,  27.18,  27.35,  27.42,  27.33,  27.32,  27.17,  27.05,  26.99,  26.67,  26.62,  26.79,  27.03,  27.04,  26.90,  26.78,  26.85,  26.82,  26.76,  26.36,  26.22,  26.57,  26.79,  26.88,  27.02,  27.33,  26.22,  26.66,  26.63,  26.58,  26.77,  26.75
20110928, 0600,  , TD, 16.0N,  37.4W,  30, 1007,    0,    0,    0,    0,    0,    0,    0,    0,    0,    0,    0,    0, -999,  26.91,  27.14,  27.36,  27.52,  27.47,  27.10,  26.70,  26.58,  26.49,  26.46,  26.87,  27.11,  27.09,  26.99,  27.02,  27.02,  27.05,  27.15,  26.52,  26.29,  26.78,  27.02,  27.16,  27.19,  27.24,  26.67,  26.96,  26.74,  26.47,  26.90,  26.84
20110928, 1200,  , TS, 16.2N,  38.4W,  35, 1006,   90,   60,    0,   45,    0,    0,    0,    0,    0,    0,    0,    0, -999,  27.21,  27.30,  27.36,  27.31,  27.19,  26.92,  26.46,  26.39,  26.37,  26.49,  26.94,  27.05,  27.05,  27.12,  27.09,  26.79,  26.74,  27.08,  26.67,  26.49,  26.86,  27.03,  27.09,  27.11,  27.12,  26.88,  26.86,  26.68,  26.89,  27.12,  27.04
20110928, 1800,  , TS, 16.6N,  39.4W,  40, 1005,   90,   60,    0,   45,    0,    0,    0,    0,    0,    0,    0,    0, -999,  26.99,  27.04,  27.17,  27.20,  27.03,  26.83,  26.69,  26.77,  26.91,  26.81,  26.89,  27.06,  27.10,  27.11,  27.14,  27.19,  26.96,  27.10,  26.75,  26.44,  26.72,  26.87,  26.80,  26.75,  26.74,  26.76,  26.62,  26.72,  26.84,  26.88,  26.84
20110929, 0000,  , TS, 17.1N,  40.5W,  40, 1005,   90,   60,    0,   45,    0,    0,    0,    0,    0,    0,    0,    0, -999,  27.04,  27.12,  27.17,  27.02,  26.72,  26.55,  26.65,  26.73,  26.67,  26.69,  26.95,  26.98,  27.07,  27.43,  27.64,  27.04,  27.16,  26.91,  26.66,  26.92,  27.03,  26.93,  26.81,  26.85,  27.06,  26.30,  26.54,  26.80,  27.10,  27.10,  27.10
20110929, 0600,  , TS, 17.8N,  41.5W,  45, 1004,   90,   60,    0,   45,    0,    0,    0,    0,    0,    0,    0,    0, -999,  27.20,  27.29,  27.37,  27.32,  27.24,  27.00,  26.83,  26.91,  27.08,  27.06,  27.12,  27.14,  27.06,  27.37,  27.40,  27.18,  27.14,  26.97,  26.85,  27.06,  27.05,  26.97,  26.77,  26.53,  26.64,  26.17,  26.13,  26.68,  26.96,  26.93,  27.14
20110929, 1200,  , TS, 18.7N,  42.3W,  45, 1004,   90,   45,    0,   45,    0,    0,    0,    0,    0,    0,    0,    0, -999,  27.29,  27.27,  27.38,  27.36,  27.11,  26.96,  26.90,  26.87,  26.90,  27.29,  27.29,  27.30,  27.25,  26.99,  27.26,  27.10,  26.92,  26.98,  27.01,  27.20,  27.22,  27.13,  27.15,  27.05,  26.95,  26.61,  26.59,  26.75,  26.86,  26.86,  26.88
20110929, 1800,  , TS, 19.7N,  43.0W,  45, 1005,   90,   45,    0,   60,    0,    0,    0,    0,    0,    0,    0,    0, -999,  27.46,  27.52,  27.42,  26.92,  27.32,  27.17,  27.19,  27.28,  27.30,  27.56,  27.54,  27.57,  28.14,  28.33,  27.61,  27.09,  26.62,  26.93,  26.91,  27.19,  27.19,  27.21,  27.00,  27.01,  27.11,  26.77,  26.64,  26.87,  27.03,  27.23,  27.27
20110930, 0000,  , TS, 20.7N,  43.6W,  40, 1007,   90,   30,    0,   60,    0,    0,    0,    0,    0,    0,    0,    0, -999,  27.32,  27.26,  26.39,  27.16,  27.13,  27.28,  27.35,  27.32,  27.57,  27.61,  27.57,  28.06,  28.68,  28.20,  27.98,  27.15,  27.36,  26.79,  27.00,  27.21,  27.19,  27.37,  27.12,  27.10,  27.05,  27.18,  27.22,  27.26,  27.25,  27.22,  27.71
20110930, 0600,  , TS, 21.7N,  44.2W,  40, 1007,   75,   30,    0,   60,    0,    0,    0,    0,    0,    0,    0,    0, -999,  27.54,  27.46,  26.98,  27.37,  27.44,  27.50,  27.63,  27.56,  27.90,  27.80,  27.58,  27.72,  27.95,  28.21,  28.01,  27.70,  27.61,  27.14,  27.26,  27.27,  27.01,  27.64,  27.70,  27.55,  27.45,  27.48,  27.49,  27.49,  27.51,  27.29,  27.50
20110930, 1200,  , TS, 22.5N,  44.8W,  45, 1006,   75,   30,   30,   60,    0,    0,    0,    0,    0,    0,    0,    0, -999,  27.47,  27.58,  27.84,  27.67,  27.38,  27.41,  27.39,  27.35,  27.65,  27.72,  27.32,  27.47,  27.92,  28.20,  27.91,  27.72,  26.87,  26.97,  27.14,  27.28,  27.15,  27.61,  27.76,  27.65,  27.86,  27.64,  27.58,  27.62,  27.53,  27.55,  27.66
20110930, 1800,  , TS, 23.2N,  45.6W,  45, 1005,   75,   30,   30,   60,    0,    0,    0,    0,    0,    0,    0,    0, -999,  27.47,  27.83,  28.14,  27.80,  27.52,  27.52,  27.46,  27.37,  27.48,  27.68,  26.90,  27.51,  27.96,  28.24,  28.07,  27.96,  27.70,  27.01,  26.98,  27.11,  27.14,  27.75,  28.19,  27.76,  27.62,  27.61,  27.73,  27.86,  27.53,  27.51,  27.89
20111001, 0000,  , TS, 23.8N,  46.3W,  50, 1003,   75,   30,   30,   60,   25,    0,    0,   25,    0,    0,    0,    0, -999,  27.76,  28.15,  27.74,  27.56,  27.48,  27.49,  27.35,  27.49,  27.57,  27.19,  27.70,  27.90,  28.20,  28.24,  28.17,  28.18,  26.95,  26.85,  27.07,  27.34,  27.97,  28.19,  27.75,  27.59,  27.55,  27.66,  27.74,  27.56,  27.53,  27.72,  27.59
20111001, 0600,  , TS, 24.1N,  47.0W,  55,  999,   75,   45,   30,   75,   25,    0,    0,   25,    0,    0,    0,    0, -999,  27.59,  27.95,  27.80,  27.84,  27.75,  27.60,  27.58,  27.72,  27.83,  27.83,  28.08,  28.24,  28.42,  28.44,  28.03,  27.83,  26.94,  27.06,  27.30,  27.70,  28.39,  28.53,  28.05,  27.96,  27.98,  27.67,  27.62,  27.67,  27.70,  27.58,  27.53
20111001, 1200,  , TS, 24.4N,  47.6W,  60,  997,   90,   45,   45,   75,   25,    0,    0,   25,    0,    0,    0,    0, -999,  27.91,  28.12,  27.88,  28.01,  27.96,  27.77,  27.77,  27.90,  27.74,  27.77,  27.95,  28.18,  28.29,  28.54,  27.85,  27.42,  26.83,  27.03,  27.32,  27.49,  27.88,  27.96,  27.61,  27.59,  27.35,  27.20,  27.33,  27.47,  27.53,  27.37,  27.39
20111001, 1800,  , TS, 24.8N,  48.4W,  60,  995,   90,   60,   45,   90,   25,    0,    0,   25,    0,    0,    0,    0, -999,  28.10,  28.26,  28.11,  28.21,  28.13,  27.87,  27.79,  27.99,  27.89,  28.06,  28.10,  28.23,  28.28,  28.25,  28.21,  28.27,  27.05,  26.72,  26.70,  26.90,  27.37,  27.34,  27.09,  27.06,  26.59,  26.61,  26.79,  26.90,  26.88,  26.87,  26.88
20111002, 0000,  , TS, 25.2N,  49.3W,  60,  993,   90,   75,   45,   90,   35,   30,    0,   35,    0,    0,    0,    0, -999,  28.10,  28.10,  28.16,  27.93,  27.79,  27.87,  27.98,  28.18,  27.97,  28.02,  28.12,  28.21,  28.20,  28.31,  28.24,  27.18,  26.87,  26.91,  26.93,  27.46,  27.28,  27.30,  27.33,  26.79,  26.82,  26.98,  27.13,  26.96,  26.74,  26.82,  26.80
20111002, 0600,  , TS, 25.8N,  50.3W,  50,  998,   90,   75,   45,   90,   35,   30,    0,   35,    0,    0,    0,    0, -999,  28.15,  28.07,  28.10,  27.97,  27.71,  27.79,  27.92,  27.96,  28.00,  28.07,  28.18,  28.25,  28.24,  28.22,  27.92,  27.45,  27.12,  27.15,  26.80,  27.33,  27.39,  27.40,  27.34,  27.01,  26.96,  26.96,  27.09,  27.42,  27.37,  27.03,  26.94
20111002, 1200,  , TS, 26.2N,  51.2W,  40, 1004,   90,   75,   45,   90,    0,    0,    0,    0,    0,    0,    0,    0, -999,  28.00,  28.02,  28.03,  27.85,  27.68,  27.71,  27.86,  27.88,  28.05,  28.10,  28.20,  28.19,  28.18,  27.83,  27.94,  28.21,  27.68,  27.46,  27.32,  27.56,  27.54,  27.48,  27.32,  27.12,  27.40,  27.37,  27.47,  27.72,  27.84,  27.48,  27.41
20111002, 1800,  , TS, 26.3N,  52.3W,  40, 1004,   90,   75,   60,   90,    0,    0,    0,    0,    0,    0,    0,    0, -999,  28.00,  28.04,  28.06,  27.98,  27.73,  27.78,  27.97,  27.99,  28.23,  28.30,  28.31,  28.33,  28.35,  28.03,  28.26,  28.52,  27.70,  27.07,  27.19,  27.49,  27.59,  27.68,  27.85,  27.57,  27.68,  27.59,  27.72,  27.95,  27.87,  27.60,  27.55
20111003, 0000,  , TS, 26.2N,  53.2W,  45, 1004,   90,   75,   60,   90,    0,    0,    0,    0,    0,    0,    0,    0, -999,  27.86,  27.89,  27.96,  27.73,  27.80,  27.91,  27.96,  28.08,  28.26,  28.32,  28.32,  28.33,  28.10,  27.60,  28.15,  27.71,  27.11,  27.32,  27.52,  27.63,  27.73,  27.84,  27.55,  27.45,  27.37,  27.36,  27.71,  27.63,  27.49,  27.51,  27.49
20111003, 0600,  , TS, 25.6N,  54.0W,  50, 1001,   90,   75,   45,   75,   25,   20,    0,   20,    0,    0,    0,    0, -999,  28.20,  28.05,  28.01,  27.89,  27.89,  27.89,  28.04,  27.81,  27.86,  28.22,  28.33,  28.40,  28.40,  27.56,  28.09,  27.71,  26.85,  27.38,  27.64,  27.83,  28.06,  28.26,  27.88,  27.65,  27.54,  27.75,  28.17,  27.93,  27.71,  27.67,  27.62
20111003, 1200,  , TS, 24.9N,  54.8W,  55,  998,   90,   75,   45,   60,   25,   20,    0,   20,    0,    0,    0,    0, -999,  28.41,  28.32,  27.96,  27.97,  28.00,  28.02,  28.05,  27.93,  28.08,  28.30,  28.44,  28.44,  27.86,  26.31,  26.22,  26.27,  27.43,  27.82,  27.82,  28.02,  27.83,  27.96,  27.50,  27.45,  27.41,  27.50,  27.72,  27.59,  27.42,  27.40,  27.43
20111003, 1800,  , TS, 24.3N,  55.6W,  60,  995,   90,   75,   45,   60,   25,   20,    0,   20,    0,    0,    0,    0, -999,  28.47,  28.30,  27.89,  27.87,  27.89,  27.90,  27.85,  27.74,  27.88,  28.11,  28.16,  28.04,  26.95,  26.65,  26.66,  26.66,  27.41,  27.50,  27.64,  27.92,  27.85,  27.61,  27.28,  27.26,  27.20,  27.47,  27.74,  27.85,  27.65,  27.69,  27.68
20111004, 0000,  , HU, 23.8N,  56.6W,  65,  992,   90,   75,   45,   60,   30,   30,    0,   20,   20,   15,    0,   10, -999,  28.17,  27.73,  27.71,  27.67,  27.65,  27.73,  27.65,  27.86,  27.96,  27.86,  27.80,  27.67,  27.92,  27.90,  27.85,  27.74,  27.63,  27.66,  27.75,  27.78,  27.54,  27.33,  27.34,  27.31,  27.54,  27.74,  27.78,  27.49,  27.43,  27.47,  27.41
20111004, 0600,  , HU, 23.7N,  57.7W,  65,  992,   90,   75,   45,   60,   30,   30,    0,   20,   20,   15,    0,   10, -999,  27.92,  27.69,  27.70,  27.67,  27.67,  27.75,  27.65,  27.69,  27.75,  27.70,  27.63,  27.97,  28.08,  27.92,  27.90,  27.83,  27.44,  27.37,  27.41,  27.48,  27.38,  27.17,  27.23,  27.40,  27.57,  27.77,  27.83,  27.59,  27.47,  27.53,  27.49
20111004, 1200,  , TS, 23.8N,  58.7W,  60,  993,   75,   75,   45,   45,   30,   30,    0,   25,    0,    0,    0,    0, -999,  28.09,  27.92,  27.80,  27.78,  27.79,  27.72,  27.65,  27.56,  27.71,  27.67,  27.63,  28.02,  28.05,  27.94,  27.56,  27.39,  27.27,  27.32,  27.42,  27.37,  27.17,  27.27,  27.28,  27.22,  27.13,  27.46,  27.58,  27.43,  27.15,  27.28,  27.30
20111004, 1800,  , TS, 24.0N,  59.6W,  60,  994,   75,   75,   30,   45,   30,   30,    0,   25,    0,    0,    0,    0, -999,  27.98,  27.83,  27.74,  27.72,  27.66,  27.64,  27.66,  27.59,  27.59,  27.58,  27.56,  27.60,  27.68,  27.85,  27.68,  27.50,  27.50,  27.55,  27.56,  27.44,  27.05,  27.18,  27.15,  27.12,  26.87,  27.29,  27.44,  27.32,  27.20,  27.26,  27.24
20111005, 0000,  , TS, 24.3N,  60.2W,  60,  994,   75,   75,   30,   30,   35,   30,   10,   25,    0,    0,    0,    0, -999,  27.87,  27.85,  27.76,  27.54,  27.51,  27.63,  27.67,  27.71,  27.66,  27.65,  27.83,  27.91,  27.89,  27.86,  27.50,  27.44,  27.63,  27.65,  27.34,  26.64,  26.96,  27.18,  27.01,  26.38,  27.15,  27.45,  27.36,  27.18,  27.32,  27.22,  26.97
20111005, 0600,  , TS, 24.7N,  60.7W,  60,  994,   75,   75,   30,   30,   35,   30,   10,   25,    0,    0,    0,    0, -999,  27.86,  27.88,  27.68,  27.42,  27.52,  27.65,  27.66,  27.66,  27.61,  27.61,  27.73,  27.79,  27.73,  27.72,  27.41,  27.43,  27.56,  27.60,  27.32,  26.89,  27.03,  27.17,  27.00,  26.35,  27.15,  27.42,  27.38,  27.27,  27.50,  27.43,  27.15
20111005, 1200,  , TS, 25.2N,  61.0W,  55,  995,   75,   75,   45,   45,   35,   35,   15,   25,    0,    0,    0,    0, -999,  27.74,  27.70,  27.53,  27.21,  27.25,  27.39,  27.53,  27.49,  27.41,  27.55,  27.47,  27.59,  27.56,  27.52,  27.39,  27.48,  27.51,  27.36,  27.26,  26.69,  26.84,  26.93,  26.82,  26.78,  27.30,  27.45,  27.27,  27.20,  27.59,  27.53,  27.26
20111005, 1800,  , TS, 25.5N,  61.1W,  55,  995,   75,   75,   45,   45,   40,   35,   20,   25,    0,    0,    0,    0, -999,  27.74,  27.65,  27.46,  27.17,  27.18,  27.29,  27.44,  27.33,  27.26,  27.50,  27.31,  27.44,  27.43,  27.39,  27.35,  27.37,  27.33,  27.22,  27.22,  26.60,  26.59,  26.68,  26.60,  26.84,  27.27,  27.42,  27.15,  27.08,  27.47,  27.39,  27.16
20111006, 0000,  , TS, 25.9N,  61.1W,  60,  992,   75,   75,   45,   45,   40,   40,   20,   30,    0,    0,    0,    0, -999,  27.70,  27.47,  27.28,  27.35,  27.47,  27.48,  27.43,  27.44,  27.69,  27.25,  27.29,  27.28,  27.17,  27.13,  27.19,  27.17,  27.07,  27.18,  26.48,  26.39,  26.54,  26.49,  26.40,  26.72,  27.03,  26.91,  26.86,  27.21,  27.02,  26.78,  26.74
20111006, 0600,  , HU, 26.5N,  61.0W,  65,  987,   75,   75,   45,   45,   40,   40,   25,   30,   20,   20,    0,    0, -999,  27.76,  27.59,  27.40,  27.45,  27.55,  27.60,  27.60,  27.58,  27.70,  27.30,  27.29,  27.35,  27.19,  27.18,  27.30,  27.34,  27.31,  27.40,  26.53,  26.48,  26.68,  26.69,  26.58,  26.70,  26.82,  26.72,  26.75,  27.11,  27.00,  26.77,  26.69
20111006, 1200,  , HU, 27.4N,  60.4W,  70,  983,   75,   75,   45,   45,   40,   45,   30,   30,   20,   20,    0,    0, -999,  27.80,  27.59,  27.60,  27.56,  27.72,  27.69,  27.78,  27.83,  27.86,  27.81,  27.58,  27.53,  27.54,  27.49,  27.62,  27.70,  27.81,  27.63,  27.05,  26.91,  26.87,  26.72,  26.64,  26.75,  26.84,  26.70,  26.82,  27.35,  27.14,  26.73,  26.61
20111006, 1800,  , HU, 28.2N,  59.7W,  80,  977,   60,   75,   60,   60,   45,   45,   30,   30,   20,   20,   15,   10, -999,  28.07,  27.97,  28.04,  27.94,  28.09,  27.98,  27.95,  27.94,  27.86,  27.77,  27.89,  27.93,  27.71,  27.70,  27.79,  27.80,  27.48,  26.73,  26.16,  26.05,  26.02,  26.22,  26.22,  26.57,  26.68,  26.67,  26.65,  27.07,  27.11,  26.70,  26.64
20111007, 0000,  , HU, 28.7N,  58.8W,  80,  976,   60,   75,   60,   75,   45,   45,   35,   35,   25,   25,   20,   15, -999,  28.09,  28.23,  28.15,  28.15,  28.08,  28.06,  28.06,  27.99,  27.90,  28.07,  28.15,  27.85,  27.84,  27.97,  27.96,  27.60,  27.04,  26.44,  26.37,  26.42,  26.64,  26.74,  26.97,  27.10,  27.16,  27.20,  27.07,  27.00,  26.66,  26.60,  26.53
20111007, 0600,  , HU, 29.0N,  57.7W,  80,  976,   60,   75,   75,   75,   45,   45,   35,   35,   25,   30,   20,   20, -999,  28.27,  28.31,  28.30,  28.21,  28.22,  28.18,  28.19,  28.30,  28.49,  28.27,  28.14,  27.88,  27.89,  28.01,  27.97,  27.83,  27.17,  26.76,  26.53,  26.37,  26.54,  26.73,  27.15,  27.11,  27.02,  26.95,  26.86,  26.87,  26.71,  26.63,  26.48
20111007, 1200,  , HU, 29.3N,  56.5W,  80,  977,   75,   90,   75,   75,   40,   45,   35,   35,   30,   30,   20,   20, -999,  28.43,  28.37,  28.29,  28.24,  28.13,  28.02,  28.09,  28.15,  28.20,  28.06,  28.05,  27.89,  27.90,  27.98,  28.03,  28.03,  27.29,  26.75,  26.41,  26.19,  26.24,  26.32,  26.71,  26.58,  26.37,  26.40,  26.52,  26.53,  26.38,  26.44,  26.29
20111007, 1800,  , HU, 29.7N,  55.1W,  70,  981,   75,   90,   75,   75,   40,   45,   35,   35,   25,   25,   15,   15, -999,  28.10,  28.22,  28.25,  28.14,  28.08,  27.96,  27.94,  27.96,  27.88,  28.00,  28.14,  27.88,  27.85,  27.97,  28.13,  28.11,  27.19,  26.97,  26.81,  26.49,  26.65,  27.12,  27.29,  27.11,  26.86,  26.95,  27.26,  27.01,  26.77,  26.73,  26.73
20111008, 0000,  , HU, 30.1N,  53.5W,  65,  986,   60,   90,   75,   75,   35,   45,   30,   30,   20,   20,   10,    0, -999,  28.24,  28.39,  28.40,  28.30,  28.16,  28.10,  28.06,  28.08,  28.02,  27.91,  27.83,  27.76,  27.64,  27.79,  27.83,  26.92,  26.55,  26.42,  26.16,  26.25,  26.44,  26.76,  26.57,  26.37,  26.26,  26.29,  26.29,  26.13,  25.93,  25.97,  25.99
20111008, 0600,  , TS, 30.9N,  51.4W,  60,  987,   60,   90,   75,   75,   30,   40,   25,   25,    0,    0,    0,    0, -999,  28.21,  28.15,  28.28,  27.90,  27.82,  27.96,  28.06,  28.10,  27.61,  27.19,  27.21,  27.34,  27.34,  27.49,  27.50,  27.05,  26.78,  26.43,  26.36,  26.49,  26.58,  26.66,  26.65,  26.55,  26.56,  26.48,  26.12,  25.90,  25.86,  25.89,  25.88
20111008, 1200,  , TS, 32.3N,  48.7W,  60,  987,   75,   90,   75,   75,   30,   35,   10,   20,    0,    0,    0,    0, -999,  27.98,  27.82,  27.62,  27.34,  27.37,  27.37,  26.96,  26.71,  26.62,  26.49,  26.51,  26.33,  26.44,  26.72,  26.57,  25.90,  25.77,  25.59,  25.63,  25.48,  25.65,  25.49,  25.04,  25.10,  24.91,  24.82,  24.79,  24.57,  24.50,  24.59,  24.63
20111008, 1800,  , EX, 34.4N,  46.0W,  50,  987,   75,  135,   75,  105,   30,   30,    0,   15,    0,    0,    0,    0, -999,  27.40,  27.37,  27.11,  27.22,  27.26,  27.02,  26.79,  26.50,  26.39,  26.33,  26.24,  26.12,  25.89,  25.89,  25.78,  25.67,  25.24,  25.09,  24.72,  24.50,  24.65,  24.70,  24.63,  24.70,  24.60,  24.52,  24.21,  24.30,  24.37,  24.43,  24.59
20111009, 0000,  , EX, 37.5N,  43.6W,  45,  987,   90,  180,   90,  150,    0,    0,    0,    0,    0,    0,    0,    0, -999,  25.08,  25.00,  24.96,  24.89,  24.72,  24.69,  24.36,  24.29,  24.24,  24.04,  23.91,  23.88,  23.90,  23.96,  23.63,  23.35,  23.39,  23.36,  23.22,  23.08,  23.02,  22.97,  22.80,  22.42,  22.10,  22.36,  22.59,  22.92,  22.80,  22.97,  22.95
