AL172024,              PATTY,     15,
20241031, 1800,  , EX, 39.2N,  41.0W,  55,  977,    0,    0,  180,  120,    0,    0,  120,   90,    0,    0,    0,    0,   70,  22.63,  22.59,  22.66,  22.66,  22.61,  22.04,  22.17,  21.67,  21.93,  21.77,  21.79,  21.83,  21.76,  21.78,  21.58,  21.29,  21.10,  20.93,  20.86,  20.83,  20.79,  20.40,  20.31,  20.10,  20.07,  20.18,  20.17,  20.29,  20.37,  20.40,  20.47
20241101, 0000,  , EX, 39.6N,  40.0W,  55,  977,    0,    0,  180,  120,    0,    0,  120,   90,    0,    0,    0,    0,   70,  20.63,  20.82,  20.98,  20.99,  20.81,  21.30,  20.93,  21.18,  21.19,  21.35,  21.49,  21.53,  21.53,  21.27,  21.30,  21.16,  21.02,  20.99,  21.06,  21.16,  20.89,  20.76,  20.49,  20.50,  20.64,  20.40,  20.35,  20.38,  20.40,  20.24,  20.20
20241101, 0600,  , EX, 39.9N,  38.9W,  50,  979,    0,    0,  180,   90,    0,    0,  100,    0,    0,    0,    0,    0,   60,  20.57,  20.69,  20.93,  20.89,  20.51,  21.17,  20.91,  21.24,  21.18,  21.39,  21.59,  21.73,  21.74,  21.66,  21.70,  21.64,  21.65,  21.62,  21.60,  21.50,  21.31,  21.08,  20.82,  20.83,  21.05,  20.84,  20.70,  20.67,  20.68,  20.56,  20.54
20241101, 1200,  , EX, 40.2N,  37.7W,  50,  981,    0,   60,  180,    0,    0,    0,   60,    0,    0,    0,    0,    0,   50,  21.29,  21.27,  21.30,  21.12,  20.56,  21.07,  20.75,  21.25,  21.26,  21.39,  21.46,  21.42,  21.32,  21.06,  21.06,  21.08,  21.10,  21.14,  21.21,  21.31,  21.05,  20.77,  20.52,  20.42,  20.47,  20.21,  20.14,  20.15,  20.05,  19.91,  19.87
20241101, 1800,  , SS, 40.6N,  36.5W,  45,  983,    0,   60,  180,    0,    0,    0,    0,    0,    0,    0,    0,    0,   40,  20.79,  20.88,  20.82,  20.78,  20.37,  20.72,  20.33,  20.63,  20.55,  20.58,  20.65,  20.65,  20.69,  20.40,  20.29,  20.25,  20.19,  20.13,  20.12,  20.17,  19.98,  19.79,  19.66,  19.71,  19.68,  19.65,  19.76,  19.93,  20.00,  20.03,  20.05
20241102, 0000,  , SS, 40.6N,  35.4W,  45,  985,    0,   60,  180,    0,    0,    0,    0,    0,    0,    0,    0,    0,   40,  21.86,  21.81,  21.66,  21.16,  21.42,  20.98,  21.23,  21.18,  21.19,  21.26,  21.27,  21.11,  20.92,  20.76,  20.73,  20.67,  20.62,  20.62,  20.65,  20.44,  20.14,  19.99,  19.90,  19.99,  19.92,  20.02,  20.14,  20.14,  20.16,  20.23,  20.31
20241102, 0600,  , SS, 40.3N,  34.6W,  50,  986,    0,   60,  180,   90,    0,    0,   40,    0,    0,    0,    0,    0,   40,  21.84,  21.84,  21.73,  21.25,  21.45,  20.99,  21.18,  21.08,  21.05,  21.08,  21.09,  21.01,  20.93,  20.83,  20.80,  20.73,  20.66,  20.63,  20.59,  20.46,  20.22,  20.01,  19.91,  20.07,  20.03,  20.09,  20.19,  20.16,  20.18,  20.19,  20.20
20241102, 1200,  , SS, 39.4N,  33.3W,  55,  982,    0,   60,  180,   90,    0,    0,   40,    0,    0,    0,    0,    0,   40,  21.06,  21.21,  20.91,  20.62,  20.81,  20.49,  20.61,  20.61,  20.72,  20.85,  20.90,  20.86,  20.76,  20.59,  20.47,  20.38,  20.32,  20.27,  20.34,  20.11,  19.90,  19.81,  19.79,  19.85,  19.73,  19.79,  19.84,  19.85,  19.87,  19.87,  19.86
20241102, 1800,  , SS, 38.4N,  31.6W,  55,  982,    0,   60,  180,   90,    0,    0,   40,    0,    0,    0,    0,    0,   40,  23.19,  23.27,  23.23,  23.00,  22.98,  22.71,  22.66,  22.53,  22.50,  22.49,  22.41,  22.31,  22.18,  22.11,  21.94,  21.88,  21.79,  21.73,  21.83,  21.57,  21.33,  21.15,  21.05,  20.97,  20.84,  20.88,  20.91,  20.97,  20.95,  20.90,  20.84
20241103, 0000,  , SS, 37.9N,  29.2W,  50,  985,    0,   60,  180,   90,    0,    0,   40,    0,    0,    0,    0,    0,   40,  22.65,  22.57,  22.37,  22.42,  22.28,  22.19,  22.12,  22.10,  22.13,  22.09,  22.07,  22.02,  21.91,  21.77,  21.76,  21.65,  21.54,  21.56,  21.33,  21.20,  20.95,  20.88,  20.92,  20.95,  21.02,  21.03,  21.07,  21.05,  21.08,  21.07,  21.06
20241103, 0600,  , SS, 37.7N,  27.0W,  45,  988,    0,   60,  120,    0,    0,    0,    0,    0,    0,    0,    0,    0,   40,  22.80,  22.67,  22.50,  22.57,  22.46,  22.22,  22.10,  22.01,  21.95,  21.92,  21.80,  21.67,  21.55,  21.50,  21.43,  21.33,  21.22,  21.24,  21.09,  20.83,  20.71,  20.63,  20.54,  20.48,  20.53,  20.58,  20.58,  20.53,  20.39,  20.24,  20.09
20241103, 1200,  , TS, 37.5N,  25.1W,  40,  990,    0,   50,   90,    0,    0,    0,    0,    0,    0,    0,    0,    0,   30,  22.81,  22.75,  22.53,  22.67,  22.42,  22.26,  22.18,  22.11,  22.05,  21.99,  21.90,  21.77,  21.69,  21.67,  21.63,  21.64,  21.55,  21.60,  21.44,  21.30,  21.22,  21.11,  21.05,  20.82,  20.73,  20.73,  20.73,  20.70,  20.62,  20.57,  20.51
20241103, 1800,  , TS, 37.4N,  23.3W,  40,  990,    0,   50,   70,    0,    0,    0,    0,    0,    0,    0,    0,    0,   30,  22.43,  22.38,  22.10,  22.22,  22.02,  21.98,  21.89,  21.78,  21.73,  21.69,  21.62,  21.54,  21.47,  21.44,  21.45,  21.45,  21.44,  21.51,  21.37,  21.22,  21.18,  21.15,  20.99,  20.82,  20.81,  20.84,  20.85,  20.80,  20.70,  20.64,  20.50
20241104, 0000,  , TS, 37.6N,  21.3W,  40,  993,   30,   60,   70,    0,    0,    0,    0,    0,    0,    0,    0,    0,   30,  22.44,  22.14,  22.28,  22.22,  22.03,  21.95,  21.80,  21.73,  21.59,  21.46,  21.34,  21.24,  21.11,  21.05,  21.01,  21.01,  21.16,  20.91,  20.74,  20.73,  20.70,  20.50,  20.37,  20.38,  20.40,  20.36,  20.28,  20.20,  20.09,  19.93,  19.92
20241104, 0600,  , TS, 37.9N,  19.2W,  35,  996,   30,   60,   60,    0,    0,    0,    0,    0,    0,    0,    0,    0,   30,  21.95,  21.74,  21.96,  21.97,  21.92,  21.93,  21.88,  21.82,  21.77,  21.71,  21.65,  21.44,  21.34,  21.38,  21.34,  21.26,  21.41,  21.27,  21.09,  21.05,  21.01,  20.90,  20.84,  20.83,  20.77,  20.62,  20.55,  20.46,  20.33,  20.18,  20.19
