AL182024,             RAFAEL,     29,
20241103, 1800,  , DB, 12.7N,  77.0W,  30, 1004,    0,    0,    0,    0,    0,    0,    0,    0,    0,    0,    0,    0,   80,  29.85,  29.83,  30.18,  29.92,  30.22,  30.03,  29.95,  29.77,  29.64,  29.43,  29.27,  29.28,  29.42,  29.42,  29.23,  29.03,  29.11,  29.23,  29.14,  29.03,  29.09,  29.10,  28.91,  29.29,  29.36,  29.29,  29.23,  29.31,  29.48,  29.47,  29.72
20241104, 0000,  , DB, 13.5N,  76.8W,  30, 1004,    0,    0,    0,    0,    0,    0,    0,    0,    0,    0,    0,    0,   70,  30.06,  30.44,  30.15,  30.50,  30.21,  30.10,  30.04,  29.97,  29.83,  29.66,  29.63,  29.74,  29.65,  29.63,  29.68,  29.66,  29.55,  29.34,  29.26,  29.38,  29.56,  29.27,  29.52,  29.64,  29.70,  29.61,  29.54,  29.70,  29.74,  29.88,  29.90
20241104, 0600,  , DB, 14.2N,  76.7W,  30, 1004,    0,    0,    0,    0,    0,    0,    0,    0,    0,    0,    0,    0,   70,  30.24,  30.59,  30.38,  30.70,  30.31,  30.18,  30.08,  29.99,  29.87,  29.76,  29.67,  29.75,  29.70,  29.69,  29.69,  29.80,  29.86,  29.60,  29.49,  29.49,  29.58,  29.41,  29.86,  29.98,  29.96,  29.88,  29.86,  29.98,  29.98,  30.07,  29.95
20241104, 1200,  , TD, 14.8N,  76.6W,  30, 1003,    0,    0,    0,    0,    0,    0,    0,    0,    0,    0,    0,    0,   70,  30.37,  30.60,  30.37,  30.73,  30.33,  30.22,  30.15,  30.08,  30.00,  29.93,  29.89,  29.92,  29.92,  29.89,  29.87,  30.05,  30.13,  29.85,  29.63,  29.72,  29.84,  29.69,  30.04,  30.11,  30.07,  29.99,  29.96,  30.04,  30.02,  30.11,  29.97
20241104, 1800,  , TS, 15.1N,  76.4W,  35, 1001,   70,   90,    0,    0,    0,    0,    0,    0,    0,    0,    0,    0,   70,  30.37,  30.64,  30.42,  30.76,  30.37,  30.27,  30.22,  30.17,  30.11,  30.06,  30.01,  30.02,  30.01,  29.96,  29.91,  30.12,  30.14,  29.88,  29.58,  29.73,  29.89,  29.78,  30.05,  30.12,  30.08,  30.00,  29.95,  30.02,  30.01,  30.11,  29.99
20241105, 0000,  , TS, 15.8N,  76.9W,  40,  999,   90,   90,    0,    0,    0,    0,    0,    0,    0,    0,    0,    0,   40,  30.52,  30.48,  30.60,  30.36,  30.31,  30.24,  30.17,  30.02,  29.95,  30.02,  30.04,  30.04,  30.01,  29.96,  30.02,  30.00,  29.85,  29.48,  29.73,  29.90,  29.76,  29.95,  29.97,  29.97,  29.94,  29.93,  30.06,  30.12,  30.12,  30.01,  30.00
20241105, 0600,  , TS, 16.6N,  77.6W,  45,  994,   90,   90,    0,    0,    0,    0,    0,    0,    0,    0,    0,    0,   30,  29.97,  30.12,  30.16,  30.06,  30.08,  30.05,  30.00,  29.90,  29.75,  29.80,  29.81,  29.83,  29.77,  29.74,  29.76,  29.89,  29.66,  29.61,  29.74,  29.87,  29.70,  29.85,  29.86,  29.91,  29.95,  29.83,  29.86,  29.80,  29.77,  29.61,  29.70
20241105, 1200,  , TS, 17.5N,  78.3W,  50,  993,   90,   90,    0,    0,   20,    0,    0,    0,    0,    0,    0,    0,   20,  30.04,  30.13,  30.27,  30.17,  30.21,  30.19,  30.11,  29.86,  29.86,  29.94,  29.95,  30.02,  30.07,  30.02,  30.02,  30.16,  29.87,  29.66,  29.81,  29.95,  29.74,  29.87,  29.80,  29.77,  29.81,  29.71,  29.76,  29.83,  29.76,  29.61,  29.66
20241105, 1800,  , TS, 18.5N,  79.1W,  60,  990,   90,   80,   20,   30,   30,    0,    0,    0,    0,    0,    0,    0,   20,  30.15,  30.10,  30.14,  30.17,  30.21,  30.07,  30.09,  29.81,  29.74,  29.91,  29.90,  29.89,  29.84,  29.79,  29.73,  29.90,  29.86,  29.57,  29.61,  29.66,  29.52,  29.66,  29.71,  29.69,  29.75,  29.71,  29.62,  29.52,  29.47,  29.41,  29.49
20241106, 0000,  , HU, 19.4N,  80.0W,  70,  985,   90,   80,   20,   50,   40,   20,    0,   25,   15,    0,    0,    0,   15,  29.86,  29.89,  29.87,  29.87,  29.82,  29.81,  29.73,  29.59,  29.65,  29.69,  29.68,  29.67,  29.60,  29.59,  29.71,  29.66,  29.39,  29.35,  29.35,  29.27,  29.41,  29.40,  29.38,  29.41,  29.30,  29.08,  28.97,  28.98,  28.92,  29.03,  29.10
20241106, 0600,  , HU, 20.1N,  80.9W,  80,  975,   90,   80,   20,   50,   40,   20,    0,   25,   15,    0,    0,    0,   10,  29.60,  29.72,  29.67,  29.67,  29.62,  29.65,  29.49,  29.38,  29.46,  29.49,  29.48,  29.57,  29.51,  29.51,  29.55,  29.50,  29.34,  29.30,  29.24,  29.23,  29.23,  29.22,  29.21,  29.23,  29.16,  28.86,  28.83,  28.84,  28.79,  28.81,  28.80
20241106, 1200,  , HU, 21.0N,  81.6W,  90,  964,  100,   80,   40,   50,   40,   20,   20,   25,   15,   15,   10,   10,   10,  29.46,  29.62,  29.61,  29.60,  29.59,  29.66,  29.52,  29.36,  29.34,  29.31,  29.25,  29.24,  29.18,  29.20,  29.31,  29.56,  29.11,  29.11,  29.12,  29.16,  29.11,  29.12,  29.15,  29.23,  29.29,  28.77,  28.73,  28.71,  28.73,  28.79,  28.86
20241106, 1800,  , HU, 22.0N,  82.3W, 100,  955,  100,   90,   40,   50,   50,   40,   20,   25,   25,   20,   10,   15,   10,  28.20,  27.94,  27.95,  28.00,  27.88,  27.78,  27.56,  27.40,  27.40,  27.40,  27.36,  27.26,  27.19,  27.17,  27.20,  27.69,  27.44,  27.33,  27.35,  27.49,  27.42,  27.61,  27.71,  27.65,  27.52,  26.95,  26.78,  26.42,  26.19,  26.31,  26.22
20241106, 2115, L, HU, 22.7N,  82.7W, 100,  955,  100,   90,   40,   50,   50,   40,   20,   25,   25,   20,   10,   15,   10,  27.89,  27.67,  27.79,  27.88,  27.82,  27.72,  27.51,  27.43,  27.36,  27.30,  27.23,  27.26,  27.26,  27.20,  27.21,  27.47,  27.35,  27.22,  27.19,  27.27,  27.30,  27.48,  27.65,  27.71,  27.58,  26.88,  26.56,  26.17,  25.85,  25.80,  25.66
20241107, 0000,  , HU, 23.1N,  83.2W,  95,  968,  100,   90,   40,   50,   50,   40,   20,   25,   25,   20,   10,   15,   10,  28.72,  28.76,  28.78,  28.72,  28.64,  28.53,  28.46,  28.39,  28.34,  28.36,  28.50,  28.51,  28.53,  28.55,  28.83,  28.82,  28.78,  28.69,  28.72,  28.81,  28.88,  28.86,  28.77,  28.62,  28.47,  28.51,  28.54,  28.48,  28.40,  28.37,  28.55
20241107, 0600,  , HU, 23.8N,  84.1W,  90,  970,  100,   90,   40,   70,   50,   40,   20,   30,   25,   20,   10,   20,   10,  29.06,  29.14,  29.05,  28.96,  28.93,  28.85,  28.55,  28.56,  28.65,  28.71,  28.81,  28.89,  28.92,  29.00,  29.22,  29.16,  29.05,  29.08,  29.28,  29.05,  28.99,  28.99,  28.95,  28.88,  28.85,  28.89,  28.83,  28.68,  28.83,  28.86,  28.89
20241107, 1200,  , HU, 24.3N,  84.9W,  90,  969,  100,   90,   50,   90,   50,   40,   20,   40,   25,   20,   10,   25,   15,  27.00,  26.94,  26.84,  26.89,  26.87,  26.79,  26.80,  26.87,  26.96,  27.06,  27.28,  27.50,  27.68,  27.88,  28.03,  28.05,  27.87,  27.94,  28.03,  28.05,  28.13,  28.28,  28.38,  28.32,  28.26,  28.36,  28.58,  28.61,  28.76,  28.86,  28.87
20241107, 1800,  , HU, 24.6N,  85.7W,  90,  968,  100,   90,   50,   90,   50,   40,   30,   40,   25,   20,   10,   25,   15,  27.65,  27.62,  27.49,  27.45,  27.44,  27.32,  27.22,  27.03,  26.98,  27.03,  27.18,  27.25,  27.25,  27.33,  27.64,  28.06,  28.03,  28.09,  28.22,  28.23,  28.21,  28.19,  28.12,  28.12,  28.24,  28.46,  28.67,  28.89,  29.01,  28.92,  28.80
20241108, 0000,  , HU, 24.6N,  86.6W,  90,  966,  100,   90,   50,   90,   50,   40,   30,   40,   25,   20,   20,   25,   15,  28.50,  28.42,  28.36,  28.35,  28.22,  28.00,  27.75,  27.58,  27.60,  27.63,  27.75,  27.85,  27.94,  28.21,  28.52,  28.59,  28.27,  28.30,  28.39,  28.45,  28.46,  28.46,  28.41,  28.46,  28.47,  28.47,  28.57,  28.50,  28.36,  28.26,  28.01
20241108, 0600,  , HU, 24.4N,  87.6W, 105,  954,  100,   90,   50,   90,   50,   40,   30,   40,   25,   20,   20,   25,   15,  28.82,  28.80,  28.76,  28.79,  28.85,  28.75,  28.64,  28.46,  28.32,  28.16,  28.02,  27.98,  28.04,  28.26,  28.53,  28.60,  28.29,  28.30,  28.29,  28.33,  28.52,  28.61,  28.60,  28.50,  28.44,  28.32,  28.18,  27.94,  27.80,  27.78,  27.68
20241108, 1200,  , HU, 24.4N,  88.4W,  95,  962,   80,   70,   60,   80,   40,   40,   30,   40,   25,   20,   20,   25,   15,  28.65,  28.61,  28.54,  28.52,  28.50,  28.52,  28.40,  28.47,  28.56,  28.54,  28.43,  28.23,  28.10,  28.15,  28.35,  28.44,  28.36,  28.41,  28.37,  28.38,  28.50,  28.46,  28.36,  28.22,  28.20,  28.09,  27.87,  27.60,  27.60,  27.55,  27.43
20241108, 1800,  , HU, 24.6N,  89.1W,  80,  973,   80,   70,   60,   80,   40,   40,   30,   40,   25,   20,   20,   25,   15,  28.34,  28.34,  28.28,  28.28,  28.24,  28.14,  27.98,  27.87,  27.83,  27.93,  28.00,  27.98,  28.02,  28.07,  28.09,  28.10,  27.97,  28.05,  28.10,  28.28,  28.50,  28.42,  28.21,  27.92,  27.89,  27.81,  27.57,  27.32,  27.37,  27.34,  27.20
20241109, 0000,  , HU, 24.7N,  89.7W,  65,  986,   80,   70,   60,   80,   40,   40,   30,   40,    0,    0,    0,   25,   20,  27.98,  27.92,  27.96,  27.85,  27.73,  27.63,  27.56,  27.52,  27.60,  27.68,  27.65,  27.69,  27.76,  27.80,  27.87,  27.68,  27.70,  27.69,  27.78,  28.01,  28.00,  27.88,  27.62,  27.52,  27.47,  27.23,  27.02,  27.07,  27.02,  26.88,  26.76
20241109, 0600,  , TS, 24.8N,  90.5W,  55,  992,   80,   70,   30,   70,   40,    0,    0,   20,    0,    0,    0,    0,   20,  27.62,  27.52,  27.51,  27.40,  27.35,  27.24,  27.16,  27.17,  27.18,  27.28,  27.25,  27.27,  27.29,  27.27,  27.45,  27.25,  27.12,  27.02,  27.09,  27.18,  27.18,  27.14,  27.13,  27.14,  27.22,  27.10,  27.08,  27.02,  26.90,  26.71,  26.53
20241109, 1200,  , TS, 25.0N,  91.2W,  50,  998,   90,   70,   30,   70,   40,    0,    0,    0,    0,    0,    0,    0,   40,  28.06,  28.03,  28.04,  27.91,  27.85,  27.77,  27.72,  27.69,  27.66,  27.79,  27.78,  27.78,  27.84,  27.77,  27.97,  27.82,  27.44,  27.42,  27.52,  27.53,  27.33,  27.15,  26.97,  26.88,  27.05,  27.00,  27.00,  26.94,  26.85,  26.68,  26.48
20241109, 1800,  , TS, 25.3N,  91.5W,  45, 1000,  100,   30,    0,   60,    0,    0,    0,    0,    0,    0,    0,    0,   60,  28.17,  28.11,  28.10,  27.99,  27.93,  27.85,  27.82,  27.81,  27.75,  27.83,  27.84,  27.80,  27.92,  27.85,  27.99,  27.88,  27.80,  27.63,  27.71,  27.74,  27.56,  27.42,  27.21,  27.11,  27.24,  27.22,  27.19,  27.11,  27.03,  26.86,  26.68
20241110, 0000,  , TS, 25.6N,  91.7W,  40, 1001,  100,    0,    0,   60,    0,    0,    0,    0,    0,    0,    0,    0,   60,  28.09,  28.09,  28.01,  27.95,  27.85,  27.84,  27.86,  27.85,  27.93,  27.90,  27.82,  27.91,  27.85,  28.02,  27.90,  27.76,  27.71,  27.78,  27.80,  27.63,  27.50,  27.30,  27.21,  27.33,  27.40,  27.33,  27.20,  27.10,  26.91,  26.69,  26.67
20241110, 0600,  , TS, 25.9N,  91.9W,  35, 1003,  100,    0,    0,   60,    0,    0,    0,    0,    0,    0,    0,    0,  100,  28.15,  28.13,  28.03,  27.96,  27.85,  27.83,  27.88,  27.87,  27.94,  27.92,  27.78,  27.88,  27.81,  27.96,  27.86,  27.68,  27.73,  27.76,  27.79,  27.63,  27.54,  27.35,  27.25,  27.36,  27.42,  27.34,  27.19,  27.12,  26.95,  26.75,  26.74
20241110, 1200,  , LO, 26.1N,  91.9W,  35, 1003,  120,    0,    0,    0,    0,    0,    0,    0,    0,    0,    0,    0,  120,  28.19,  28.16,  28.05,  27.97,  27.86,  27.84,  27.91,  27.91,  27.98,  27.97,  27.79,  27.87,  27.81,  27.95,  27.85,  27.66,  27.73,  27.76,  27.80,  27.65,  27.56,  27.37,  27.28,  27.36,  27.40,  27.31,  27.16,  27.06,  26.88,  26.67,  26.65
