AL182003,              MINDY,     14,
20031010, 1800,  , TS, 19.1N,  68.8W,  40, 1004, -999, -999, -999, -999, -999, -999, -999, -999, -999, -999, -999, -999, -999,  29.30,  28.99,  28.91,  28.77,  28.86,  28.89,  29.08,  29.17,  29.74,  29.67,  29.41,  29.31,  29.07,  28.65,  28.66,  28.65,  28.64,  28.83,  28.91,  29.13,  29.17,  29.50,  29.44,  29.55,  29.93,  30.14,  29.46,  29.03,  28.79,  28.60,  28.80
20031011, 0000,  , TS, 20.1N,  69.7W,  40, 1002, -999, -999, -999, -999, -999, -999, -999, -999, -999, -999, -999, -999, -999,  29.10,  29.15,  28.70,  28.74,  28.76,  28.92,  29.00,  29.07,  29.10,  28.84,  28.77,  29.18,  28.85,  28.68,  28.69,  28.49,  28.76,  28.85,  29.19,  29.22,  29.12,  29.16,  29.30,  29.35,  29.61,  29.54,  29.40,  28.97,  28.80,  28.54,  28.45
20031011, 0600,  , TS, 20.9N,  70.4W,  40, 1003, -999, -999, -999, -999, -999, -999, -999, -999, -999, -999, -999, -999, -999,  29.07,  29.12,  28.66,  28.48,  28.30,  28.60,  28.71,  28.70,  28.93,  29.06,  29.13,  29.59,  29.60,  29.29,  29.07,  28.91,  28.69,  29.08,  29.87,  29.91,  29.20,  29.21,  29.37,  29.44,  29.63,  29.55,  29.41,  29.13,  29.02,  28.64,  28.63
20031011, 1200,  , TS, 21.8N,  71.3W,  35, 1007, -999, -999, -999, -999, -999, -999, -999, -999, -999, -999, -999, -999, -999,  29.00,  28.95,  28.70,  28.69,  28.58,  28.57,  28.62,  28.75,  29.21,  29.30,  29.30,  29.59,  29.63,  29.66,  29.56,  28.70,  28.27,  28.33,  28.76,  28.98,  29.38,  29.31,  29.24,  29.20,  29.43,  29.45,  28.90,  28.69,  29.14,  29.51,  28.53
20031011, 1800,  , TS, 22.7N,  71.5W,  35, 1007, -999, -999, -999, -999, -999, -999, -999, -999, -999, -999, -999, -999, -999,  29.03,  29.15,  28.62,  28.64,  28.67,  28.70,  29.24,  29.31,  29.43,  29.36,  29.30,  29.47,  29.63,  29.63,  29.59,  28.75,  28.68,  28.59,  28.72,  29.06,  29.37,  29.29,  29.31,  29.32,  29.08,  29.04,  29.05,  29.04,  29.47,  29.59,  28.72
20031012, 0000,  , TS, 23.6N,  71.9W,  35, 1006, -999, -999, -999, -999, -999, -999, -999, -999, -999, -999, -999, -999, -999,  29.08,  27.98,  27.84,  28.05,  28.26,  28.88,  28.95,  28.84,  29.03,  29.12,  29.14,  29.39,  29.47,  29.48,  28.55,  28.41,  28.42,  28.58,  28.80,  29.03,  29.09,  28.97,  28.93,  28.54,  28.62,  28.79,  28.84,  28.87,  28.80,  28.51,  28.54
20031012, 0600,  , TD, 24.0N,  72.4W,  30, 1007, -999, -999, -999, -999, -999, -999, -999, -999, -999, -999, -999, -999, -999,  29.25,  28.05,  27.63,  27.88,  28.07,  28.89,  29.02,  28.76,  28.91,  29.06,  29.18,  29.35,  29.42,  29.44,  28.67,  28.50,  28.63,  28.91,  29.16,  29.21,  29.30,  29.18,  29.16,  28.59,  28.58,  28.70,  28.75,  28.94,  29.01,  28.59,  28.57
20031012, 1200,  , TD, 24.7N,  72.2W,  30, 1008, -999, -999, -999, -999, -999, -999, -999, -999, -999, -999, -999, -999, -999,  28.99,  28.35,  28.40,  28.66,  28.77,  29.40,  28.95,  28.70,  28.73,  28.70,  29.02,  28.96,  28.87,  28.92,  28.77,  28.76,  28.78,  29.26,  29.50,  29.57,  29.11,  28.95,  28.95,  28.51,  28.53,  28.63,  28.76,  28.98,  28.88,  28.44,  28.54
20031012, 1800,  , TD, 25.5N,  72.0W,  30, 1008, -999, -999, -999, -999, -999, -999, -999, -999, -999, -999, -999, -999, -999,  28.49,  28.54,  28.77,  28.65,  28.63,  28.84,  28.40,  28.45,  28.44,  28.51,  28.96,  28.91,  28.77,  28.61,  28.32,  28.16,  28.12,  28.38,  28.49,  28.34,  27.69,  27.88,  27.90,  27.73,  27.72,  27.71,  27.69,  27.71,  27.28,  27.03,  27.02
20031013, 0000,  , TD, 25.6N,  71.0W,  30, 1008, -999, -999, -999, -999, -999, -999, -999, -999, -999, -999, -999, -999, -999,  27.10,  27.53,  27.62,  27.63,  27.85,  27.83,  27.92,  27.87,  27.81,  28.11,  28.10,  28.34,  28.49,  27.98,  27.23,  27.11,  27.22,  27.37,  27.22,  26.62,  27.12,  27.24,  26.97,  27.03,  27.15,  27.13,  27.05,  26.92,  26.72,  26.66,  26.64
20031013, 0600,  , TD, 25.7N,  70.3W,  30, 1008, -999, -999, -999, -999, -999, -999, -999, -999, -999, -999, -999, -999, -999,  27.40,  27.17,  27.19,  27.09,  27.31,  27.53,  27.49,  27.36,  27.32,  27.15,  27.17,  27.67,  28.30,  28.22,  27.10,  27.07,  27.24,  27.28,  27.16,  26.86,  27.08,  27.09,  26.71,  26.66,  26.65,  26.87,  26.88,  26.76,  26.81,  27.32,  27.43
20031013, 1200,  , TD, 25.8N,  69.3W,  30, 1008, -999, -999, -999, -999, -999, -999, -999, -999, -999, -999, -999, -999, -999,  27.98,  27.13,  27.06,  27.44,  27.81,  28.17,  28.17,  28.11,  28.09,  27.71,  27.74,  27.76,  27.64,  27.64,  27.32,  27.51,  27.63,  27.66,  27.81,  27.62,  27.79,  27.93,  28.05,  27.98,  27.84,  28.03,  28.10,  27.64,  27.62,  27.60,  27.70
20031013, 1800,  , TD, 25.9N,  68.3W,  30, 1007, -999, -999, -999, -999, -999, -999, -999, -999, -999, -999, -999, -999, -999,  28.01,  27.35,  27.51,  27.70,  27.77,  28.00,  27.97,  27.91,  27.86,  27.55,  27.69,  27.86,  27.86,  27.84,  27.63,  27.71,  27.68,  27.69,  27.78,  27.75,  27.88,  27.92,  27.94,  27.69,  27.47,  27.64,  27.89,  27.88,  27.76,  27.65,  27.60
20031014, 0000,  , TD, 25.9N,  67.7W,  25, 1008, -999, -999, -999, -999, -999, -999, -999, -999, -999, -999, -999, -999, -999,  27.33,  27.40,  27.29,  27.33,  27.76,  27.77,  27.72,  27.68,  27.44,  27.56,  27.78,  27.91,  27.93,  27.73,  27.39,  27.34,  27.48,  27.63,  27.80,  27.91,  27.78,  27.63,  27.57,  27.37,  27.25,  27.35,  27.40,  27.74,  27.85,  27.76,  27.66
