AL192024,               SARA,     20,
20241113, 1800,  , DB, 16.1N,  78.4W,  25, 1007,    0,    0,    0,    0,    0,    0,    0,    0,    0,    0,    0,    0,   30,  29.68,  29.80,  29.80,  29.78,  29.67,  29.63,  29.60,  30.25,  29.83,  29.72,  29.78,  29.87,  29.72,  29.86,  29.82,  29.81,  29.69,  29.69,  29.75,  29.70,  29.70,  29.52,  29.60,  29.69,  29.75,  29.74,  29.66,  29.63,  29.38,  29.40,  29.65
20241114, 0000,  , DB, 16.0N,  79.7W,  25, 1005,    0,    0,    0,    0,    0,    0,    0,    0,    0,    0,    0,    0,   30,  29.59,  29.69,  29.70,  29.62,  29.56,  29.55,  29.78,  29.59,  29.61,  29.62,  29.75,  29.78,  29.95,  29.96,  30.02,  29.92,  29.82,  29.66,  29.45,  29.49,  29.29,  29.32,  29.39,  29.33,  29.30,  29.23,  29.18,  29.23,  29.30,  29.39,  29.51
20241114, 0600,  , TD, 15.9N,  81.1W,  30, 1003,    0,    0,    0,    0,    0,    0,    0,    0,    0,    0,    0,    0,   40,  29.79,  29.83,  29.78,  29.72,  29.67,  29.67,  29.98,  29.94,  29.79,  29.77,  29.91,  29.90,  30.03,  29.99,  29.99,  29.97,  29.76,  29.64,  29.53,  29.61,  29.49,  29.51,  29.62,  29.58,  29.36,  29.20,  29.06,  28.97,  28.96,  29.03,  29.14
20241114, 1200,  , TS, 15.8N,  82.2W,  35, 1001,   90,    0,    0,   90,    0,    0,    0,    0,    0,    0,    0,    0,   40,  29.68,  29.78,  29.70,  29.65,  29.58,  29.54,  29.76,  29.85,  29.63,  29.68,  29.81,  29.85,  30.01,  30.00,  30.01,  30.03,  29.84,  29.84,  29.71,  29.70,  29.51,  29.54,  29.65,  29.68,  29.47,  29.28,  29.18,  29.15,  29.18,  29.20,  29.21
20241114, 1800,  , TS, 15.8N,  83.1W,  35, 1000,   90,    0,    0,   90,    0,    0,    0,    0,    0,    0,    0,    0,   40,  29.48,  29.63,  29.53,  29.48,  29.39,  29.39,  29.39,  29.45,  29.27,  29.36,  29.44,  29.54,  29.66,  29.67,  29.63,  29.61,  29.43,  29.50,  29.45,  29.38,  29.29,  29.30,  29.39,  29.42,  29.23,  29.09,  29.03,  29.00,  28.97,  28.99,  28.94
20241115, 0000,  , TS, 15.7N,  84.0W,  40,  999,   90,    0,    0,   90,    0,    0,    0,    0,    0,    0,    0,    0,   40,  29.46,  29.19,  29.13,  29.05,  29.07,  29.08,  29.08,  29.08,  29.20,  29.30,  29.38,  29.39,  29.37,  29.32,  29.30,  29.13,  29.09,  29.14,  29.18,  29.11,  29.25,  29.40,  29.26,  28.98,  28.83,  28.67,  28.57,  28.48,  28.45,  28.42,  28.48
20241115, 0120, L, TS, 15.8N,  84.3W,  40,  999,   90,    0,    0,   90,    0,    0,    0,    0,    0,    0,    0,    0,   40,  29.21,  29.01,  28.97,  28.90,  28.94,  28.93,  28.98,  29.06,  29.19,  29.27,  29.34,  29.31,  29.31,  29.28,  29.25,  29.04,  28.99,  29.07,  29.11,  29.08,  29.22,  29.34,  29.22,  28.98,  28.82,  28.65,  28.58,  28.48,  28.44,  28.43,  28.49
20241115, 0600,  , TS, 16.0N,  85.0W,  40,  998,   90,    0,    0,   90,    0,    0,    0,    0,    0,    0,    0,    0,   40,  28.93,  28.88,  28.94,  28.91,  28.87,  28.94,  28.96,  29.07,  29.30,  29.39,  29.45,  29.39,  29.41,  29.43,  29.32,  29.04,  28.86,  28.95,  29.06,  29.08,  29.18,  29.24,  29.08,  28.93,  28.73,  28.59,  28.61,  28.54,  28.49,  28.42,  28.42
20241115, 1200,  , TS, 16.1N,  85.6W,  45,  997,   90,    0,    0,  100,    0,    0,    0,    0,    0,    0,    0,    0,   30,  28.99,  28.91,  28.97,  28.96,  28.89,  29.11,  29.02,  29.11,  29.37,  29.50,  29.56,  29.48,  29.48,  29.52,  29.30,  29.03,  28.79,  28.88,  29.01,  29.16,  29.24,  29.26,  29.13,  29.01,  28.70,  28.55,  28.59,  28.48,  28.38,  28.28,  28.26
20241115, 1800,  , TS, 16.1N,  86.1W,  45,  997,   80,    0,    0,  100,    0,    0,    0,    0,    0,    0,    0,    0,   40,  29.07,  28.93,  28.96,  28.92,  28.89,  29.17,  29.04,  29.08,  29.30,  29.51,  29.55,  29.54,  29.56,  29.57,  29.24,  28.97,  28.85,  28.84,  29.05,  29.15,  29.22,  29.19,  29.10,  28.99,  28.71,  28.55,  28.57,  28.48,  28.36,  28.29,  28.33
20241116, 0000,  , TS, 16.1N,  86.1W,  45,  997,   80,    0,    0,  100,    0,    0,    0,    0,    0,    0,    0,    0,   40,  28.93,  28.96,  28.92,  28.89,  29.17,  29.04,  29.08,  29.30,  29.51,  29.55,  29.54,  29.56,  29.57,  29.24,  28.97,  28.85,  28.84,  29.05,  29.15,  29.22,  29.19,  29.10,  28.99,  28.71,  28.55,  28.57,  28.48,  28.36,  28.29,  28.33,  28.35
20241116, 0600,  , TS, 16.2N,  86.2W,  40,  999,   80,    0,    0,  100,    0,    0,    0,    0,    0,    0,    0,    0,   50,  28.93,  28.96,  28.92,  28.89,  29.17,  29.04,  29.08,  29.30,  29.51,  29.55,  29.54,  29.56,  29.57,  29.24,  28.97,  28.85,  28.84,  29.05,  29.15,  29.22,  29.19,  29.10,  28.99,  28.71,  28.55,  28.57,  28.48,  28.36,  28.29,  28.33,  28.35
20241116, 1200,  , TS, 16.2N,  86.4W,  40,  999,   80,    0,    0,  100,    0,    0,    0,    0,    0,    0,    0,    0,   50,  28.97,  28.98,  28.93,  28.89,  29.18,  29.06,  29.05,  29.24,  29.50,  29.52,  29.55,  29.57,  29.57,  29.24,  29.02,  28.94,  28.90,  29.05,  29.14,  29.22,  29.18,  29.11,  29.02,  28.76,  28.60,  28.63,  28.55,  28.43,  28.37,  28.42,  28.45
20241116, 1800,  , TS, 16.3N,  86.8W,  35, 1000,   80,    0,   30,   90,    0,    0,    0,    0,    0,    0,    0,    0,   50,  28.99,  28.95,  28.89,  28.87,  29.17,  29.15,  29.03,  29.17,  29.46,  29.44,  29.46,  29.47,  29.46,  29.23,  29.11,  29.06,  28.99,  29.10,  29.18,  29.24,  29.19,  29.12,  29.06,  28.88,  28.70,  28.72,  28.65,  28.52,  28.50,  28.56,  28.58
20241117, 0000,  , TS, 16.4N,  87.1W,  35, 1000,   80,   30,   30,   90,    0,    0,    0,    0,    0,    0,    0,    0,   40,  29.14,  29.08,  29.05,  29.30,  29.31,  29.12,  29.22,  29.53,  29.48,  29.48,  29.45,  29.44,  29.29,  29.24,  29.00,  28.95,  29.14,  29.26,  29.29,  29.27,  29.19,  29.13,  28.91,  28.76,  28.75,  28.70,  28.62,  28.59,  28.63,  28.68,  28.40
20241117, 0600,  , TS, 16.5N,  87.5W,  35, 1001,   80,   30,   30,   90,    0,    0,    0,    0,    0,    0,    0,    0,   40,  29.18,  29.15,  29.12,  29.34,  29.40,  29.19,  29.22,  29.49,  29.44,  29.46,  29.44,  29.44,  29.38,  29.36,  29.06,  28.93,  29.00,  29.32,  29.29,  29.24,  29.12,  29.05,  28.90,  28.77,  28.72,  28.67,  28.54,  28.49,  28.53,  28.57,  28.30
20241117, 1200,  , TS, 16.8N,  87.9W,  35, 1001,   80,   30,   30,   60,    0,    0,    0,    0,    0,    0,    0,    0,   40,  29.03,  29.06,  29.00,  29.15,  29.21,  28.99,  29.05,  29.38,  29.36,  29.40,  29.39,  29.42,  29.43,  29.44,  29.09,  28.76,  28.96,  29.18,  29.18,  29.12,  28.88,  28.80,  28.75,  28.56,  28.53,  28.47,  28.42,  28.34,  28.34,  28.30,  28.08
20241117, 1400, L, TS, 17.0N,  88.3W,  35, 1001,   80,   30,   30,   60,    0,    0,    0,    0,    0,    0,    0,    0,   40,    nan,    nan,    nan,    nan,    nan,    nan,    nan,    nan,    nan,    nan,    nan,    nan,    nan,    nan,    nan,    nan,    nan,    nan,    nan,    nan,    nan,    nan,    nan,    nan,    nan,    nan,    nan,    nan,    nan,    nan,    nan
20241117, 1800,  , TD, 17.4N,  89.1W,  30, 1003,    0,    0,    0,    0,    0,    0,    0,    0,    0,    0,    0,    0,   50,    nan,    nan,    nan,    nan,    nan,    nan,    nan,    nan,    nan,    nan,    nan,    nan,    nan,    nan,    nan,    nan,    nan,    nan,    nan,    nan,    nan,    nan,    nan,    nan,    nan,    nan,    nan,    nan,    nan,    nan,    nan
20241118, 0000,  , TD, 17.9N,  90.2W,  25, 1004,    0,    0,    0,    0,    0,    0,    0,    0,    0,    0,    0,    0,   50,    nan,    nan,    nan,    nan,    nan,    nan,    nan,    nan,    nan,    nan,    nan,    nan,    nan,    nan,    nan,    nan,    nan,    nan,    nan,    nan,    nan,    nan,    nan,    nan,    nan,    nan,    nan,    nan,    nan,    nan,    nan
