AL192000,            UNNAMED,     20,
20001025, 0000,  , EX, 21.5N,  69.5W,  30, 1009, -999, -999, -999, -999, -999, -999, -999, -999, -999, -999, -999, -999, -999,  29.08,  29.20,  29.22,  29.18,  29.00,  29.43,  30.03,  29.43,  29.08,  28.80,  28.47,  28.77,  29.20,  29.29,  29.31,  28.95,  28.91,  28.94,  28.75,  28.19,  27.39,  27.09,  28.29,  28.59,  28.54,  28.43,  28.43,  28.17,  28.17,  28.17,  28.23
20001025, 0600,  , EX, 22.5N,  70.0W,  35, 1007, -999, -999, -999, -999, -999, -999, -999, -999, -999, -999, -999, -999, -999,  28.57,  28.61,  28.64,  28.82,  28.64,  28.39,  28.40,  28.78,  28.85,  28.48,  28.51,  28.88,  29.03,  28.83,  28.42,  28.26,  28.21,  28.06,  27.64,  27.80,  27.55,  27.52,  27.53,  27.84,  28.13,  28.17,  27.97,  27.33,  27.26,  27.45,  27.63
20001025, 1200,  , EX, 23.5N,  70.9W,  35, 1006, -999, -999, -999, -999, -999, -999, -999, -999, -999, -999, -999, -999, -999,  28.76,  28.67,  28.53,  28.55,  28.55,  28.60,  28.70,  28.80,  28.69,  28.43,  28.24,  28.53,  28.71,  28.45,  28.27,  28.16,  28.11,  27.99,  27.42,  27.65,  27.89,  28.01,  28.06,  28.02,  28.00,  27.70,  27.38,  27.38,  27.43,  27.76,  27.79
20001025, 1800,  , SS, 24.5N,  71.7W,  35, 1005, -999, -999, -999, -999, -999, -999, -999, -999, -999, -999, -999, -999, -999,  29.70,  29.71,  29.37,  29.30,  29.27,  29.24,  28.70,  28.30,  28.42,  28.83,  28.75,  28.28,  27.81,  27.72,  27.50,  27.41,  27.26,  26.93,  26.76,  26.70,  26.84,  26.79,  26.90,  26.93,  26.88,  26.77,  27.01,  26.92,  26.55,  26.52,  26.34
20001026, 0000,  , SS, 25.7N,  71.7W,  35, 1004, -999, -999, -999, -999, -999, -999, -999, -999, -999, -999, -999, -999, -999,  28.52,  28.50,  28.44,  28.25,  28.16,  27.65,  27.07,  27.09,  27.47,  28.58,  27.86,  26.94,  26.95,  26.96,  26.89,  26.67,  25.98,  25.98,  25.95,  25.96,  25.94,  25.92,  25.95,  25.95,  25.93,  25.87,  25.61,  25.42,  25.25,  25.20,  25.37
20001026, 0600,  , SS, 26.6N,  71.7W,  35, 1003, -999, -999, -999, -999, -999, -999, -999, -999, -999, -999, -999, -999, -999,  27.92,  27.82,  27.70,  27.53,  27.47,  27.34,  26.96,  26.99,  27.26,  27.51,  27.18,  26.67,  26.66,  26.80,  26.88,  26.80,  26.05,  25.96,  25.76,  25.55,  25.75,  25.81,  25.89,  26.05,  26.52,  26.46,  26.03,  25.86,  25.39,  25.26,  25.53
20001026, 1200,  , SS, 27.4N,  71.8W,  40, 1002, -999, -999, -999, -999, -999, -999, -999, -999, -999, -999, -999, -999, -999,  27.82,  27.57,  27.37,  27.30,  27.25,  27.21,  26.73,  26.59,  26.74,  26.56,  26.35,  26.32,  26.47,  26.69,  26.78,  26.76,  25.74,  25.56,  25.55,  25.38,  25.47,  25.75,  26.07,  26.44,  26.90,  26.66,  26.18,  25.89,  25.22,  25.13,  25.28
20001026, 1800,  , SS, 28.3N,  72.1W,  45, 1000, -999, -999, -999, -999, -999, -999, -999, -999, -999, -999, -999, -999, -999,  27.52,  27.35,  27.22,  27.16,  27.11,  27.08,  26.38,  26.24,  26.12,  26.15,  26.35,  26.45,  26.38,  26.35,  26.12,  25.61,  25.14,  25.32,  25.30,  25.11,  25.08,  25.30,  25.19,  25.18,  25.13,  24.69,  25.22,  25.19,  24.37,  24.26,  24.36
20001027, 0000,  , SS, 29.2N,  72.5W,  50,  997, -999, -999, -999, -999, -999, -999, -999, -999, -999, -999, -999, -999, -999,  27.40,  27.33,  27.26,  27.19,  27.13,  26.34,  26.26,  26.19,  26.22,  26.08,  25.99,  25.93,  25.91,  25.83,  25.46,  24.97,  24.98,  24.81,  24.71,  24.68,  25.09,  25.04,  25.02,  24.93,  24.67,  25.04,  24.86,  24.00,  23.91,  24.15,  24.02
20001027, 0600,  , SS, 30.0N,  72.6W,  50,  997, -999, -999, -999, -999, -999, -999, -999, -999, -999, -999, -999, -999, -999,  26.33,  26.30,  26.26,  26.22,  25.95,  25.50,  25.62,  25.77,  25.69,  25.34,  25.27,  25.22,  25.15,  25.10,  24.93,  24.30,  24.26,  24.13,  24.14,  24.14,  24.25,  24.20,  24.08,  24.03,  23.74,  23.74,  23.68,  23.32,  23.16,  23.31,  23.33
20001027, 1200,  , SS, 30.9N,  72.5W,  50,  997, -999, -999, -999, -999, -999, -999, -999, -999, -999, -999, -999, -999, -999,  26.34,  26.29,  26.18,  26.09,  26.01,  25.19,  25.15,  25.16,  25.08,  24.82,  24.71,  24.65,  24.42,  24.53,  24.39,  24.13,  24.13,  24.05,  24.06,  24.03,  24.03,  23.87,  23.75,  23.21,  23.01,  23.04,  23.22,  23.11,  22.94,  22.96,  23.08
20001027, 1800,  , SS, 32.6N,  71.6W,  50,  996, -999, -999, -999, -999, -999, -999, -999, -999, -999, -999, -999, -999, -999,  25.37,  25.37,  25.30,  25.21,  25.22,  24.66,  24.70,  24.89,  24.92,  24.87,  24.84,  24.76,  24.29,  24.24,  24.16,  24.22,  24.21,  24.04,  23.89,  23.83,  23.96,  23.84,  23.57,  22.53,  22.15,  22.95,  22.99,  22.78,  22.78,  22.80,  22.94
20001028, 0000,  , SS, 34.2N,  70.7W,  50,  994, -999, -999, -999, -999, -999, -999, -999, -999, -999, -999, -999, -999, -999,  25.10,  25.03,  24.93,  24.69,  24.45,  24.57,  25.27,  25.32,  25.05,  25.05,  24.66,  24.32,  24.26,  23.97,  23.99,  23.79,  23.60,  23.49,  23.37,  23.21,  23.13,  23.10,  22.90,  22.42,  23.04,  22.19,  22.07,  22.19,  22.10,  21.71,  21.69
20001028, 0600,  , SS, 35.7N,  69.9W,  50,  992, -999, -999, -999, -999, -999, -999, -999, -999, -999, -999, -999, -999, -999,  23.76,  23.58,  23.82,  23.94,  23.96,  23.98,  23.86,  23.77,  23.62,  23.64,  23.62,  23.78,  23.85,  23.88,  23.94,  23.88,  23.70,  23.66,  23.41,  23.34,  23.28,  23.05,  22.95,  22.91,  22.83,  22.22,  22.88,  23.21,  22.97,  22.52,  22.52
20001028, 1200,  , SS, 36.5N,  68.1W,  50,  990, -999, -999, -999, -999, -999, -999, -999, -999, -999, -999, -999, -999, -999,  24.53,  24.50,  24.51,  24.64,  24.59,  24.55,  24.41,  24.19,  23.95,  23.79,  23.84,  24.38,  24.79,  24.71,  24.04,  23.93,  23.92,  23.64,  23.44,  23.40,  23.37,  23.10,  23.03,  23.00,  22.93,  22.86,  22.81,  22.69,  22.39,  22.39,  22.25
20001028, 1800,  , SS, 38.0N,  65.5W,  55,  984, -999, -999, -999, -999, -999, -999, -999, -999, -999, -999, -999, -999, -999,  23.92,  23.90,  23.97,  23.91,  23.42,  23.45,  23.57,  23.59,  23.57,  23.53,  23.84,  23.70,  23.72,  23.60,  23.29,  23.27,  23.29,  23.26,  23.25,  23.32,  23.24,  23.26,  23.57,  23.54,  23.41,  23.14,  22.62,  22.69,  23.57,  23.74,  23.66
20001029, 0000,  , SS, 40.5N,  62.6W,  55,  978, -999, -999, -999, -999, -999, -999, -999, -999, -999, -999, -999, -999, -999,  20.57,  20.92,  21.10,  21.07,  21.27,  21.31,  21.24,  21.26,  21.01,  20.83,  22.45,  23.17,  23.33,  23.30,  22.91,  22.65,  22.46,  21.75,  21.01,  20.66,  20.55,  20.45,  20.23,  20.49,  20.58,  20.44,  20.00,  19.79,  19.32,  19.33,  19.23
20001029, 0200, I, SS, 41.7N,  61.6W,  55,  976, -999, -999, -999, -999, -999, -999, -999, -999, -999, -999, -999, -999, -999,  18.08,  17.79,  17.65,  17.26,  16.96,  16.91,  16.60,  16.44,  16.22,  17.08,  17.71,  17.90,  18.35,  18.44,  18.65,  18.60,  18.54,  18.83,  18.80,  18.66,  18.39,  17.98,  17.91,  17.96,  18.02,  17.98,  17.75,  17.63,  17.65,  17.71,  17.40
20001029, 0600,  , EX, 44.0N,  60.0W,  50,  980, -999, -999, -999, -999, -999, -999, -999, -999, -999, -999, -999, -999, -999,  14.25,  14.00,  13.83,  14.06,  14.14,  14.04,  14.02,  12.89,  12.96,  12.88,  12.69,  12.53,  12.32,  12.37,  13.68,  12.37,  12.31,  12.27,  12.37,  12.16,  12.11,  12.29,  12.31,  12.37,  12.57,  12.73,  12.73,  12.37,  12.22,  12.11,  11.89
20001029, 1200,  , EX, 46.0N,  59.5W,  45,  992, -999, -999, -999, -999, -999, -999, -999, -999, -999, -999, -999, -999, -999,  12.37,  12.31,  11.92,  11.90,  11.90,  11.85,  10.80,  10.14,   9.89,  10.07,  10.12,  10.17,  10.21,  10.05,   9.57,   9.35,   9.30,   9.37,   9.63,   9.55,   9.40,   9.23,   9.07,   8.94,   9.14,   9.03,   8.85,   8.83,   8.82,   8.67,   8.69
