AL191984,            UNNAMED,     20,
19841123, 1200,  , TD, 26.5N,  79.5W,  20, -999, -999, -999, -999, -999, -999, -999, -999, -999, -999, -999, -999, -999, -999,  26.89,  27.21,  27.23,  27.19,  26.93,  26.41,  26.21,  26.26,  26.85,  26.90,  26.78,  26.83,  26.85,  26.59,  26.45,  26.27,  27.18,  27.31,  27.31,  27.16,  26.88,  26.59,  27.19,  26.86,  27.38,  27.70,  27.67,  27.46,  27.03,  26.32,  25.42
19841123, 1800,  , TD, 26.8N,  78.8W,  20, -999, -999, -999, -999, -999, -999, -999, -999, -999, -999, -999, -999, -999, -999,  26.10,  26.07,  26.15,  26.17,  26.11,  25.72,  25.69,  25.90,  26.68,  26.70,  26.00,  25.76,  25.72,  25.57,  25.65,  25.60,  26.37,  24.79,  24.01,  24.39,  24.13,  24.38,  25.99,  26.23,  26.14,  25.70,  25.19,  25.19,  25.03,  24.54,  24.19
19841124, 0000,  , TD, 26.7N,  77.7W,  25, -999, -999, -999, -999, -999, -999, -999, -999, -999, -999, -999, -999, -999, -999,  25.03,  24.71,  24.78,  24.92,  24.88,  24.95,  24.96,  24.90,  24.72,  24.94,  25.05,  25.13,  24.76,  24.68,  24.69,  24.60,  24.14,  24.03,  24.11,  24.54,  25.22,  24.83,  24.73,  24.64,  25.04,  25.31,  25.43,  25.44,  25.43,  25.39,  24.91
19841124, 0600,  , TD, 26.4N,  76.7W,  25, -999, -999, -999, -999, -999, -999, -999, -999, -999, -999, -999, -999, -999, -999,  25.94,  26.06,  26.09,  25.87,  25.80,  25.82,  25.65,  25.45,  25.21,  24.78,  24.55,  24.74,  24.87,  24.92,  25.02,  25.17,  24.95,  24.83,  24.64,  24.92,  25.29,  25.31,  25.30,  25.22,  25.66,  25.69,  25.61,  25.89,  26.13,  26.21,  25.60
19841124, 1200,  , TD, 26.0N,  75.8W,  25, -999, -999, -999, -999, -999, -999, -999, -999, -999, -999, -999, -999, -999, -999,  25.84,  25.95,  25.97,  25.73,  25.68,  25.65,  25.59,  25.56,  25.68,  25.26,  25.21,  25.39,  25.46,  25.45,  25.44,  25.44,  25.72,  25.68,  25.36,  25.24,  25.21,  25.35,  25.57,  25.61,  25.33,  25.31,  25.25,  25.46,  25.42,  25.39,  25.23
19841124, 1800,  , TD, 25.8N,  74.0W,  30, -999, -999, -999, -999, -999, -999, -999, -999, -999, -999, -999, -999, -999, -999,  25.89,  25.67,  26.00,  26.09,  25.63,  25.47,  25.44,  25.39,  25.25,  25.51,  25.76,  25.52,  25.49,  25.84,  25.95,  25.75,  25.65,  25.56,  25.42,  25.22,  25.08,  25.16,  25.42,  25.61,  25.57,  25.15,  25.20,  25.21,  25.23,  25.36,  25.14
19841125, 0000,  , TD, 25.8N,  72.3W,  30, -999, -999, -999, -999, -999, -999, -999, -999, -999, -999, -999, -999, -999, -999,  25.99,  26.01,  25.94,  25.37,  25.11,  25.25,  25.45,  25.49,  25.47,  25.54,  25.56,  25.35,  25.73,  25.84,  25.80,  25.66,  25.28,  25.19,  25.14,  25.04,  24.99,  25.15,  25.24,  25.33,  25.15,  25.06,  25.20,  25.07,  24.86,  24.91,  24.81
19841125, 0600,  , TD, 25.9N,  70.4W,  30, -999, -999, -999, -999, -999, -999, -999, -999, -999, -999, -999, -999, -999, -999,  25.69,  25.42,  24.78,  24.58,  24.91,  25.26,  25.21,  25.04,  24.94,  25.35,  25.26,  24.72,  24.63,  24.77,  24.80,  24.49,  24.40,  24.59,  24.50,  24.42,  24.34,  24.50,  25.09,  25.20,  24.87,  24.41,  24.35,  23.82,  23.91,  24.48,  24.85
19841125, 1200,  , TD, 26.0N,  68.6W,  30, -999, -999, -999, -999, -999, -999, -999, -999, -999, -999, -999, -999, -999, -999,  25.87,  25.87,  25.66,  25.54,  25.81,  25.62,  25.40,  25.22,  25.58,  25.38,  25.05,  24.74,  24.50,  24.34,  24.25,  24.15,  24.32,  24.51,  24.76,  24.83,  24.64,  24.59,  25.05,  25.17,  24.90,  24.44,  24.37,  24.10,  24.23,  25.08,  25.54
19841125, 1800,  , TD, 26.0N,  66.8W,  30, -999, -999, -999, -999, -999, -999, -999, -999, -999, -999, -999, -999, -999, -999,  26.18,  26.17,  26.05,  25.98,  25.73,  25.64,  25.89,  26.10,  26.12,  26.09,  26.10,  25.90,  25.62,  25.52,  25.30,  25.65,  26.14,  26.05,  25.58,  25.35,  25.08,  24.96,  25.04,  25.21,  25.02,  25.08,  25.00,  25.12,  25.50,  25.23,  24.76
19841126, 0000,  , TD, 26.0N,  64.8W,  30, -999, -999, -999, -999, -999, -999, -999, -999, -999, -999, -999, -999, -999, -999,  25.52,  25.13,  25.02,  25.07,  25.00,  24.80,  24.78,  24.72,  24.75,  25.00,  24.97,  24.99,  24.77,  24.49,  24.39,  24.79,  24.98,  24.60,  24.61,  24.69,  24.33,  24.15,  24.44,  24.56,  24.57,  24.56,  24.58,  24.47,  24.29,  24.07,  24.22
19841126, 0600,  , TD, 26.0N,  62.8W,  30, -999, -999, -999, -999, -999, -999, -999, -999, -999, -999, -999, -999, -999, -999,  25.56,  25.56,  25.34,  25.44,  25.32,  25.12,  25.01,  25.03,  25.08,  25.12,  25.17,  24.42,  24.18,  24.23,  24.63,  24.69,  24.69,  24.85,  24.75,  24.69,  24.24,  23.81,  24.36,  24.47,  24.66,  24.67,  24.70,  24.66,  24.61,  24.05,  24.16
19841126, 1200,  , TD, 26.1N,  61.0W,  30, -999, -999, -999, -999, -999, -999, -999, -999, -999, -999, -999, -999, -999, -999,  26.06,  25.90,  25.85,  25.69,  25.50,  25.49,  25.02,  24.79,  25.27,  25.33,  25.32,  24.86,  24.85,  24.93,  24.76,  24.55,  24.57,  24.69,  24.84,  24.83,  24.44,  24.38,  24.53,  24.64,  24.78,  24.81,  24.77,  25.06,  24.87,  24.13,  24.00
19841126, 1800,  , TD, 26.1N,  59.0W,  30, -999, -999, -999, -999, -999, -999, -999, -999, -999, -999, -999, -999, -999, -999,  25.22,  25.53,  25.70,  26.18,  26.51,  26.36,  25.06,  24.68,  24.97,  25.01,  25.00,  24.84,  24.22,  24.02,  23.96,  23.91,  23.96,  24.20,  24.26,  24.21,  24.02,  23.92,  23.91,  23.96,  24.06,  24.06,  23.99,  24.05,  24.58,  24.27,  23.97
19841127, 0000,  , TD, 26.5N,  57.5W,  30, -999, -999, -999, -999, -999, -999, -999, -999, -999, -999, -999, -999, -999, -999,  25.47,  25.31,  25.30,  25.92,  25.87,  25.15,  24.70,  25.22,  25.58,  25.66,  25.63,  24.65,  24.33,  24.50,  24.45,  24.14,  24.46,  24.69,  24.45,  24.57,  24.50,  24.21,  24.36,  24.23,  24.21,  24.10,  24.15,  24.58,  24.70,  24.05,  24.09
19841127, 0600,  , TD, 27.1N,  55.4W,  30, -999, -999, -999, -999, -999, -999, -999, -999, -999, -999, -999, -999, -999, -999,  25.65,  24.82,  24.48,  24.23,  25.41,  25.06,  24.64,  25.00,  25.37,  25.58,  25.62,  25.32,  24.99,  24.78,  24.76,  24.88,  25.01,  25.09,  25.09,  24.98,  24.60,  24.54,  24.69,  24.59,  24.57,  24.67,  24.49,  24.51,  24.48,  24.03,  24.09
19841127, 1200,  , TD, 28.0N,  54.0W,  30, -999, -999, -999, -999, -999, -999, -999, -999, -999, -999, -999, -999, -999, -999,  26.00,  25.55,  24.83,  24.69,  25.35,  24.71,  24.62,  24.76,  24.88,  25.30,  25.39,  24.99,  24.82,  24.67,  24.65,  24.93,  24.82,  24.72,  24.72,  24.60,  24.82,  24.93,  24.87,  24.71,  24.67,  24.63,  24.48,  24.46,  24.44,  24.08,  24.35
19841127, 1800,  , TD, 28.9N,  52.9W,  30, -999, -999, -999, -999, -999, -999, -999, -999, -999, -999, -999, -999, -999, -999,  25.47,  25.30,  25.19,  25.18,  24.82,  24.21,  24.19,  24.14,  24.22,  24.64,  24.72,  24.65,  24.49,  24.28,  24.08,  24.32,  24.19,  24.26,  24.15,  24.12,  23.92,  23.85,  23.82,  23.77,  23.77,  23.86,  23.83,  23.58,  23.48,  23.46,  23.39
19841128, 0000,  , TD, 30.0N,  51.0W,  30, -999, -999, -999, -999, -999, -999, -999, -999, -999, -999, -999, -999, -999, -999,  24.50,  24.54,  24.54,  24.79,  24.20,  24.11,  23.83,  23.37,  23.28,  23.29,  23.90,  24.17,  23.89,  23.75,  23.80,  22.98,  23.31,  23.62,  23.60,  23.43,  23.33,  23.89,  23.97,  23.96,  23.81,  24.11,  24.06,  24.09,  24.02,  23.88,  23.37
19841128, 0600,  , TD, 31.1N,  49.5W,  25, -999, -999, -999, -999, -999, -999, -999, -999, -999, -999, -999, -999, -999, -999,  23.96,  24.01,  24.18,  24.20,  24.04,  23.78,  23.75,  23.31,  22.54,  22.85,  23.15,  23.36,  23.14,  22.58,  22.42,  22.71,  22.76,  22.64,  22.54,  22.54,  22.90,  22.45,  22.31,  22.32,  22.51,  22.40,  22.45,  22.45,  22.14,  22.32,  22.64
