AL192011,               SEAN,     28,
20111106, 0000,  , EX, 28.5N,  70.0W,  45, 1005,  400,    0,    0,    0,    0,    0,    0,    0,    0,    0,    0,    0, -999,  26.57,  26.45,  26.47,  26.21,  25.81,  25.87,  25.96,  26.08,  26.09,  26.21,  26.33,  26.33,  25.88,  26.25,  26.39,  26.17,  26.06,  25.88,  25.67,  25.12,  25.04,  25.04,  24.79,  25.07,  25.35,  25.56,  25.78,  25.89,  25.59,  25.37,  25.39
20111106, 0600,  , EX, 28.5N,  69.2W,  45, 1005,  400,    0,    0,    0,    0,    0,    0,    0,    0,    0,    0,    0, -999,  26.70,  26.90,  26.84,  26.80,  26.57,  26.55,  26.68,  26.56,  26.57,  26.78,  26.87,  26.79,  26.29,  26.56,  26.75,  26.58,  26.50,  26.39,  26.15,  25.72,  25.59,  25.50,  25.38,  25.54,  25.59,  25.63,  25.68,  25.63,  25.56,  25.70,  25.88
20111106, 1200,  , EX, 28.4N,  68.8W,  45, 1005,  400,    0,    0,    0,    0,    0,    0,    0,    0,    0,    0,    0, -999,  26.83,  27.02,  26.97,  26.97,  26.63,  26.59,  26.70,  26.56,  26.58,  26.81,  26.89,  26.81,  26.39,  26.56,  26.69,  26.57,  26.49,  26.38,  26.21,  25.89,  25.81,  25.73,  25.66,  25.68,  25.64,  25.62,  25.63,  25.62,  25.52,  25.62,  25.75
20111106, 1800,  , EX, 28.0N,  68.5W,  45, 1005,  400,    0,    0,    0,    0,    0,    0,    0,    0,    0,    0,    0, -999,  27.00,  27.23,  27.24,  27.25,  26.92,  26.81,  26.86,  26.79,  26.87,  27.00,  26.95,  26.91,  26.70,  26.81,  26.89,  26.80,  26.76,  26.74,  26.53,  26.32,  26.28,  26.34,  26.30,  26.18,  26.12,  26.07,  26.04,  26.03,  25.77,  25.67,  25.89
20111107, 0000,  , EX, 27.9N,  68.6W,  45, 1005,  350,    0,    0,    0,    0,    0,    0,    0,    0,    0,    0,    0, -999,  27.23,  27.24,  27.25,  26.92,  26.81,  26.86,  26.79,  26.87,  27.00,  26.95,  26.91,  26.70,  26.81,  26.89,  26.80,  26.76,  26.74,  26.53,  26.32,  26.28,  26.34,  26.30,  26.18,  26.12,  26.07,  26.04,  26.03,  25.77,  25.67,  25.89,  25.84
20111107, 0600,  , EX, 27.7N,  68.7W,  40, 1005,  350,    0,    0,    0,    0,    0,    0,    0,    0,    0,    0,    0, -999,  27.37,  27.37,  27.34,  27.06,  26.95,  26.97,  26.96,  26.97,  27.10,  27.01,  27.00,  26.87,  26.96,  27.03,  26.95,  26.90,  26.90,  26.64,  26.50,  26.45,  26.47,  26.40,  26.28,  26.27,  26.23,  26.16,  26.08,  25.81,  25.72,  26.00,  25.90
20111107, 1200,  , EX, 27.5N,  69.0W,  40, 1005,  350,    0,    0,    0,    0,    0,    0,    0,    0,    0,    0,    0, -999,  27.27,  27.27,  27.15,  26.92,  26.92,  26.96,  26.87,  26.90,  27.07,  27.06,  27.01,  26.67,  26.93,  27.10,  27.20,  27.25,  27.25,  26.76,  26.38,  26.20,  26.27,  26.25,  26.23,  26.32,  26.25,  26.18,  26.27,  25.84,  25.74,  26.18,  26.12
20111107, 1800,  , LO, 27.6N,  69.3W,  40, 1004,  350,    0,    0,    0,    0,    0,    0,    0,    0,    0,    0,    0, -999,  27.27,  27.27,  27.15,  26.92,  26.92,  26.96,  26.87,  26.90,  27.07,  27.06,  27.01,  26.67,  26.93,  27.10,  27.20,  27.25,  27.25,  26.76,  26.38,  26.20,  26.27,  26.25,  26.23,  26.32,  26.25,  26.18,  26.27,  25.84,  25.74,  26.18,  26.12
20111108, 0000,  , LO, 27.6N,  69.6W,  40, 1002,  350,    0,    0,    0,    0,    0,    0,    0,    0,    0,    0,    0, -999,  27.01,  26.63,  26.18,  26.36,  26.49,  26.56,  26.54,  26.63,  26.76,  26.75,  26.35,  26.78,  26.98,  27.10,  27.24,  27.28,  26.59,  26.02,  25.69,  25.76,  25.75,  25.94,  26.05,  25.91,  25.73,  25.67,  25.24,  24.97,  25.30,  25.24,  25.17
20111108, 0600,  , SS, 27.7N,  69.8W,  40, 1001,  300,    0,  150,  330,    0,    0,    0,    0,    0,    0,    0,    0, -999,  26.95,  26.56,  26.00,  26.22,  26.34,  26.52,  26.48,  26.54,  26.70,  26.71,  26.26,  26.71,  26.90,  26.97,  27.10,  27.12,  26.38,  25.77,  25.41,  25.46,  25.41,  25.61,  25.69,  25.55,  25.37,  25.32,  24.87,  24.60,  24.84,  24.77,  24.69
20111108, 1200,  , SS, 27.8N,  70.0W,  45, 1000,  300,  120,  150,  330,    0,    0,    0,    0,    0,    0,    0,    0, -999,  26.95,  26.56,  26.00,  26.22,  26.34,  26.52,  26.48,  26.54,  26.70,  26.71,  26.26,  26.71,  26.90,  26.97,  27.10,  27.12,  26.38,  25.77,  25.41,  25.46,  25.41,  25.61,  25.69,  25.55,  25.37,  25.32,  24.87,  24.60,  24.84,  24.77,  24.69
20111108, 1800,  , TS, 27.8N,  70.0W,  45,  999,  200,  120,  150,  200,    0,    0,    0,    0,    0,    0,    0,    0, -999,  26.95,  26.56,  26.00,  26.22,  26.34,  26.52,  26.48,  26.54,  26.70,  26.71,  26.26,  26.71,  26.90,  26.97,  27.10,  27.12,  26.38,  25.77,  25.41,  25.46,  25.41,  25.61,  25.69,  25.55,  25.37,  25.32,  24.87,  24.60,  24.84,  24.77,  24.69
20111109, 0000,  , TS, 27.8N,  70.1W,  45,  999,  240,  120,  120,  240,    0,    0,    0,    0,    0,    0,    0,    0, -999,  26.60,  26.00,  26.19,  26.31,  26.57,  26.53,  26.51,  26.68,  26.68,  26.16,  26.55,  26.77,  26.78,  26.86,  26.85,  26.13,  25.54,  25.19,  25.25,  25.12,  25.22,  25.28,  25.16,  25.04,  24.93,  24.55,  24.38,  24.56,  24.41,  24.35,  24.29
20111109, 0600,  , TS, 27.8N,  70.2W,  50,  996,  250,  120,  120,  250,   60,    0,    0,    0,    0,    0,    0,    0, -999,  26.60,  26.00,  26.19,  26.31,  26.57,  26.53,  26.51,  26.68,  26.68,  26.16,  26.55,  26.77,  26.78,  26.86,  26.85,  26.13,  25.54,  25.19,  25.25,  25.12,  25.22,  25.28,  25.16,  25.04,  24.93,  24.55,  24.38,  24.56,  24.41,  24.35,  24.29
20111109, 1200,  , TS, 27.9N,  70.4W,  55,  994,  250,  120,  120,  250,   60,    0,    0,    0,    0,    0,    0,    0, -999,  26.39,  25.91,  26.05,  26.12,  26.35,  26.33,  26.28,  26.40,  26.38,  25.80,  26.08,  26.22,  26.09,  26.04,  26.04,  25.61,  25.06,  24.77,  24.72,  24.64,  24.81,  24.95,  24.96,  24.98,  24.95,  24.68,  24.58,  24.63,  24.36,  24.39,  24.39
20111109, 1800,  , TS, 28.3N,  70.6W,  55,  991,  250,  120,  120,  200,   60,   60,    0,   40,    0,    0,    0,    0, -999,  26.30,  25.96,  26.01,  26.13,  26.30,  26.32,  26.19,  26.20,  26.21,  25.84,  25.95,  26.04,  25.82,  25.56,  25.40,  25.26,  24.96,  24.96,  24.95,  24.76,  24.88,  24.86,  24.82,  24.91,  24.95,  24.79,  24.81,  24.97,  24.85,  24.97,  24.94
20111110, 0000,  , TS, 29.0N,  70.7W,  55,  987,  220,  120,  120,  200,   60,   60,    0,   40,    0,    0,    0,    0, -999,  26.17,  26.06,  26.15,  26.25,  26.26,  25.89,  25.72,  25.78,  25.64,  25.71,  25.79,  25.68,  25.42,  25.18,  25.03,  24.83,  24.84,  24.70,  24.43,  24.56,  24.75,  24.70,  24.68,  24.77,  24.57,  24.48,  24.68,  24.71,  24.52,  24.55,  24.58
20111110, 0600,  , TS, 29.7N,  70.9W,  55,  984,  220,  120,   90,  120,   45,   45,    0,    0,    0,    0,    0,    0, -999,  25.98,  25.96,  26.09,  26.19,  26.19,  25.74,  25.55,  25.56,  25.49,  25.57,  25.67,  25.59,  25.31,  25.14,  25.11,  24.84,  24.80,  24.65,  24.34,  24.45,  24.46,  24.35,  24.29,  24.41,  24.11,  23.94,  24.02,  24.01,  23.93,  23.88,  23.87
20111110, 1200,  , TS, 30.2N,  70.7W,  55,  982,  220,  120,   90,  120,   45,   45,    0,    0,    0,    0,    0,    0, -999,  25.18,  25.22,  25.32,  25.40,  25.44,  25.08,  24.69,  24.64,  24.53,  24.50,  24.74,  24.70,  24.42,  24.35,  24.21,  24.00,  24.01,  24.02,  23.79,  23.92,  24.09,  24.03,  24.06,  24.12,  23.73,  23.58,  23.69,  23.60,  23.39,  23.46,  23.54
20111110, 1800,  , TS, 30.5N,  70.0W,  55,  983,  220,  135,   90,  120,   35,   35,    0,    0,    0,    0,    0,    0, -999,  25.20,  25.17,  25.24,  25.35,  25.45,  25.10,  24.81,  24.63,  24.46,  24.76,  25.00,  25.00,  24.93,  25.00,  24.57,  24.36,  24.44,  24.35,  23.91,  23.94,  24.05,  23.96,  24.09,  24.28,  23.92,  23.69,  23.75,  23.68,  23.54,  23.54,  23.64
20111111, 0000,  , TS, 31.0N,  69.0W,  55,  984,  220,  135,   90,  120,   35,   35,    0,    0,    0,    0,    0,    0, -999,  25.43,  25.43,  25.42,  25.51,  25.32,  25.08,  24.94,  24.74,  24.91,  25.09,  25.10,  24.98,  25.10,  24.93,  24.47,  24.39,  24.20,  24.11,  24.41,  24.21,  24.03,  24.26,  24.40,  24.10,  24.04,  24.07,  24.00,  23.67,  23.69,  23.81,  23.90
20111111, 0600,  , TS, 32.2N,  67.2W,  50,  987,  150,  120,  100,   60,   30,   30,    0,    0,    0,    0,    0,    0, -999,  25.78,  25.89,  25.88,  25.66,  25.36,  25.00,  24.81,  24.79,  24.99,  24.99,  24.72,  24.43,  24.39,  24.44,  24.48,  24.66,  24.51,  24.63,  24.85,  24.94,  24.59,  24.60,  24.85,  24.53,  24.35,  24.24,  24.12,  24.11,  24.10,  24.16,  24.28
20111111, 1200,  , TS, 33.4N,  65.3W,  45,  991,  150,  120,  100,   60,    0,    0,    0,    0,    0,    0,    0,    0, -999,  25.28,  25.22,  25.23,  25.04,  24.42,  24.39,  24.39,  24.18,  24.31,  24.36,  24.10,  23.98,  24.01,  23.96,  24.00,  23.82,  23.79,  23.58,  23.58,  23.49,  23.61,  23.67,  23.76,  23.54,  23.48,  23.44,  23.19,  22.96,  22.94,  23.15,  23.20
20111111, 1800,  , TS, 34.8N,  62.6W,  40,  995,  150,  120,   75,   60,    0,    0,    0,    0,    0,    0,    0,    0, -999,  24.99,  24.97,  24.86,  24.79,  24.47,  24.38,  24.43,  24.36,  24.19,  24.13,  23.96,  23.62,  23.50,  23.47,  23.66,  23.81,  23.74,  23.66,  23.67,  23.58,  23.66,  23.74,  23.71,  23.55,  23.49,  23.47,  23.32,  23.20,  23.21,  22.84,  22.80
20111112, 0000,  , EX, 35.9N,  59.4W,  35, 1000,  150,  120,    0,    0,    0,    0,    0,    0,    0,    0,    0,    0, -999,  25.43,  25.36,  25.26,  25.16,  24.66,  24.52,  24.50,  24.54,  24.45,  24.40,  24.11,  24.03,  23.93,  23.84,  23.63,  23.38,  23.23,  23.16,  23.28,  23.48,  23.30,  23.01,  22.99,  23.01,  22.97,  22.91,  22.36,  22.38,  22.65,  22.75,  22.67
20111112, 0600,  , EX, 38.0N,  57.2W,  35, 1000,  150,  120,    0,    0,    0,    0,    0,    0,    0,    0,    0,    0, -999,  23.53,  23.37,  23.13,  23.03,  23.01,  22.53,  22.43,  22.49,  22.72,  22.71,  22.84,  22.91,  23.01,  22.81,  22.68,  22.79,  22.84,  22.69,  22.62,  22.47,  22.40,  22.27,  21.91,  21.83,  21.82,  21.80,  21.69,  21.65,  21.30,  21.30,  21.44
20111112, 1200,  , EX, 40.0N,  55.0W,  35, 1000,  150,  120,    0,    0,    0,    0,    0,    0,    0,    0,    0,    0, -999,  21.02,  21.72,  20.84,  20.37,  20.35,  20.85,  21.03,  20.86,  20.69,  20.39,  20.48,  20.51,  20.48,  20.18,  20.19,  19.81,  19.90,  19.87,  19.85,  19.87,  19.88,  19.69,  19.12,  18.89,  18.80,  18.86,  18.85,  18.76,  19.30,  19.34,  19.00
20111112, 1800,  , EX, 42.5N,  52.4W,  35, 1000,  150,  120,    0,    0,    0,    0,    0,    0,    0,    0,    0,    0, -999,  14.35,  14.01,  14.05,  12.94,  12.65,  12.76,  12.75,  12.34,  12.11,  11.65,  11.69,  11.68,  11.59,  11.71,  12.28,  11.99,  11.76,  11.67,  11.64,  11.73,  11.78,  11.53,  11.56,  11.62,  11.72,  11.80,  11.42,  11.01,  10.92,  11.47,  11.62
