AL202019,          SEBASTIEN,     34,
20191119, 0600,  , TS, 19.4N,  58.1W,  35, 1006,   90,    0,    0,    0,    0,    0,    0,    0,    0,    0,    0,    0, -999,  28.75,  28.33,  28.45,  28.42,  28.49,  28.20,  28.01,  27.92,  27.93,  28.15,  28.09,  27.97,  28.11,  28.16,  28.12,  28.12,  28.06,  27.90,  27.97,  28.05,  27.85,  28.01,  28.12,  28.15,  28.10,  28.15,  28.25,  28.18,  28.24,  28.29,  28.09
20191119, 1200,  , TS, 19.9N,  58.5W,  40, 1004,   90,  120,    0,    0,    0,    0,    0,    0,    0,    0,    0,    0, -999,  28.48,  28.19,  28.42,  28.42,  28.43,  28.31,  28.07,  28.03,  28.02,  28.25,  28.15,  28.10,  28.14,  28.14,  28.03,  28.00,  28.01,  27.80,  27.94,  28.08,  27.85,  27.94,  28.12,  28.10,  27.96,  27.98,  28.11,  28.05,  28.12,  28.18,  28.06
20191119, 1800,  , TS, 20.3N,  59.4W,  40, 1004,   90,  140,    0,    0,    0,    0,    0,    0,    0,    0,    0,    0, -999,  28.41,  28.21,  28.46,  28.31,  28.25,  28.23,  28.07,  28.01,  27.99,  28.18,  28.06,  28.02,  28.03,  28.10,  27.95,  27.98,  28.02,  27.98,  27.88,  27.84,  27.61,  27.81,  27.98,  28.02,  27.94,  27.88,  27.85,  27.73,  27.67,  27.67,  27.70
20191120, 0000,  , TS, 20.4N,  60.3W,  40, 1002,   90,  140,    0,    0,    0,    0,    0,    0,    0,    0,    0,    0, -999,  28.45,  28.51,  28.36,  28.34,  28.21,  28.31,  28.26,  28.18,  28.21,  28.12,  28.09,  28.01,  28.12,  27.97,  27.73,  27.88,  28.07,  28.02,  27.93,  27.67,  27.89,  27.99,  28.00,  27.80,  27.40,  27.81,  27.81,  27.84,  27.82,  27.84,  28.05
20191120, 0600,  , TS, 20.5N,  61.0W,  45, 1000,   90,  140,    0,    0,    0,    0,    0,    0,    0,    0,    0,    0, -999,  28.48,  28.61,  28.46,  28.34,  28.09,  28.26,  28.34,  28.25,  28.18,  28.08,  27.96,  27.82,  28.02,  28.03,  27.74,  28.06,  28.13,  28.03,  27.95,  27.68,  27.92,  28.05,  28.06,  27.95,  27.52,  27.72,  27.67,  27.73,  27.69,  27.81,  28.00
20191120, 1200,  , TS, 20.8N,  61.7W,  45,  999,  100,  140,    0,    0,    0,    0,    0,    0,    0,    0,    0,    0, -999,  28.63,  28.63,  28.43,  28.36,  28.13,  28.39,  28.66,  28.59,  28.50,  28.38,  28.26,  28.18,  28.35,  28.34,  27.76,  28.30,  28.42,  28.34,  28.32,  28.13,  28.28,  28.30,  28.23,  28.08,  27.98,  27.93,  27.76,  27.79,  27.82,  27.85,  27.94
20191120, 1800,  , TS, 21.3N,  61.7W,  45,  999,  100,  140,    0,    0,    0,    0,    0,    0,    0,    0,    0,    0, -999,  28.44,  28.51,  28.40,  28.35,  28.15,  28.39,  28.58,  28.64,  28.42,  28.25,  28.14,  28.02,  28.18,  28.15,  27.84,  28.17,  28.25,  28.09,  28.08,  27.69,  27.82,  27.89,  27.95,  27.89,  27.75,  27.65,  27.56,  27.45,  27.46,  27.62,  27.85
20191121, 0000,  , TS, 21.9N,  61.7W,  50,  996,  120,  140,    0,    0,    0,   80,    0,    0,    0,    0,    0,    0, -999,  28.37,  28.30,  28.40,  28.10,  28.31,  28.37,  28.62,  28.41,  28.17,  28.08,  27.94,  28.08,  28.02,  27.78,  28.14,  28.17,  27.81,  27.75,  27.35,  27.61,  27.74,  27.79,  27.75,  27.62,  27.50,  27.50,  27.35,  27.34,  27.41,  27.69,  27.98
20191121, 0600,  , TS, 22.4N,  61.4W,  50,  996,  120,  140,    0,    0,    0,   80,    0,    0,    0,    0,    0,    0, -999,  28.32,  28.30,  28.23,  28.05,  28.15,  28.19,  28.43,  28.29,  28.08,  27.99,  27.84,  27.86,  27.79,  27.70,  28.09,  28.10,  27.60,  27.49,  27.24,  27.50,  27.65,  27.70,  27.64,  27.51,  27.39,  27.40,  27.37,  27.43,  27.36,  27.47,  27.78
20191121, 1200,  , TS, 22.9N,  60.9W,  50,  996,  120,  140,    0,    0,    0,   80,    0,    0,    0,    0,    0,    0, -999,  28.18,  28.16,  28.15,  28.13,  28.12,  28.07,  28.21,  28.15,  27.90,  27.90,  27.85,  27.93,  27.86,  27.58,  27.97,  27.99,  27.60,  27.51,  27.32,  27.44,  27.49,  27.53,  27.49,  27.30,  27.20,  27.11,  27.04,  27.15,  27.17,  27.31,  27.67
20191121, 1800,  , TS, 23.5N,  60.1W,  50,  996,  120,  140,    0,    0,    0,   80,    0,    0,    0,    0,    0,    0, -999,  28.21,  28.15,  28.17,  28.08,  28.13,  28.00,  28.20,  28.25,  28.09,  27.98,  27.91,  28.01,  27.88,  27.55,  27.85,  27.78,  27.41,  27.26,  27.08,  27.28,  27.32,  27.42,  27.30,  27.24,  27.01,  26.89,  26.81,  26.91,  27.09,  27.10,  27.24
20191122, 0000,  , TS, 24.2N,  58.8W,  50,  996,  120,  140,   50,   80,    0,   60,    0,    0,    0,    0,    0,    0, -999,  27.88,  27.91,  27.75,  27.71,  27.80,  28.05,  28.06,  27.84,  27.65,  27.60,  27.75,  27.68,  27.63,  27.72,  27.63,  27.11,  27.02,  26.65,  26.94,  27.01,  27.06,  26.96,  26.95,  26.70,  26.65,  26.67,  26.78,  26.97,  27.08,  27.28,  27.29
20191122, 0600,  , TS, 24.5N,  57.3W,  50,  996,  120,  120,   50,   80,    0,   60,    0,    0,    0,    0,    0,    0, -999,  27.84,  27.68,  27.46,  27.61,  27.81,  27.68,  27.60,  27.44,  27.33,  27.28,  27.26,  27.14,  27.19,  27.20,  27.17,  27.01,  26.84,  26.71,  26.80,  26.98,  26.80,  26.45,  26.65,  26.42,  26.23,  26.27,  26.21,  26.38,  26.54,  26.55,  26.81
20191122, 1200,  , TS, 25.0N,  55.8W,  50,  996,   90,   90,   60,  100,   30,   40,    0,    0,    0,    0,    0,    0, -999,  27.25,  27.00,  26.89,  26.65,  26.61,  26.82,  26.95,  26.82,  26.79,  26.47,  26.40,  26.33,  26.25,  26.02,  26.20,  26.14,  26.05,  26.14,  26.11,  26.25,  26.25,  26.04,  26.10,  25.90,  25.80,  25.84,  25.93,  26.15,  26.28,  26.43,  26.68
20191122, 1800,  , TS, 25.8N,  54.4W,  55,  994,   90,   90,   60,  100,   30,   40,    0,   30,    0,    0,    0,    0, -999,  27.33,  27.14,  26.98,  26.94,  26.94,  26.98,  27.02,  26.86,  26.86,  26.78,  26.75,  26.68,  26.63,  26.51,  26.64,  26.41,  26.41,  26.42,  26.37,  26.52,  26.55,  26.45,  26.43,  26.35,  26.42,  26.40,  26.38,  26.42,  26.43,  26.88,  26.95
20191123, 0000,  , TS, 26.7N,  52.6W,  60,  991,   90,   90,   60,  100,   40,   40,   30,   40,    0,    0,    0,    0, -999,  26.65,  26.59,  26.71,  26.70,  26.64,  26.54,  26.72,  26.66,  26.57,  26.52,  26.25,  26.22,  26.09,  26.16,  26.09,  26.08,  26.11,  26.02,  26.01,  26.25,  26.29,  26.02,  25.74,  25.95,  25.99,  25.84,  25.95,  26.12,  26.16,  26.26,  26.28
20191123, 0600,  , TS, 28.1N,  50.5W,  60,  991,   90,   90,   60,  100,   40,   40,   30,   40,    0,    0,    0,    0, -999,  25.35,  25.35,  25.45,  25.47,  25.23,  25.56,  25.78,  25.71,  25.23,  25.14,  25.05,  24.87,  24.80,  24.68,  24.64,  24.68,  24.70,  24.74,  24.72,  24.73,  24.94,  24.96,  24.79,  24.89,  24.84,  24.72,  24.66,  24.91,  24.93,  24.89,  24.84
20191123, 1200,  , TS, 29.6N,  48.4W,  55,  994,   80,   90,   50,   80,   30,   30,   20,   30,    0,    0,    0,    0, -999,  24.55,  24.54,  24.65,  24.61,  24.46,  24.54,  24.50,  24.22,  24.23,  24.31,  24.34,  24.35,  24.30,  24.28,  24.31,  24.32,  24.24,  24.25,  24.17,  24.23,  24.31,  24.19,  24.06,  24.03,  23.88,  23.77,  23.77,  24.02,  23.89,  23.98,  23.99
20191123, 1800,  , TS, 31.5N,  46.4W,  55,  994,   80,   80,   50,   60,   30,   30,    0,    0,    0,    0,    0,    0, -999,  24.05,  23.95,  23.98,  23.95,  23.94,  23.73,  23.85,  23.80,  23.82,  23.66,  23.75,  23.92,  23.89,  23.79,  23.73,  23.66,  23.68,  23.65,  23.72,  23.72,  23.56,  23.29,  23.18,  23.18,  23.23,  22.98,  23.08,  23.18,  22.94,  23.10,  23.40
20191124, 0000,  , TS, 33.5N,  44.4W,  55,  994,   80,   80,   50,   60,   30,   30,    0,    0,    0,    0,    0,    0, -999,  22.18,  22.29,  22.36,  22.38,  22.31,  22.29,  22.29,  22.36,  22.30,  22.46,  22.50,  22.44,  22.41,  22.30,  22.12,  22.15,  22.25,  22.23,  22.04,  21.91,  21.89,  21.84,  21.91,  21.81,  21.55,  21.79,  21.92,  22.00,  22.05,  22.21,  22.27
20191124, 0600,  , TS, 35.2N,  41.7W,  55,  994,   90,  100,   60,   60,   30,   30,    0,    0,    0,    0,    0,    0, -999,  21.86,  22.00,  22.06,  21.96,  21.76,  21.83,  21.95,  22.04,  21.52,  21.04,  21.58,  21.64,  21.67,  21.92,  21.71,  21.40,  21.17,  21.39,  21.58,  21.29,  21.17,  21.33,  21.34,  20.98,  19.91,  20.91,  21.28,  21.34,  21.26,  21.36,  21.32
20191124, 1200,  , TS, 36.6N,  38.5W,  55,  994,  120,  120,   90,   90,   40,   40,    0,    0,    0,    0,    0,    0, -999,  20.90,  21.00,  21.12,  21.05,  20.98,  21.04,  20.98,  20.91,  20.91,  21.14,  21.20,  21.12,  21.09,  21.06,  20.83,  20.82,  20.96,  20.87,  20.69,  20.59,  20.55,  20.32,  20.30,  19.98,  20.14,  20.27,  20.65,  20.53,  20.38,  20.64,  20.51
20191124, 1800,  , TS, 38.2N,  34.7W,  55,  994,  140,  140,  120,  120,   40,   50,   40,   30,    0,    0,    0,    0, -999,  20.27,  20.24,  20.29,  20.04,  20.15,  19.97,  19.82,  19.73,  19.70,  19.47,  19.59,  19.43,  19.39,  19.59,  19.77,  19.68,  19.61,  19.55,  19.50,  19.49,  19.59,  19.52,  19.10,  18.90,  18.94,  19.08,  19.04,  19.13,  19.47,  19.48,  19.25
20191125, 0000,  , EX, 40.0N,  30.9W,  55,  992,  150,  160,  160,  120,   40,   60,   40,   40,    0,    0,    0,    0, -999,  19.26,  19.46,  19.44,  19.56,  19.33,  19.18,  19.16,  19.16,  19.09,  18.61,  17.85,  17.81,  18.49,  18.83,  18.82,  18.53,  18.38,  18.47,  18.44,  18.48,  18.57,  18.76,  18.57,  18.34,  18.14,  18.21,  18.06,  18.00,  18.35,  18.17,  18.02
20191125, 0600,  , EX, 41.9N,  26.7W,  60,  988,  150,  180,  180,  120,   50,   80,   50,   50,    0,    0,    0,    0, -999,  18.73,  18.72,  18.59,  18.64,  18.33,  18.03,  17.81,  18.05,  18.21,  18.12,  17.80,  17.48,  17.36,  17.34,  17.10,  16.85,  17.04,  17.12,  16.94,  16.92,  17.08,  16.99,  16.38,  16.17,  16.39,  17.04,  16.95,  16.65,  16.95,  16.58,  16.41
20191125, 1200,  , EX, 44.0N,  22.0W,  60,  982,  150,  220,  200,  120,   50,  160,   60,   50,    0,    0,    0,    0, -999,  17.00,  17.06,  17.12,  16.57,  16.45,  16.47,  16.06,  15.86,  16.31,  16.34,  16.21,  16.18,  16.16,  15.90,  15.73,  15.69,  15.69,  15.50,  15.64,  15.65,  15.55,  15.32,  15.46,  15.56,  15.52,  15.22,  15.29,  15.92,  15.75,  15.64,  15.47
20191125, 1800,  , EX, 46.4N,  16.3W,  60,  978,  120,  220,  200,   80,    0,  160,  100,    0,    0,    0,    0,    0, -999,  15.17,  15.38,  15.19,  14.91,  14.70,  14.62,  14.51,  14.46,  14.48,  14.41,  14.18,  14.00,  14.07,  13.94,  14.02,  13.95,  13.82,  14.06,  14.41,  14.20,  14.10,  14.27,  14.06,  13.95,  14.27,  14.07,  14.14,  14.45,  14.46,  13.69,  13.61
20191126, 0000,  , EX, 48.8N,  12.2W,  55,  974,   90,  220,  180,   80,    0,  100,    0,    0,    0,    0,    0,    0, -999,  13.83,  13.68,  13.50,  13.36,  13.27,  13.17,  13.19,  13.30,  13.43,  13.16,  13.05,  13.04,  12.84,  12.94,  12.94,  12.96,  13.03,  13.07,  12.95,  12.80,  12.85,  12.79,  12.74,  12.81,  12.80,  12.86,  12.84,  12.78,  12.48,  12.37,  12.41
20191126, 0600,  , EX, 51.3N,   9.3W,  50,  972,   90,  220,  150,   90,    0,  100,    0,    0,    0,    0,    0,    0, -999,  12.50,  12.42,  12.12,  12.03,  12.02,  11.90,  11.63,  11.64,  11.68,  11.44,  11.39,  11.44,  11.59,  11.59,  11.44,  11.45,  11.23,  11.21,  11.29,  11.46,  11.50,  11.44,  11.33,  11.20,  10.98,  10.88,  11.04,  11.09,  11.09,  11.06,  10.98
20191126, 1200,  , EX, 52.2N,   9.3W,  45,  970,   90,  240,  120,   90,    0,    0,    0,    0,    0,    0,    0,    0, -999,    nan,    nan,    nan,    nan,    nan,    nan,    nan,    nan,    nan,    nan,    nan,    nan,    nan,    nan,    nan,    nan,    nan,    nan,    nan,    nan,    nan,    nan,    nan,    nan,    nan,    nan,    nan,    nan,    nan,    nan,    nan
20191126, 1800,  , EX, 52.2N,   8.9W,  40,  972,   90,  240,   90,   90,    0,    0,    0,    0,    0,    0,    0,    0, -999,    nan,    nan,    nan,    nan,    nan,    nan,    nan,    nan,    nan,    nan,    nan,    nan,    nan,    nan,    nan,    nan,    nan,    nan,    nan,    nan,    nan,    nan,    nan,    nan,    nan,    nan,    nan,    nan,    nan,    nan,    nan
20191127, 0000,  , EX, 51.8N,   8.2W,  40,  974,    0,  210,   90,    0,    0,    0,    0,    0,    0,    0,    0,    0, -999,    nan,    nan,    nan,    nan,    nan,    nan,    nan,    nan,    nan,    nan,    nan,    nan,    nan,    nan,    nan,    nan,    nan,    nan,    nan,    nan,    nan,    nan,    nan,    nan,    nan,    nan,    nan,    nan,    nan,    nan,    nan
20191127, 0600,  , EX, 51.4N,   6.0W,  40,  976,    0,  180,   90,    0,    0,    0,    0,    0,    0,    0,    0,    0, -999,  12.93,  12.81,  12.80,  12.88,  12.68,  12.49,  12.19,  12.13,  12.13,  12.06,  11.94,  11.98,  12.04,  12.01,  12.23,  12.20,  12.05,  11.96,  12.03,  11.95,  11.68,  11.74,  11.81,  11.78,  11.84,  11.72,  11.55,  11.79,  11.74,  11.65,  11.41
20191127, 1200,  , EX, 51.3N,   2.1W,  40,  980,    0,  120,   90,    0,    0,    0,    0,    0,    0,    0,    0,    0, -999,    nan,    nan,    nan,    nan,    nan,    nan,    nan,    nan,    nan,    nan,    nan,    nan,    nan,    nan,    nan,    nan,    nan,    nan,    nan,    nan,    nan,    nan,    nan,    nan,    nan,    nan,    nan,    nan,    nan,    nan,    nan
