AL202003,             ODETTE,     23,
20031204, 1200,  , TD, 12.9N,  76.2W,  30, 1005, -999, -999, -999, -999, -999, -999, -999, -999, -999, -999, -999, -999, -999,  29.21,  29.21,  29.34,  29.37,  29.32,  29.57,  29.60,  29.76,  29.80,  29.72,  29.68,  29.59,  29.27,  29.21,  29.12,  28.28,  28.20,  28.07,  28.17,  28.36,  28.31,  28.32,  28.86,  28.77,  28.65,  28.42,  28.38,  28.31,  28.23,  28.36,  28.42
20031204, 1800,  , TS, 13.3N,  75.7W,  35, 1003, -999, -999, -999, -999, -999, -999, -999, -999, -999, -999, -999, -999, -999,  29.09,  29.16,  29.23,  29.19,  29.11,  29.60,  29.63,  29.67,  29.66,  29.09,  28.95,  29.20,  29.19,  29.18,  29.12,  28.33,  28.12,  27.86,  28.24,  28.28,  28.17,  28.15,  28.73,  28.57,  28.43,  28.30,  28.39,  28.53,  28.20,  28.21,  28.22
20031205, 0000,  , TS, 13.7N,  75.2W,  45, 1000, -999, -999, -999, -999, -999, -999, -999, -999, -999, -999, -999, -999, -999,  29.03,  29.16,  29.18,  29.06,  29.59,  29.53,  29.46,  29.44,  28.48,  28.26,  28.84,  29.03,  29.05,  28.99,  28.40,  28.22,  28.18,  28.44,  28.36,  28.17,  28.13,  28.58,  28.38,  28.28,  28.13,  28.20,  28.32,  28.08,  28.04,  28.05,  28.27
20031205, 0600,  , TS, 13.9N,  74.8W,  50,  993, -999, -999, -999, -999, -999, -999, -999, -999, -999, -999, -999, -999, -999,  29.05,  29.10,  29.06,  29.01,  29.60,  29.57,  29.47,  29.44,  28.31,  28.17,  28.71,  28.91,  28.92,  28.97,  28.93,  28.81,  28.68,  28.70,  28.53,  28.25,  28.16,  28.51,  28.40,  28.33,  28.14,  28.13,  28.28,  28.15,  28.02,  28.07,  28.34
20031205, 1200,  , TS, 14.1N,  74.4W,  50,  993, -999, -999, -999, -999, -999, -999, -999, -999, -999, -999, -999, -999, -999,  29.07,  29.05,  28.98,  28.93,  29.69,  29.70,  29.43,  29.34,  28.17,  28.13,  28.56,  28.77,  28.78,  28.73,  28.69,  28.66,  28.61,  28.59,  28.46,  28.17,  28.08,  28.07,  28.20,  28.18,  27.98,  27.90,  28.21,  28.18,  28.00,  28.11,  28.25
20031205, 1800,  , TS, 14.3N,  73.8W,  50,  995, -999, -999, -999, -999, -999, -999, -999, -999, -999, -999, -999, -999, -999,  29.00,  29.02,  29.05,  29.06,  29.69,  29.61,  29.42,  29.38,  28.35,  28.35,  28.63,  28.62,  28.61,  28.60,  28.62,  28.59,  28.54,  28.67,  28.59,  28.08,  27.82,  27.82,  28.04,  27.94,  27.70,  27.59,  27.97,  27.93,  27.81,  27.84,  27.99
20031206, 0000,  , TS, 15.0N,  73.0W,  50,  995, -999, -999, -999, -999, -999, -999, -999, -999, -999, -999, -999, -999, -999,  28.94,  28.87,  28.83,  29.51,  29.43,  29.31,  29.22,  28.56,  28.38,  28.44,  28.29,  28.27,  28.28,  28.35,  28.33,  28.24,  28.61,  28.43,  27.77,  27.61,  27.92,  28.20,  27.95,  27.64,  27.53,  27.95,  27.93,  27.83,  27.94,  28.13,  28.19
20031206, 0600,  , TS, 15.9N,  72.5W,  55,  995, -999, -999, -999, -999, -999, -999, -999, -999, -999, -999, -999, -999, -999,  28.67,  28.57,  28.55,  29.05,  28.95,  28.77,  28.62,  28.49,  28.24,  28.19,  28.12,  28.05,  28.04,  27.92,  27.42,  27.35,  28.28,  28.29,  27.79,  27.47,  27.50,  27.95,  27.91,  27.76,  27.72,  27.97,  27.96,  27.89,  28.11,  28.34,  28.39
20031206, 1200,  , TS, 16.6N,  72.2W,  55,  995, -999, -999, -999, -999, -999, -999, -999, -999, -999, -999, -999, -999, -999,  28.28,  28.50,  28.59,  28.90,  28.86,  28.80,  28.64,  28.62,  28.62,  28.44,  28.35,  28.43,  28.37,  28.31,  28.25,  28.23,  28.69,  28.61,  28.23,  27.76,  27.72,  28.09,  28.03,  27.99,  27.98,  27.81,  27.74,  27.79,  28.01,  28.14,  27.86
20031206, 1800,  , TS, 17.2N,  72.0W,  55,  994, -999, -999, -999, -999, -999, -999, -999, -999, -999, -999, -999, -999, -999,  28.30,  28.57,  28.68,  29.00,  28.97,  28.92,  28.69,  28.65,  28.72,  28.44,  28.37,  28.51,  28.49,  28.45,  28.42,  28.48,  28.69,  28.60,  28.16,  27.81,  27.80,  28.20,  28.15,  28.11,  28.13,  27.95,  27.88,  27.84,  27.97,  28.04,  27.80
20031206, 2300, L, TS, 17.8N,  71.5W,  50,  995, -999, -999, -999, -999, -999, -999, -999, -999, -999, -999, -999, -999, -999,  28.30,  28.60,  28.68,  29.13,  29.19,  29.09,  29.01,  28.91,  28.67,  28.74,  28.83,  28.96,  28.89,  28.82,  28.75,  28.75,  28.41,  28.25,  28.21,  28.12,  28.12,  28.59,  28.52,  28.37,  28.33,  28.33,  28.37,  28.26,  28.05,  28.01,  28.30
20031207, 0000,  , TS, 17.9N,  71.4W,  45,  997, -999, -999, -999, -999, -999, -999, -999, -999, -999, -999, -999, -999, -999,    nan,    nan,    nan,    nan,    nan,    nan,    nan,    nan,    nan,    nan,    nan,    nan,    nan,    nan,    nan,    nan,    nan,    nan,    nan,    nan,    nan,    nan,    nan,    nan,    nan,    nan,    nan,    nan,    nan,    nan,    nan
20031207, 0600,  , TS, 18.9N,  70.6W,  40, 1000, -999, -999, -999, -999, -999, -999, -999, -999, -999, -999, -999, -999, -999,    nan,    nan,    nan,    nan,    nan,    nan,    nan,    nan,    nan,    nan,    nan,    nan,    nan,    nan,    nan,    nan,    nan,    nan,    nan,    nan,    nan,    nan,    nan,    nan,    nan,    nan,    nan,    nan,    nan,    nan,    nan
20031207, 1200,  , TS, 20.5N,  69.5W,  40, 1003, -999, -999, -999, -999, -999, -999, -999, -999, -999, -999, -999, -999, -999,  27.87,  27.84,  27.81,  27.75,  27.72,  27.61,  27.57,  27.23,  27.30,  27.44,  27.48,  27.40,  27.34,  27.29,  27.12,  27.20,  27.06,  26.96,  27.10,  27.12,  26.95,  27.00,  26.99,  26.89,  26.84,  26.92,  26.93,  27.03,  27.05,  26.84,  26.84
20031207, 1800,  , EX, 22.4N,  68.1W,  45, 1002, -999, -999, -999, -999, -999, -999, -999, -999, -999, -999, -999, -999, -999,  27.19,  27.18,  27.17,  27.17,  27.16,  27.13,  27.11,  26.73,  26.75,  26.99,  27.07,  27.04,  26.82,  26.76,  26.73,  26.68,  26.59,  26.53,  26.52,  26.57,  26.56,  26.58,  26.61,  26.56,  26.58,  26.27,  26.27,  26.51,  26.55,  26.52,  26.12
20031208, 0000,  , EX, 23.5N,  65.9W,  45, 1002, -999, -999, -999, -999, -999, -999, -999, -999, -999, -999, -999, -999, -999,  26.84,  26.92,  27.05,  27.02,  26.87,  26.76,  26.77,  26.73,  26.69,  26.81,  26.86,  26.96,  26.88,  26.78,  26.76,  26.90,  26.75,  26.60,  26.44,  26.38,  26.40,  26.35,  26.28,  26.28,  26.23,  26.31,  26.53,  26.49,  26.49,  26.38,  25.91
20031208, 0600,  , EX, 24.4N,  63.7W,  45, 1004, -999, -999, -999, -999, -999, -999, -999, -999, -999, -999, -999, -999, -999,  26.71,  26.77,  26.71,  26.42,  26.30,  26.16,  26.13,  26.21,  26.19,  26.06,  26.03,  26.07,  25.63,  25.55,  25.56,  25.55,  25.90,  25.91,  25.76,  25.83,  25.81,  25.70,  25.58,  25.78,  25.87,  25.14,  25.13,  25.00,  24.94,  24.90,  25.16
20031208, 1200,  , EX, 25.4N,  61.6W,  40, 1005, -999, -999, -999, -999, -999, -999, -999, -999, -999, -999, -999, -999, -999,  26.24,  26.25,  26.28,  26.20,  25.86,  25.69,  25.78,  25.83,  25.81,  25.66,  25.55,  25.58,  25.63,  25.65,  25.74,  25.75,  25.49,  25.53,  25.63,  25.65,  25.65,  25.66,  25.71,  25.71,  25.71,  25.18,  25.11,  25.12,  25.14,  25.19,  25.27
20031208, 1800,  , EX, 26.3N,  59.5W,  40, 1005, -999, -999, -999, -999, -999, -999, -999, -999, -999, -999, -999, -999, -999,  26.41,  26.30,  25.95,  26.04,  26.04,  25.88,  25.81,  25.72,  25.61,  25.73,  25.68,  25.50,  25.27,  25.23,  25.12,  25.09,  24.95,  24.94,  24.98,  24.90,  24.81,  24.97,  24.96,  24.80,  24.35,  24.26,  24.43,  24.46,  24.46,  24.48,  24.47
20031209, 0000,  , EX, 27.4N,  57.1W,  40, 1005, -999, -999, -999, -999, -999, -999, -999, -999, -999, -999, -999, -999, -999,  25.47,  25.20,  25.11,  25.14,  25.17,  25.19,  25.02,  24.85,  24.92,  24.94,  24.93,  24.58,  24.58,  24.52,  24.49,  24.32,  24.56,  24.56,  24.47,  24.53,  24.63,  24.76,  24.63,  24.17,  24.03,  23.94,  24.18,  24.24,  24.24,  24.22,  23.98
20031209, 0600,  , EX, 28.9N,  54.2W,  40, 1006, -999, -999, -999, -999, -999, -999, -999, -999, -999, -999, -999, -999, -999,  25.16,  25.38,  25.25,  25.20,  25.13,  24.87,  24.72,  24.86,  24.94,  24.88,  24.74,  24.50,  24.62,  24.62,  24.62,  24.40,  24.46,  24.23,  24.45,  24.60,  24.53,  24.30,  24.27,  24.03,  23.92,  23.67,  23.76,  23.93,  23.83,  23.71,  23.51
20031209, 1200,  , EX, 30.4N,  51.1W,  40, 1006, -999, -999, -999, -999, -999, -999, -999, -999, -999, -999, -999, -999, -999,  24.04,  24.15,  24.27,  24.35,  24.50,  24.00,  23.88,  23.84,  24.02,  23.99,  23.71,  23.62,  23.72,  24.12,  23.92,  23.05,  23.04,  22.97,  23.14,  23.00,  22.89,  23.01,  23.01,  22.77,  22.60,  22.55,  22.66,  22.73,  22.55,  22.43,  22.42
20031209, 1800,  , EX, 31.9N,  47.7W,  40, 1006, -999, -999, -999, -999, -999, -999, -999, -999, -999, -999, -999, -999, -999,  23.55,  22.84,  22.63,  22.74,  22.75,  22.69,  22.71,  22.69,  22.76,  22.77,  22.75,  22.90,  22.74,  22.70,  22.47,  22.26,  22.29,  22.31,  21.95,  21.77,  21.80,  21.84,  21.85,  21.85,  21.76,  21.72,  21.80,  21.63,  21.45,  21.20,  21.19
