AL212021,              WANDA,     54,
20211025, 1800,  , EX, 32.5N,  76.3W,  35, 1006,    0,   60,    0,    0,    0,    0,    0,    0,    0,    0,    0,    0,   40,  28.17,  27.81,  27.69,  27.53,  27.97,  28.40,  28.11,  28.22,  27.99,  27.72,  27.50,  27.31,  27.38,  27.30,  27.33,  27.31,  27.18,  27.13,  27.00,  26.97,  26.68,  26.81,  26.86,  26.91,  26.96,  26.98,  26.72,  26.32,  26.21,  25.81,  26.68
20211026, 0000,  , EX, 34.2N,  74.1W,  45, 1002,  180,   90,    0,    0,    0,    0,    0,    0,    0,    0,    0,    0,   60,  27.17,  27.23,  27.53,  27.75,  27.70,  27.38,  27.44,  27.26,  27.02,  26.85,  26.83,  26.87,  26.93,  26.89,  26.65,  26.41,  26.41,  26.51,  25.89,  25.80,  25.90,  25.85,  25.76,  25.69,  25.58,  25.47,  25.21,  25.03,  24.56,  23.77,  24.35
20211026, 0600,  , EX, 35.9N,  71.3W,  45,  996,  240,  240,    0,    0,    0,    0,    0,    0,    0,    0,    0,    0,   60,  26.38,  26.51,  26.48,  26.55,  26.57,  26.45,  26.44,  26.44,  26.30,  26.12,  26.00,  26.07,  26.22,  26.22,  26.05,  25.46,  25.68,  25.80,  25.49,  25.55,  25.12,  25.04,  24.91,  24.77,  24.62,  24.52,  24.61,  24.49,  24.43,  24.35,  24.35
20211026, 1200,  , EX, 37.7N,  69.1W,  50,  992,  270,  240,    0,   60,   60,   60,    0,    0,    0,    0,    0,    0,   60,  27.50,  27.00,  26.82,  27.13,  27.42,  27.61,  27.64,  27.49,  27.36,  26.65,  26.11,  26.08,  26.54,  26.69,  26.58,  26.57,  26.47,  26.30,  27.20,  26.67,  26.21,  25.99,  25.96,  26.04,  26.12,  26.26,  25.94,  25.76,  25.61,  27.01,  24.92
20211026, 1800,  , EX, 39.5N,  68.2W,  55,  984,  300,  210,   30,   90,  150,    0,    0,   50,    0,    0,    0,    0,   70,  22.56,  22.63,  22.74,  22.52,  22.18,  21.98,  22.24,  22.22,  21.65,  21.23,  21.12,  21.13,  21.02,  20.84,  20.84,  20.97,  21.15,  21.17,  20.37,  19.75,  19.76,  19.68,  19.65,  19.50,  19.41,  19.34,  19.45,  19.35,  19.45,  19.95,  19.71
20211027, 0000,  , EX, 40.8N,  67.6W,  60,  979,  300,  120,   60,  210,  150,    0,    0,  100,    0,    0,    0,    0,   80,  17.34,  17.41,  17.56,  17.55,  17.69,  17.69,  17.22,  16.83,  16.46,  16.14,  15.90,  15.94,  15.94,  15.49,  15.35,  15.86,  16.68,  17.53,  15.86,  15.05,  15.05,  15.08,  15.25,  15.61,  15.75,  15.34,  15.50,  15.76,  16.51,  15.77,  15.63
20211027, 0600,  , EX, 41.4N,  69.4W,  60,  973,  420,  180,   90,  210,  150,    0,    0,  110,    0,    0,    0,    0,   90,  16.65,  16.77,  17.11,  17.05,  16.89,  16.80,  16.47,  15.66,  15.52,  15.33,  15.26,  15.05,  14.99,  15.08,  15.20,  14.66,  14.37,  14.52,  14.71,  13.65,  13.52,  13.38,  13.25,  13.02,  12.64,  12.40,  12.19,  12.14,  12.27,  12.04,  11.97
20211027, 1200,  , EX, 39.9N,  70.1W,  55,  976,  480,  240,  180,  240,  120,    0,    0,  120,    0,    0,    0,    0,  100,  23.31,  23.51,  23.73,  24.25,  24.49,  24.42,  24.27,  23.07,  23.21,  22.67,  22.49,  22.15,  21.83,  21.68,  20.98,  20.19,  19.82,  20.47,  20.97,  20.03,  19.56,  19.28,  18.84,  18.52,  18.15,  18.00,  17.92,  17.49,  17.42,  16.88,  16.75
20211027, 1800,  , EX, 38.7N,  68.5W,  50,  980,  540,  300,  180,  300,    0,    0,    0,  120,    0,    0,    0,    0,  100,  24.82,  25.43,  25.07,  24.32,  24.05,  23.97,  24.11,  23.45,  21.75,  21.37,  21.28,  21.28,  21.25,  21.26,  21.15,  21.78,  21.87,  21.59,  20.92,  20.67,  20.27,  20.22,  20.47,  21.14,  21.57,  22.20,  22.07,  22.18,  23.15,  22.64,  22.57
20211028, 0000,  , EX, 39.0N,  65.9W,  45,  981,  540,  210,  240,  360,    0,    0,    0,    0,    0,    0,    0,    0,  200,  23.02,  22.86,  22.75,  22.86,  22.62,  22.58,  22.60,  21.45,  21.63,  21.49,  21.51,  22.15,  22.23,  22.18,  22.15,  22.19,  22.23,  22.31,  21.01,  21.04,  21.15,  21.20,  21.09,  21.15,  21.34,  20.90,  20.37,  21.64,  19.90,  19.75,  19.54
20211028, 0600,  , EX, 39.4N,  63.9W,  45,  982,  540,  180,  240,  360,    0,    0,    0,    0,    0,    0,    0,    0,  200,  25.99,  27.05,  27.04,  26.68,  26.56,  26.78,  27.19,  26.43,  26.35,  26.38,  26.59,  26.59,  26.55,  26.52,  26.28,  26.22,  25.61,  24.91,  23.29,  22.72,  22.46,  21.70,  21.52,  21.02,  21.14,  21.51,  22.09,  22.36,  22.43,  22.51,  22.55
20211028, 1200,  , EX, 39.8N,  61.9W,  45,  982,  540,  180,  240,  360,    0,    0,    0,    0,    0,    0,    0,    0,  200,  24.18,  23.97,  23.82,  23.84,  23.64,  23.63,  23.23,  24.16,  24.62,  24.13,  23.21,  21.94,  21.67,  21.71,  22.25,  22.39,  22.10,  21.98,  23.30,  24.24,  24.64,  25.07,  25.30,  25.21,  25.50,  25.34,  25.27,  26.12,  25.62,  25.67,  25.54
20211028, 1800,  , EX, 40.2N,  59.8W,  45,  982,  480,  180,  210,  330,    0,    0,    0,    0,    0,    0,    0,    0,  180,  26.80,  26.85,  27.30,  26.27,  25.10,  25.28,  25.47,  25.23,  24.99,  24.66,  23.37,  23.20,  23.35,  23.96,  24.64,  24.60,  24.42,  24.31,  23.85,  23.11,  22.84,  22.51,  22.61,  21.62,  20.92,  19.45,  19.11,  18.68,  18.19,  17.95,  17.67
20211029, 0000,  , EX, 40.6N,  58.1W,  45,  982,  420,  180,  210,  300,    0,    0,    0,    0,    0,    0,    0,    0,  150,  25.88,  25.82,  24.69,  24.33,  24.30,  24.96,  25.69,  25.71,  25.11,  25.14,  25.34,  25.26,  24.99,  24.42,  23.82,  23.60,  23.52,  22.06,  21.84,  21.70,  21.87,  22.21,  22.03,  22.18,  22.46,  23.10,  21.91,  23.59,  23.92,  24.07,  22.98
20211029, 0600,  , EX, 40.7N,  56.8W,  45,  982,  390,  180,  180,  300,    0,    0,    0,    0,    0,    0,    0,    0,  150,  25.75,  25.19,  24.81,  24.86,  24.83,  24.10,  23.27,  22.69,  22.84,  23.22,  23.08,  22.82,  22.94,  24.14,  24.40,  24.12,  23.93,  22.46,  21.77,  21.14,  20.49,  20.27,  20.58,  20.99,  20.96,  21.02,  22.05,  20.49,  20.49,  20.63,  20.80
20211029, 1200,  , EX, 40.6N,  55.5W,  45,  981,  360,  180,  180,  300,    0,    0,    0,    0,    0,    0,    0,    0,  150,  25.29,  25.86,  25.48,  25.01,  24.40,  24.22,  23.42,  23.05,  23.10,  22.99,  22.09,  21.47,  20.57,  20.66,  21.38,  21.49,  21.55,  21.50,  21.21,  20.78,  20.32,  19.89,  19.73,  19.38,  19.17,  19.16,  21.53,  18.90,  18.74,  18.76,  18.46
20211029, 1800,  , EX, 40.4N,  54.0W,  45,  981,  330,  180,  180,  330,    0,    0,    0,    0,    0,    0,    0,    0,  100,  25.87,  25.75,  25.96,  25.81,  25.80,  25.90,  26.32,  26.71,  26.70,  25.52,  25.68,  26.14,  25.98,  24.84,  24.04,  23.71,  23.55,  21.78,  21.59,  21.36,  21.63,  22.13,  22.57,  22.74,  23.22,  23.59,  22.18,  23.85,  23.39,  22.98,  22.72
20211030, 0000,  , EX, 40.1N,  52.4W,  45,  982,  270,  120,  150,  270,    0,    0,    0,    0,    0,    0,    0,    0,   60,  25.53,  25.26,  25.07,  25.22,  25.40,  25.83,  25.61,  25.97,  25.86,  25.80,  25.50,  25.25,  24.73,  24.59,  24.63,  24.85,  24.85,  24.74,  24.59,  24.09,  24.20,  24.12,  23.95,  23.37,  23.30,  22.45,  23.91,  23.75,  23.73,  23.37,  22.65
20211030, 0600,  , EX, 39.4N,  51.2W,  40,  984,  120,  100,  150,  210,    0,    0,    0,    0,    0,    0,    0,    0,   60,  24.95,  24.71,  24.59,  23.84,  23.89,  24.02,  24.54,  24.41,  23.88,  23.64,  24.09,  24.20,  24.01,  23.93,  23.89,  23.80,  23.35,  23.22,  23.09,  22.95,  22.97,  22.93,  22.95,  23.06,  23.14,  24.08,  23.46,  23.41,  23.29,  23.21,  22.71
20211030, 1200,  , SS, 38.5N,  49.6W,  40,  986,    0,   90,  150,  150,    0,    0,    0,    0,    0,    0,    0,    0,   60,  24.61,  24.73,  24.73,  24.34,  24.20,  24.43,  24.51,  24.27,  24.17,  24.23,  24.38,  24.38,  24.31,  24.38,  24.62,  24.55,  24.73,  24.64,  24.51,  24.42,  24.36,  24.27,  24.16,  23.92,  23.67,  24.01,  23.53,  23.42,  23.42,  23.51,  23.44
20211030, 1800,  , SS, 37.5N,  47.8W,  40,  988,    0,   90,  150,   90,    0,    0,    0,    0,    0,    0,    0,    0,   50,  24.40,  24.29,  24.28,  24.13,  23.86,  23.85,  24.07,  24.19,  24.51,  24.51,  24.41,  24.32,  24.15,  24.08,  24.20,  24.32,  24.20,  24.19,  24.19,  24.15,  23.99,  23.90,  23.86,  23.73,  23.56,  23.81,  23.42,  23.31,  23.20,  23.17,  23.12
20211031, 0000,  , SS, 36.5N,  46.0W,  45,  987,   60,   90,   90,    0,    0,    0,    0,    0,    0,    0,    0,    0,   40,  23.76,  23.47,  23.28,  22.78,  22.79,  22.93,  23.02,  23.09,  23.12,  23.09,  23.14,  23.02,  23.04,  22.93,  22.64,  22.87,  22.99,  23.16,  23.27,  23.39,  23.43,  23.38,  23.26,  23.09,  23.82,  22.95,  22.99,  22.94,  22.94,  23.00,  23.01
20211031, 0600,  , SS, 36.6N,  44.2W,  50,  985,   60,   70,   70,    0,   30,   40,    0,    0,    0,    0,    0,    0,   40,  23.04,  23.27,  23.15,  23.18,  23.10,  23.06,  22.97,  22.93,  22.93,  22.97,  23.00,  23.13,  23.47,  23.74,  24.00,  23.65,  23.49,  23.35,  23.25,  23.04,  22.80,  22.66,  22.63,  22.39,  22.64,  22.08,  22.04,  21.94,  21.81,  21.70,  21.62
20211031, 1200,  , SS, 36.5N,  43.4W,  50,  983,   60,   60,   60,   30,   20,   40,    0,    0,    0,    0,    0,    0,   40,  22.79,  23.22,  23.25,  23.13,  23.04,  23.01,  22.89,  22.92,  22.78,  22.70,  22.73,  22.72,  23.18,  23.18,  23.15,  22.99,  22.87,  22.75,  22.67,  22.51,  22.30,  22.13,  22.11,  21.73,  21.06,  21.37,  21.36,  21.34,  21.32,  21.28,  21.14
20211031, 1800,  , SS, 36.4N,  43.5W,  50,  985,   60,   30,   60,   90,    0,    0,    0,   40,    0,    0,    0,    0,   40,  22.85,  23.21,  23.31,  23.30,  23.15,  23.05,  22.89,  22.76,  22.69,  22.50,  22.38,  22.38,  22.81,  22.98,  23.15,  23.11,  23.02,  22.93,  22.90,  22.75,  22.52,  22.35,  22.33,  21.89,  21.34,  21.66,  21.72,  21.75,  21.80,  21.86,  21.79
20211101, 0000,  , SS, 35.8N,  44.0W,  45,  989,   60,    0,   60,  120,    0,    0,    0,    0,    0,    0,    0,    0,   35,  24.03,  23.93,  23.83,  23.72,  23.63,  23.32,  23.20,  23.31,  22.88,  22.71,  22.75,  22.68,  22.36,  22.28,  22.85,  22.78,  22.81,  22.94,  22.94,  22.80,  22.70,  22.67,  22.34,  22.53,  22.11,  21.96,  21.91,  21.89,  21.89,  21.82,  21.77
20211101, 0600,  , SS, 34.8N,  44.2W,  40,  991,   60,    0,   50,   80,    0,    0,    0,    0,    0,    0,    0,    0,   35,  24.51,  24.31,  24.31,  24.28,  24.30,  24.12,  24.18,  24.07,  23.85,  23.82,  23.86,  23.92,  23.63,  23.56,  23.72,  23.52,  23.41,  23.36,  23.21,  23.04,  22.90,  22.92,  22.88,  23.01,  22.99,  22.79,  22.75,  22.64,  22.36,  22.13,  22.04
20211101, 1200,  , TS, 34.1N,  43.4W,  40,  993,    0,   40,   40,   40,    0,    0,    0,    0,    0,    0,    0,    0,   35,  24.35,  24.29,  24.20,  24.24,  24.27,  24.26,  24.23,  24.12,  23.94,  23.96,  23.90,  23.89,  23.90,  23.69,  23.82,  23.77,  23.66,  23.57,  23.46,  23.33,  23.23,  23.21,  23.15,  22.99,  22.93,  22.79,  22.76,  22.72,  22.63,  22.56,  22.55
20211101, 1800,  , TS, 34.1N,  42.6W,  35,  997,    0,   40,   40,   40,    0,    0,    0,    0,    0,    0,    0,    0,   35,  25.03,  24.93,  24.81,  24.83,  24.76,  24.72,  24.68,  24.52,  24.20,  24.19,  24.12,  24.10,  24.25,  24.00,  23.99,  23.91,  23.75,  23.64,  23.51,  23.41,  23.33,  23.28,  23.20,  23.16,  22.94,  22.79,  22.68,  22.61,  22.47,  22.35,  22.32
20211102, 0000,  , TS, 34.4N,  41.9W,  35,  997,   50,   50,   50,   50,    0,    0,    0,    0,    0,    0,    0,    0,   35,  25.12,  25.20,  25.14,  24.91,  24.84,  24.88,  24.82,  24.72,  24.70,  24.63,  24.66,  24.88,  24.78,  24.70,  24.59,  24.34,  24.12,  23.87,  23.62,  23.48,  23.46,  23.46,  23.13,  23.10,  22.93,  22.81,  22.75,  22.63,  22.50,  22.39,  22.26
20211102, 0600,  , TS, 34.9N,  41.3W,  40,  996,   50,   50,   50,   50,    0,    0,    0,    0,    0,    0,    0,    0,   30,  25.13,  25.12,  25.08,  24.80,  24.63,  24.54,  24.60,  24.68,  24.75,  24.71,  24.72,  24.72,  24.84,  24.68,  24.64,  24.44,  24.28,  24.13,  23.98,  23.89,  23.88,  23.67,  23.78,  23.47,  23.28,  23.19,  23.12,  22.98,  22.81,  22.65,  22.51
20211102, 1200,  , TS, 35.5N,  40.7W,  40,  996,   50,   50,   30,   30,    0,    0,    0,    0,    0,    0,    0,    0,   25,  25.17,  25.08,  24.93,  24.54,  24.48,  24.45,  24.53,  24.55,  24.31,  24.09,  24.36,  24.35,  24.34,  24.26,  24.26,  24.14,  24.05,  23.94,  23.78,  23.68,  23.59,  23.37,  23.99,  23.17,  22.89,  22.80,  22.75,  22.63,  22.43,  22.26,  22.13
20211102, 1800,  , TS, 36.2N,  40.5W,  40,  996,   60,   60,   20,   30,    0,    0,    0,    0,    0,    0,    0,    0,   25,  24.42,  24.33,  24.34,  23.98,  23.98,  24.03,  24.07,  23.99,  23.66,  23.38,  23.44,  23.48,  23.54,  23.68,  23.65,  23.54,  23.48,  23.40,  23.30,  23.18,  23.09,  22.86,  23.41,  22.60,  22.41,  22.36,  22.36,  22.28,  22.11,  21.95,  21.78
20211103, 0000,  , TS, 36.9N,  40.4W,  40,  996,   80,   80,    0,   30,    0,    0,    0,    0,    0,    0,    0,    0,   25,  24.44,  24.30,  23.77,  23.72,  23.68,  23.76,  23.77,  23.61,  23.39,  23.37,  23.23,  23.33,  23.55,  23.51,  23.42,  23.31,  23.24,  23.18,  23.00,  22.83,  22.56,  23.05,  22.29,  22.15,  22.12,  22.04,  21.96,  21.75,  21.56,  21.39,  21.15
20211103, 0600,  , TS, 37.6N,  40.2W,  40,  995,   80,   80,    0,   30,    0,    0,    0,    0,    0,    0,    0,    0,   25,  23.30,  23.20,  23.36,  23.52,  23.51,  23.64,  23.72,  23.69,  23.68,  23.63,  23.22,  23.16,  23.39,  23.43,  23.43,  23.43,  23.41,  23.34,  23.14,  22.90,  22.61,  22.79,  22.25,  22.11,  22.08,  21.99,  21.90,  21.73,  21.61,  21.43,  21.20
20211103, 1200,  , TS, 38.4N,  39.9W,  40,  994,   80,   80,    0,   40,    0,    0,    0,    0,    0,    0,    0,    0,   30,  22.71,  22.73,  22.45,  22.38,  22.40,  22.49,  22.53,  22.50,  22.75,  22.83,  22.62,  22.58,  22.69,  22.68,  22.62,  22.68,  22.78,  22.73,  22.65,  22.57,  22.37,  22.07,  22.16,  22.06,  21.96,  21.88,  21.76,  21.52,  21.44,  21.33,  21.17
20211103, 1800,  , TS, 39.3N,  39.7W,  45,  992,   80,   90,   30,   40,    0,    0,    0,    0,    0,    0,    0,    0,   30,  22.44,  22.42,  22.01,  22.08,  22.07,  21.90,  21.79,  21.86,  21.72,  21.67,  21.54,  21.53,  21.44,  21.41,  21.31,  21.16,  21.06,  20.90,  20.85,  20.72,  20.51,  20.72,  20.55,  20.43,  20.37,  20.29,  20.22,  20.11,  20.07,  20.00,  19.91
20211104, 0000,  , TS, 40.2N,  39.7W,  45,  992,   80,   90,   50,   60,    0,    0,    0,    0,    0,    0,    0,    0,   35,  21.77,  21.52,  21.51,  21.40,  21.41,  21.40,  21.19,  21.12,  21.08,  20.97,  21.26,  21.05,  21.04,  20.92,  20.90,  20.95,  20.90,  20.94,  20.93,  20.77,  20.88,  20.62,  20.52,  20.38,  20.33,  20.31,  20.27,  20.35,  20.42,  20.43,  20.45
20211104, 0600,  , TS, 41.0N,  39.7W,  45,  992,   70,   80,   50,   60,    0,    0,    0,    0,    0,    0,    0,    0,   35,  21.27,  21.37,  21.41,  21.44,  21.45,  21.41,  21.30,  21.18,  21.08,  20.98,  20.88,  21.32,  21.27,  21.19,  21.01,  20.88,  20.84,  20.87,  20.88,  20.90,  21.06,  21.02,  21.06,  21.14,  21.22,  21.32,  21.28,  21.23,  21.01,  20.82,  20.78
20211104, 1200,  , TS, 41.7N,  39.7W,  40,  994,   60,   60,   50,   60,    0,    0,    0,    0,    0,    0,    0,    0,   35,  20.65,  20.46,  20.31,  20.42,  20.43,  20.45,  20.52,  20.43,  20.36,  20.29,  20.21,  20.21,  20.13,  20.09,  20.00,  20.00,  19.83,  19.68,  19.96,  20.82,  19.76,  21.26,  21.19,  21.13,  21.19,  21.28,  21.29,  21.24,  20.99,  20.72,  20.66
20211104, 1800,  , TS, 42.1N,  39.6W,  40,  994,   60,   60,   50,   60,    0,    0,    0,    0,    0,    0,    0,    0,   35,  20.50,  20.34,  20.18,  20.18,  20.16,  20.38,  20.39,  20.39,  20.31,  20.22,  20.14,  20.16,  20.09,  20.08,  20.12,  20.05,  19.72,  19.54,  19.73,  20.40,  19.37,  21.20,  21.06,  21.02,  21.07,  21.15,  21.17,  21.15,  20.97,  20.66,  20.57
20211105, 0000,  , TS, 42.3N,  39.0W,  45,  992,   60,   70,   80,   70,    0,    0,    0,    0,    0,    0,    0,    0,   40,  20.58,  20.44,  20.42,  20.16,  20.19,  20.22,  20.27,  20.20,  20.12,  20.05,  20.13,  20.06,  20.15,  20.13,  19.91,  19.78,  19.84,  19.92,  19.91,  19.57,  20.04,  20.10,  20.21,  20.26,  20.31,  20.38,  20.50,  20.40,  20.18,  20.04,  19.93
20211105, 0600,  , TS, 42.0N,  38.3W,  45,  992,   50,   70,   90,   80,    0,    0,    0,    0,    0,    0,    0,    0,   40,  20.80,  20.85,  20.94,  20.77,  20.62,  20.85,  20.96,  20.84,  20.72,  20.60,  20.25,  20.32,  20.33,  20.36,  20.24,  20.30,  20.44,  20.45,  20.34,  20.34,  20.10,  20.07,  19.93,  19.94,  19.96,  19.88,  19.75,  19.60,  19.51,  19.56,  19.48
20211105, 1200,  , TS, 41.1N,  37.8W,  45,  993,   40,   50,  120,  100,    0,    0,    0,    0,    0,    0,    0,    0,   40,  20.79,  20.83,  20.85,  20.99,  20.98,  20.99,  20.99,  20.90,  20.80,  20.71,  20.55,  20.39,  20.36,  20.39,  20.47,  20.49,  20.51,  20.45,  20.17,  20.09,  19.91,  19.80,  19.72,  19.61,  19.55,  19.45,  19.41,  19.39,  19.27,  19.15,  18.98
20211105, 1800,  , TS, 39.6N,  37.5W,  45,  996,   40,   40,  110,  100,    0,    0,    0,    0,    0,    0,    0,    0,   40,  21.29,  21.27,  21.22,  21.11,  21.08,  21.16,  21.27,  21.31,  21.26,  21.21,  21.09,  21.15,  21.34,  21.61,  21.77,  21.89,  21.94,  22.01,  21.69,  21.52,  21.13,  20.98,  20.87,  20.81,  20.79,  20.76,  20.78,  20.67,  20.54,  20.48,  20.30
20211106, 0000,  , TS, 38.4N,  38.0W,  45,  999,   50,   30,   80,   90,    0,    0,    0,    0,    0,    0,    0,    0,   40,  22.27,  22.40,  22.42,  22.44,  22.24,  22.10,  22.13,  22.27,  22.25,  22.12,  22.04,  21.96,  21.94,  21.92,  21.88,  21.87,  21.82,  21.56,  22.31,  21.44,  21.39,  21.37,  21.39,  21.35,  21.18,  21.10,  21.02,  20.81,  20.73,  20.58,  20.48
20211106, 0600,  , TS, 37.6N,  38.3W,  45, 1000,   50,   30,   60,   60,    0,    0,    0,    0,    0,    0,    0,    0,   35,  22.83,  22.84,  22.70,  22.66,  22.63,  22.61,  22.58,  22.60,  22.46,  22.44,  22.41,  22.36,  22.36,  22.36,  22.32,  22.26,  22.11,  21.76,  22.22,  21.46,  21.33,  21.24,  21.31,  21.29,  21.17,  21.07,  20.95,  20.80,  20.73,  20.62,  20.58
20211106, 1200,  , TS, 37.2N,  38.4W,  40, 1001,   50,   30,   50,    0,    0,    0,    0,    0,    0,    0,    0,    0,   35,  23.05,  23.05,  22.96,  22.92,  22.79,  22.64,  22.60,  22.58,  22.48,  22.52,  22.50,  22.45,  22.44,  22.43,  22.37,  22.34,  22.20,  21.85,  21.97,  21.54,  21.38,  21.27,  21.33,  21.31,  21.18,  21.08,  20.95,  20.79,  20.72,  20.59,  20.53
20211106, 1800,  , TS, 37.1N,  38.0W,  35, 1002,   50,   50,   50,    0,    0,    0,    0,    0,    0,    0,    0,    0,   35,  22.93,  22.88,  22.89,  22.90,  22.73,  22.66,  22.61,  22.47,  22.13,  22.57,  22.55,  22.52,  22.49,  22.46,  22.40,  22.43,  22.21,  21.88,  21.89,  21.68,  21.52,  21.43,  21.46,  21.39,  21.22,  21.09,  20.98,  20.86,  20.79,  20.62,  20.53
20211107, 0000,  , TS, 37.4N,  37.4W,  35, 1003,    0,   60,    0,    0,    0,    0,    0,    0,    0,    0,    0,    0,   40,  22.58,  22.55,  22.55,  22.51,  22.58,  22.54,  22.55,  22.29,  22.55,  22.53,  22.47,  22.48,  22.51,  22.49,  22.56,  22.30,  21.96,  21.93,  21.73,  21.59,  21.50,  21.53,  21.47,  21.29,  21.17,  21.08,  20.98,  20.95,  20.77,  20.67,  20.61
20211107, 0600,  , TS, 38.1N,  36.4W,  35, 1004,    0,   60,    0,    0,    0,    0,    0,    0,    0,    0,    0,    0,   45,  22.18,  21.97,  22.01,  21.97,  21.97,  22.09,  22.14,  22.09,  21.73,  21.86,  21.94,  22.10,  22.28,  22.37,  22.41,  22.36,  22.00,  22.03,  21.61,  21.44,  21.35,  21.36,  21.33,  21.13,  21.00,  20.94,  20.88,  20.79,  20.63,  20.58,  20.56
20211107, 1200,  , LO, 39.2N,  34.9W,  35, 1006,    0,   90,    0,    0,    0,    0,    0,    0,    0,    0,    0,    0,   50,  21.88,  21.74,  21.77,  21.80,  21.95,  21.98,  21.79,  21.55,  21.65,  21.50,  21.60,  21.68,  21.74,  21.77,  21.75,  21.67,  21.38,  21.23,  21.00,  20.90,  20.84,  20.80,  20.72,  20.63,  20.39,  20.23,  20.08,  19.88,  19.76,  19.72,  19.68
20211107, 1800,  , LO, 40.9N,  32.8W,  40, 1006,    0,   90,    0,    0,    0,    0,    0,    0,    0,    0,    0,    0,   50,  21.41,  21.17,  21.11,  20.67,  20.50,  20.40,  20.31,  20.21,  20.85,  20.86,  20.31,  20.39,  20.49,  20.59,  20.68,  20.67,  20.46,  20.43,  20.00,  19.97,  19.93,  19.82,  19.71,  19.65,  19.55,  19.56,  19.54,  19.12,  18.94,  18.96,  19.35
20211108, 0000,  , LO, 43.2N,  29.7W,  40, 1006,   30,   70,    0,    0,    0,    0,    0,    0,    0,    0,    0,    0,   40,  19.85,  19.85,  19.78,  19.76,  19.75,  19.55,  19.49,  19.36,  19.26,  19.04,  19.01,  18.86,  18.87,  18.74,  18.70,  18.66,  18.50,  18.65,  18.70,  18.69,  18.56,  18.39,  18.17,  18.06,  18.17,  18.13,  17.96,  17.89,  17.84,  17.75,  17.62
