AL211995,              TANYA,     29,
19951027, 0000,  , TD, 24.6N,  59.2W,  30, 1004, -999, -999, -999, -999, -999, -999, -999, -999, -999, -999, -999, -999, -999,  28.02,  27.97,  27.93,  27.67,  27.84,  28.28,  28.20,  27.85,  27.78,  27.75,  27.68,  27.57,  27.39,  26.67,  26.89,  26.92,  26.75,  26.79,  26.87,  26.64,  26.55,  26.12,  26.52,  26.55,  26.35,  26.44,  26.39,  26.35,  26.18,  26.09,  26.08
19951027, 0600,  , TD, 25.3N,  58.6W,  30, 1002, -999, -999, -999, -999, -999, -999, -999, -999, -999, -999, -999, -999, -999,  27.71,  27.65,  27.65,  27.48,  27.72,  28.13,  27.94,  27.75,  27.72,  27.16,  26.95,  26.97,  26.98,  26.87,  26.59,  26.57,  26.48,  26.61,  26.69,  26.68,  26.65,  26.19,  26.52,  26.45,  26.36,  26.33,  26.22,  26.24,  26.07,  25.98,  25.98
19951027, 1200,  , TS, 26.2N,  57.9W,  35, 1001, -999, -999, -999, -999, -999, -999, -999, -999, -999, -999, -999, -999, -999,  27.71,  27.72,  27.70,  27.29,  27.47,  27.57,  27.37,  27.45,  27.42,  26.99,  26.95,  26.97,  26.94,  26.91,  26.48,  26.24,  26.32,  26.51,  26.71,  26.77,  26.73,  26.59,  26.62,  26.52,  26.36,  26.26,  26.21,  26.24,  26.11,  26.12,  26.20
19951027, 1800,  , TS, 27.1N,  57.1W,  40,  998, -999, -999, -999, -999, -999, -999, -999, -999, -999, -999, -999, -999, -999,  27.82,  27.76,  27.73,  27.83,  27.94,  28.01,  27.91,  27.41,  27.41,  27.44,  27.60,  27.59,  27.60,  27.47,  27.22,  25.73,  25.65,  25.78,  25.84,  26.16,  26.23,  26.15,  26.32,  26.07,  25.89,  25.92,  25.90,  25.71,  25.86,  25.96,  25.93
19951028, 0000,  , TS, 27.2N,  56.6W,  45,  997, -999, -999, -999, -999, -999, -999, -999, -999, -999, -999, -999, -999, -999,  27.90,  27.81,  27.88,  27.96,  28.03,  27.68,  27.27,  27.35,  27.38,  27.58,  27.60,  27.56,  27.51,  27.44,  25.92,  25.68,  25.69,  25.81,  26.00,  26.04,  26.06,  26.10,  26.11,  26.03,  25.99,  25.96,  25.79,  25.93,  25.97,  25.92,  25.87
19951028, 0600,  , TS, 27.3N,  56.2W,  45,  996, -999, -999, -999, -999, -999, -999, -999, -999, -999, -999, -999, -999, -999,  27.83,  27.74,  27.76,  27.77,  27.76,  27.36,  27.16,  27.34,  27.21,  27.40,  27.50,  27.51,  27.46,  27.47,  26.43,  25.71,  25.71,  25.98,  26.11,  26.12,  26.13,  25.68,  25.86,  25.90,  25.81,  25.74,  25.67,  25.85,  25.75,  25.64,  25.60
19951028, 1200,  , TS, 27.2N,  55.7W,  50,  995, -999, -999, -999, -999, -999, -999, -999, -999, -999, -999, -999, -999, -999,  27.91,  27.80,  27.80,  27.79,  27.79,  27.50,  27.30,  27.36,  27.35,  27.50,  27.66,  27.76,  27.66,  27.57,  26.31,  25.75,  25.77,  25.94,  26.12,  26.22,  26.23,  25.52,  25.97,  26.04,  25.88,  25.81,  25.68,  25.77,  25.77,  25.74,  25.76
19951028, 1800,  , TS, 27.5N,  54.7W,  55,  992, -999, -999, -999, -999, -999, -999, -999, -999, -999, -999, -999, -999, -999,  27.40,  27.52,  27.63,  27.57,  27.47,  27.26,  27.51,  27.63,  27.59,  27.47,  27.34,  27.33,  27.29,  27.35,  27.18,  25.60,  25.57,  25.73,  26.04,  26.09,  26.09,  25.71,  25.90,  26.05,  26.01,  25.78,  25.47,  25.72,  25.46,  25.30,  25.26
19951029, 0000,  , TS, 28.4N,  54.2W,  60,  990, -999, -999, -999, -999, -999, -999, -999, -999, -999, -999, -999, -999, -999,  27.69,  27.76,  27.61,  27.64,  27.68,  27.60,  27.56,  27.34,  26.95,  26.78,  26.77,  26.89,  27.16,  26.97,  25.15,  25.19,  25.58,  25.80,  25.78,  25.66,  25.45,  25.26,  25.45,  25.45,  25.18,  24.84,  25.16,  25.11,  25.15,  24.87,  24.52
19951029, 0600,  , TS, 29.6N,  54.2W,  60,  987, -999, -999, -999, -999, -999, -999, -999, -999, -999, -999, -999, -999, -999,  27.61,  27.63,  27.47,  27.24,  27.07,  27.21,  27.24,  26.97,  26.82,  26.58,  26.57,  26.76,  26.83,  26.62,  24.97,  24.42,  24.56,  24.90,  24.93,  24.76,  24.67,  24.41,  24.66,  24.76,  24.45,  24.24,  24.57,  24.31,  24.08,  23.83,  23.36
19951029, 1200,  , HU, 30.5N,  54.9W,  65,  983, -999, -999, -999, -999, -999, -999, -999, -999, -999, -999, -999, -999, -999,  26.79,  26.81,  27.12,  26.99,  26.66,  26.75,  26.38,  25.66,  25.67,  25.74,  25.79,  25.79,  25.61,  25.72,  25.56,  24.11,  24.03,  24.13,  24.13,  24.22,  24.15,  23.91,  23.89,  23.94,  23.58,  23.49,  23.77,  23.39,  23.29,  23.24,  23.01
19951029, 1800,  , HU, 31.2N,  55.3W,  70,  982, -999, -999, -999, -999, -999, -999, -999, -999, -999, -999, -999, -999, -999,  27.00,  27.00,  26.96,  26.92,  26.95,  26.96,  26.30,  25.73,  26.06,  25.84,  25.76,  25.96,  25.51,  25.55,  25.53,  24.13,  23.80,  23.92,  23.89,  23.80,  23.62,  23.50,  23.62,  23.62,  23.18,  23.32,  23.56,  23.40,  23.17,  23.10,  22.74
19951030, 0000,  , HU, 31.8N,  54.8W,  70,  980, -999, -999, -999, -999, -999, -999, -999, -999, -999, -999, -999, -999, -999,  25.61,  25.30,  25.29,  25.29,  25.34,  25.14,  24.71,  24.52,  24.34,  24.31,  24.61,  24.14,  24.16,  24.07,  23.27,  23.39,  23.45,  23.53,  23.54,  23.49,  23.08,  23.11,  23.11,  22.77,  22.84,  22.90,  22.74,  22.73,  22.78,  22.51,  22.45
19951030, 0600,  , HU, 32.6N,  54.2W,  70,  980, -999, -999, -999, -999, -999, -999, -999, -999, -999, -999, -999, -999, -999,  26.03,  25.57,  25.12,  25.07,  24.95,  24.62,  24.61,  24.59,  24.41,  24.35,  24.47,  24.11,  24.18,  24.20,  23.57,  23.24,  23.21,  23.41,  23.41,  23.33,  22.75,  22.78,  22.83,  22.51,  22.51,  22.55,  22.46,  22.30,  22.31,  21.92,  21.95
19951030, 1200,  , HU, 33.1N,  53.4W,  70,  979, -999, -999, -999, -999, -999, -999, -999, -999, -999, -999, -999, -999, -999,  25.83,  25.69,  25.15,  25.11,  24.91,  24.75,  24.73,  24.69,  24.51,  24.53,  24.82,  24.32,  24.28,  24.34,  24.38,  23.60,  23.39,  23.41,  23.36,  23.32,  22.81,  22.82,  23.01,  22.78,  22.74,  22.83,  22.89,  22.73,  22.71,  22.46,  22.49
19951030, 1800,  , HU, 33.8N,  51.8W,  75,  977, -999, -999, -999, -999, -999, -999, -999, -999, -999, -999, -999, -999, -999,  25.55,  25.44,  25.20,  25.28,  25.21,  24.91,  24.65,  24.42,  24.11,  24.21,  24.50,  24.10,  24.15,  24.37,  24.35,  23.63,  23.44,  23.44,  23.27,  23.21,  23.07,  23.08,  23.22,  22.86,  22.82,  22.72,  22.66,  22.57,  22.43,  22.39,  22.18
19951031, 0000,  , HU, 34.6N,  50.1W,  75,  975, -999, -999, -999, -999, -999, -999, -999, -999, -999, -999, -999, -999, -999,  23.66,  23.54,  23.59,  23.58,  23.86,  24.00,  23.86,  23.63,  23.66,  23.59,  23.53,  23.58,  23.53,  23.50,  23.56,  23.39,  23.37,  23.27,  23.21,  22.99,  22.95,  22.90,  22.60,  22.66,  22.78,  22.79,  22.91,  22.82,  22.70,  22.28,  21.97
19951031, 0600,  , HU, 35.4N,  48.3W,  75,  972, -999, -999, -999, -999, -999, -999, -999, -999, -999, -999, -999, -999, -999,  23.40,  24.14,  24.37,  24.32,  24.37,  23.87,  23.65,  23.67,  23.58,  23.71,  23.93,  24.06,  24.00,  23.68,  23.56,  23.52,  23.14,  22.69,  22.22,  22.12,  22.13,  22.24,  22.46,  22.54,  22.51,  22.53,  22.05,  21.89,  21.93,  22.09,  22.04
19951031, 1200,  , HU, 36.2N,  45.8W,  75,  973, -999, -999, -999, -999, -999, -999, -999, -999, -999, -999, -999, -999, -999,  23.23,  23.69,  23.80,  23.72,  23.70,  23.35,  22.64,  22.28,  22.50,  22.57,  22.91,  23.01,  22.98,  22.26,  22.12,  21.94,  21.58,  21.19,  20.91,  20.77,  20.81,  20.86,  20.97,  21.54,  21.36,  20.68,  20.27,  20.11,  20.55,  20.62,  20.63
19951031, 1800,  , HU, 37.1N,  43.2W,  75,  973, -999, -999, -999, -999, -999, -999, -999, -999, -999, -999, -999, -999, -999,  21.60,  22.18,  22.39,  22.29,  21.60,  21.26,  21.34,  21.50,  21.66,  21.58,  21.63,  21.48,  21.42,  21.08,  20.78,  20.63,  20.54,  20.37,  20.22,  20.21,  20.12,  20.10,  20.24,  20.25,  19.41,  19.10,  19.10,  19.82,  20.04,  20.02,  20.07
19951101, 0000,  , HU, 37.8N,  40.4W,  70,  974, -999, -999, -999, -999, -999, -999, -999, -999, -999, -999, -999, -999, -999,  21.15,  21.23,  21.20,  20.91,  20.92,  20.36,  20.21,  20.21,  20.00,  19.94,  20.09,  19.94,  20.02,  19.99,  19.88,  19.66,  19.51,  19.74,  19.86,  19.85,  19.68,  19.30,  19.24,  19.09,  19.23,  19.21,  19.14,  19.26,  19.40,  19.16,  19.10
19951101, 0600,  , HU, 37.7N,  37.9W,  65,  974, -999, -999, -999, -999, -999, -999, -999, -999, -999, -999, -999, -999, -999,  22.19,  22.19,  22.06,  21.87,  21.79,  21.64,  21.17,  20.89,  20.78,  20.70,  20.80,  20.76,  20.61,  20.47,  20.47,  20.58,  20.63,  20.16,  20.01,  20.04,  19.87,  19.64,  19.64,  19.52,  19.62,  20.14,  19.70,  19.54,  19.21,  19.28,  19.22
19951101, 1200,  , TS, 37.4N,  35.4W,  60,  974, -999, -999, -999, -999, -999, -999, -999, -999, -999, -999, -999, -999, -999,  21.27,  21.11,  21.12,  21.11,  21.05,  21.00,  20.98,  20.67,  20.67,  20.54,  20.50,  20.49,  20.29,  20.10,  20.04,  19.62,  19.74,  19.79,  19.81,  19.72,  19.54,  19.32,  19.08,  19.05,  19.07,  19.61,  19.63,  19.07,  19.46,  19.72,  19.66
19951101, 1800,  , TS, 37.7N,  31.8W,  55,  972, -999, -999, -999, -999, -999, -999, -999, -999, -999, -999, -999, -999, -999,  21.03,  21.12,  21.10,  21.02,  20.99,  20.88,  20.76,  20.91,  20.83,  20.81,  20.67,  20.66,  20.57,  20.35,  20.21,  20.01,  20.17,  20.20,  19.70,  19.40,  19.51,  19.38,  19.13,  19.16,  19.37,  19.28,  19.22,  18.73,  18.73,  18.80,  18.75
19951102, 0000,  , EX, 39.2N,  28.2W,  55,  970, -999, -999, -999, -999, -999, -999, -999, -999, -999, -999, -999, -999, -999,  20.57,  20.40,  20.34,  20.53,  20.59,  20.49,  20.31,  20.39,  20.56,  20.43,  20.36,  19.92,  19.45,  19.39,  19.36,  19.01,  18.93,  18.87,  19.02,  19.14,  19.25,  18.79,  18.67,  18.68,  18.07,  18.09,  18.27,  18.35,  18.19,  17.95,  17.87
19951102, 0600,  , EX, 41.8N,  25.7W,  55,  971, -999, -999, -999, -999, -999, -999, -999, -999, -999, -999, -999, -999, -999,  19.09,  19.03,  18.83,  18.91,  19.00,  18.69,  18.64,  18.59,  18.50,  18.59,  18.42,  18.16,  18.19,  17.79,  17.59,  17.84,  17.93,  18.09,  17.88,  17.84,  17.82,  17.53,  17.84,  17.72,  17.65,  17.44,  17.21,  17.05,  16.94,  16.55,  16.42
19951102, 1200,  , EX, 44.5N,  24.0W,  50,  974, -999, -999, -999, -999, -999, -999, -999, -999, -999, -999, -999, -999, -999,  18.42,  17.38,  17.11,  17.07,  17.76,  17.89,  17.80,  17.75,  17.59,  17.40,  17.31,  17.29,  17.21,  17.31,  17.30,  17.28,  17.25,  17.33,  17.23,  17.14,  17.05,  17.19,  17.22,  16.96,  16.72,  16.70,  16.69,  16.50,  16.35,  16.42,  16.38
19951102, 1800,  , EX, 47.5N,  23.0W,  45,  976, -999, -999, -999, -999, -999, -999, -999, -999, -999, -999, -999, -999, -999,  16.62,  16.58,  16.28,  16.31,  15.70,  15.68,  15.55,  15.77,  15.85,  15.83,  15.81,  15.88,  15.82,  15.58,  15.48,  15.49,  15.59,  15.55,  15.74,  15.93,  16.03,  16.02,  15.49,  15.33,  15.30,  14.92,  14.72,  14.64,  14.65,  14.54,  14.50
19951103, 0000,  , EX, 50.5N,  24.0W,  40,  977, -999, -999, -999, -999, -999, -999, -999, -999, -999, -999, -999, -999, -999,  13.82,  13.81,  13.77,  13.70,  13.73,  13.73,  13.78,  13.83,  13.64,  13.59,  13.58,  13.35,  13.39,  13.39,  13.67,  13.73,  13.47,  13.27,  13.49,  13.53,  13.27,  13.34,  13.30,  13.36,  12.81,  12.65,  12.69,  12.82,  13.29,  13.42,  13.26
