AL212003,              PETER,     15,
20031207, 1800,  , SS, 27.5N,  34.5W,  40, 1005, -999, -999, -999, -999, -999, -999, -999, -999, -999, -999, -999, -999, -999,  23.32,  23.34,  23.68,  24.08,  24.00,  23.62,  23.56,  23.60,  23.69,  23.71,  23.73,  23.73,  23.71,  23.29,  23.10,  23.30,  23.27,  23.27,  23.18,  23.31,  23.43,  23.36,  23.25,  23.11,  22.83,  22.77,  22.81,  22.70,  22.60,  22.39,  22.29
20031208, 0000,  , SS, 26.1N,  34.8W,  40, 1004, -999, -999, -999, -999, -999, -999, -999, -999, -999, -999, -999, -999, -999,  24.62,  24.60,  24.37,  24.51,  24.50,  24.33,  24.29,  24.22,  24.15,  24.11,  24.06,  24.03,  23.73,  23.65,  23.88,  23.94,  23.58,  23.54,  23.65,  23.64,  23.64,  23.60,  23.55,  23.44,  23.42,  23.30,  23.15,  23.29,  23.25,  23.18,  22.83
20031208, 0600,  , SS, 24.1N,  35.8W,  40, 1004, -999, -999, -999, -999, -999, -999, -999, -999, -999, -999, -999, -999, -999,  25.29,  25.35,  25.36,  25.24,  25.13,  24.99,  24.96,  25.00,  24.91,  24.88,  24.85,  24.77,  24.61,  24.51,  24.55,  24.63,  24.39,  24.14,  24.50,  24.45,  24.46,  24.39,  24.17,  23.92,  23.94,  24.01,  23.98,  23.98,  23.78,  23.71,  23.66
20031208, 1200,  , SS, 22.4N,  36.8W,  40, 1004, -999, -999, -999, -999, -999, -999, -999, -999, -999, -999, -999, -999, -999,  25.89,  25.55,  25.47,  25.80,  25.78,  25.62,  25.74,  25.77,  25.73,  25.69,  25.64,  25.92,  25.51,  25.50,  25.34,  25.29,  25.08,  25.41,  25.53,  25.53,  25.46,  25.34,  25.08,  24.94,  24.97,  24.83,  24.84,  24.89,  24.84,  24.45,  24.38
20031208, 1800,  , SS, 20.7N,  37.9W,  40, 1004, -999, -999, -999, -999, -999, -999, -999, -999, -999, -999, -999, -999, -999,  26.26,  26.13,  26.06,  25.88,  25.86,  25.96,  25.99,  25.95,  25.55,  25.48,  25.53,  25.77,  25.95,  25.91,  25.95,  25.91,  25.77,  25.71,  25.67,  25.63,  25.41,  25.41,  25.46,  25.40,  25.38,  25.41,  25.47,  25.59,  25.62,  24.99,  24.82
20031209, 0000,  , SS, 20.4N,  37.7W,  40, 1002, -999, -999, -999, -999, -999, -999, -999, -999, -999, -999, -999, -999, -999,  26.30,  26.26,  26.03,  26.02,  26.04,  26.03,  25.83,  25.67,  25.70,  25.79,  26.01,  26.16,  25.99,  26.04,  26.05,  25.99,  25.90,  25.78,  25.74,  25.62,  25.69,  25.66,  25.58,  25.53,  25.54,  25.61,  25.77,  25.80,  25.19,  25.10,  25.25
20031209, 0600,  , TS, 20.0N,  37.4W,  40,  998, -999, -999, -999, -999, -999, -999, -999, -999, -999, -999, -999, -999, -999,  26.40,  26.43,  26.21,  26.23,  26.19,  26.17,  26.05,  25.97,  26.03,  26.08,  26.35,  26.18,  25.95,  26.04,  26.06,  26.08,  26.04,  25.90,  25.89,  25.66,  25.56,  25.50,  25.48,  25.48,  25.52,  25.62,  25.83,  25.86,  25.27,  25.32,  25.44
20031209, 1200,  , TS, 19.5N,  37.2W,  50,  992, -999, -999, -999, -999, -999, -999, -999, -999, -999, -999, -999, -999, -999,  26.62,  26.64,  26.24,  26.26,  26.24,  26.18,  26.15,  25.93,  25.93,  26.00,  26.57,  26.28,  25.99,  26.01,  26.06,  26.14,  26.20,  26.11,  26.08,  25.90,  25.82,  25.92,  26.12,  26.11,  25.98,  25.96,  26.01,  26.00,  25.53,  25.50,  25.45
20031209, 1800,  , TS, 21.0N,  37.0W,  60,  990, -999, -999, -999, -999, -999, -999, -999, -999, -999, -999, -999, -999, -999,  25.80,  25.70,  25.81,  25.78,  25.86,  25.90,  25.66,  25.49,  25.52,  25.63,  25.95,  26.06,  25.70,  25.68,  25.66,  25.75,  25.70,  25.53,  25.58,  25.54,  25.43,  25.46,  25.42,  25.35,  25.33,  25.36,  25.45,  25.47,  24.93,  24.92,  24.99
20031210, 0000,  , TS, 22.2N,  37.0W,  45, 1000, -999, -999, -999, -999, -999, -999, -999, -999, -999, -999, -999, -999, -999,  25.24,  25.73,  25.79,  25.68,  25.58,  25.61,  25.39,  25.38,  25.43,  25.93,  25.53,  25.34,  25.33,  25.31,  25.03,  25.42,  25.65,  25.81,  25.56,  25.32,  25.18,  25.07,  25.07,  24.90,  24.87,  24.86,  24.86,  24.52,  24.53,  24.40,  24.84
20031210, 0600,  , TS, 23.1N,  37.1W,  35, 1005, -999, -999, -999, -999, -999, -999, -999, -999, -999, -999, -999, -999, -999,  25.53,  25.67,  25.60,  25.51,  25.54,  25.55,  25.31,  25.23,  25.18,  25.69,  25.64,  25.49,  25.42,  25.42,  24.96,  24.95,  25.00,  25.10,  24.92,  25.06,  24.89,  24.34,  24.30,  24.47,  24.50,  24.44,  24.29,  24.03,  24.05,  24.19,  24.36
20031210, 1200,  , TD, 23.8N,  37.1W,  30, 1005, -999, -999, -999, -999, -999, -999, -999, -999, -999, -999, -999, -999, -999,  24.77,  25.09,  25.20,  25.04,  25.14,  25.16,  25.04,  24.89,  24.76,  25.09,  25.16,  25.01,  24.96,  24.92,  24.54,  24.58,  24.75,  24.57,  24.70,  24.80,  24.69,  24.19,  24.13,  24.19,  24.14,  24.13,  23.98,  23.80,  23.72,  23.60,  23.77
20031210, 1800,  , TD, 25.0N,  36.7W,  30, 1005, -999, -999, -999, -999, -999, -999, -999, -999, -999, -999, -999, -999, -999,  25.08,  24.90,  24.86,  24.85,  24.90,  24.95,  24.79,  24.66,  24.57,  24.89,  24.94,  24.74,  24.71,  24.63,  24.08,  24.08,  24.18,  24.20,  24.24,  24.21,  24.13,  23.94,  23.94,  23.87,  23.90,  23.97,  23.89,  23.62,  23.48,  23.27,  23.28
20031211, 0000,  , TD, 26.0N,  36.2W,  30, 1005, -999, -999, -999, -999, -999, -999, -999, -999, -999, -999, -999, -999, -999,  25.06,  24.99,  24.87,  24.89,  24.94,  24.84,  24.80,  24.73,  24.72,  24.62,  24.64,  24.70,  24.64,  24.16,  24.15,  24.20,  24.16,  24.33,  24.32,  24.15,  23.90,  23.89,  23.77,  23.82,  23.78,  23.71,  23.51,  23.27,  23.02,  23.16,  23.19
20031211, 0600,  , EX, 27.5N,  35.0W,  30, 1009, -999, -999, -999, -999, -999, -999, -999, -999, -999, -999, -999, -999, -999,  23.88,  23.63,  23.56,  23.56,  23.61,  23.63,  23.65,  23.65,  23.60,  23.32,  23.21,  23.41,  23.30,  23.27,  23.22,  23.32,  23.42,  23.36,  23.23,  23.10,  22.83,  22.77,  22.78,  22.67,  22.55,  22.36,  22.22,  21.88,  22.01,  22.06,  22.03
