AL252020,              GAMMA,     21,
20201002, 0000,  , LO, 16.6N,  83.3W,  30, 1006,    0,    0,    0,    0,    0,    0,    0,    0,    0,    0,    0,    0, -999,  30.40,  30.35,  30.13,  30.17,  30.37,  30.50,  30.53,  30.42,  30.39,  30.45,  30.46,  30.45,  30.36,  30.45,  30.47,  30.48,  30.29,  30.29,  30.26,  30.04,  29.74,  29.58,  29.55,  29.49,  29.27,  29.35,  29.31,  29.69,  29.75,  29.75,  29.74
20201002, 0600,  , TD, 17.2N,  83.9W,  30, 1006,    0,    0,    0,    0,    0,    0,    0,    0,    0,    0,    0,    0, -999,  30.39,  30.31,  30.06,  30.10,  30.33,  30.49,  30.50,  30.43,  30.40,  30.36,  30.31,  30.32,  30.34,  30.45,  30.46,  30.45,  30.18,  30.09,  29.99,  29.76,  29.50,  29.32,  29.60,  29.78,  29.61,  29.56,  29.54,  29.68,  29.75,  29.79,  29.81
20201002, 1200,  , TD, 17.8N,  84.4W,  30, 1005,    0,    0,    0,    0,    0,    0,    0,    0,    0,    0,    0,    0, -999,  30.42,  30.20,  29.94,  30.04,  30.25,  30.45,  30.56,  30.57,  30.46,  30.38,  30.28,  30.16,  30.17,  30.27,  30.35,  30.38,  30.15,  30.08,  30.03,  29.98,  29.95,  29.75,  29.66,  29.65,  29.41,  29.37,  29.36,  29.53,  29.67,  29.75,  29.78
20201002, 1800,  , TS, 18.4N,  85.0W,  35, 1002,   40,    0,    0,    0,    0,    0,    0,    0,    0,    0,    0,    0, -999,  30.17,  30.19,  30.06,  30.11,  30.25,  30.37,  30.42,  30.39,  30.28,  30.32,  30.24,  30.09,  29.98,  30.03,  30.19,  30.26,  30.30,  30.12,  30.03,  29.93,  29.84,  29.48,  29.31,  29.29,  29.33,  29.26,  29.21,  29.38,  29.62,  29.71,  29.72
20201003, 0000,  , TS, 18.8N,  85.8W,  40,  998,   40,    0,    0,    0,    0,    0,    0,    0,    0,    0,    0,    0, -999,  30.19,  30.18,  30.18,  30.25,  30.36,  30.42,  30.24,  30.12,  30.37,  30.32,  30.12,  29.97,  30.08,  30.20,  30.23,  30.21,  30.05,  29.87,  29.65,  29.43,  29.03,  29.06,  29.27,  29.40,  29.20,  29.22,  29.51,  29.62,  29.78,  29.76,  29.71
20201003, 0600,  , TS, 19.2N,  86.6W,  45,  995,   80,    0,    0,   40,    0,    0,    0,    0,    0,    0,    0,    0, -999,  30.08,  30.08,  30.07,  30.14,  30.23,  30.24,  30.09,  30.16,  30.33,  30.23,  30.16,  30.00,  30.09,  30.19,  30.23,  30.18,  30.14,  30.09,  29.94,  29.55,  29.22,  29.25,  29.32,  29.37,  29.23,  29.24,  29.47,  29.50,  29.62,  29.60,  29.44
20201003, 1200,  , TS, 19.7N,  87.1W,  55,  986,  120,   70,    0,   40,   25,    0,    0,    0,    0,    0,    0,    0, -999,  30.14,  30.17,  30.16,  30.19,  30.24,  30.25,  30.06,  30.11,  30.25,  30.14,  30.09,  29.86,  29.82,  29.85,  29.89,  29.86,  29.83,  29.69,  29.62,  29.44,  29.22,  29.17,  29.17,  29.14,  29.13,  29.18,  29.38,  29.52,  29.62,  29.63,  29.44
20201003, 1645, L, HU, 20.2N,  87.4W,  65,  978,  120,   70,    0,   40,   25,    0,    0,    0,   15,    0,    0,    0, -999,  30.13,  30.12,  30.07,  30.08,  30.14,  30.18,  30.05,  30.11,  30.18,  30.13,  30.07,  29.71,  29.58,  29.59,  29.67,  29.66,  29.64,  29.72,  29.74,  29.61,  29.39,  29.32,  29.16,  29.01,  29.06,  29.09,  29.28,  29.39,  29.44,  29.44,  29.30
20201003, 1800,  , TS, 20.4N,  87.5W,  60,  980,  120,   70,    0,   40,   30,   20,    0,    0,    0,    0,    0,    0, -999,    nan,    nan,    nan,    nan,    nan,    nan,    nan,    nan,    nan,    nan,    nan,    nan,    nan,    nan,    nan,    nan,    nan,    nan,    nan,    nan,    nan,    nan,    nan,    nan,    nan,    nan,    nan,    nan,    nan,    nan,    nan
20201004, 0000,  , TS, 21.0N,  87.9W,  50,  991,  120,   70,    0,   90,   40,   20,    0,    0,    0,    0,    0,    0, -999,    nan,    nan,    nan,    nan,    nan,    nan,    nan,    nan,    nan,    nan,    nan,    nan,    nan,    nan,    nan,    nan,    nan,    nan,    nan,    nan,    nan,    nan,    nan,    nan,    nan,    nan,    nan,    nan,    nan,    nan,    nan
20201004, 0600,  , TS, 21.8N,  88.2W,  45,  997,  120,    0,    0,   90,    0,    0,    0,    0,    0,    0,    0,    0, -999,  29.63,  29.46,  29.85,  30.10,  30.08,  29.92,  29.84,  29.89,  29.90,  29.67,  29.59,  29.57,  29.52,  29.57,  29.83,  29.81,  29.73,  29.70,  29.64,  29.17,  28.32,  28.32,  28.25,  28.36,  28.41,  28.46,  28.57,  28.62,  28.52,  28.24,  28.16
20201004, 1200,  , TS, 22.3N,  88.1W,  50,  995,  120,   40,   40,  120,   20,   20,   20,   20,    0,    0,    0,    0, -999,  30.01,  29.88,  30.08,  30.25,  30.21,  29.97,  29.91,  30.00,  30.02,  29.81,  29.65,  29.53,  29.46,  29.24,  29.17,  29.09,  28.93,  28.95,  28.88,  28.47,  27.49,  27.53,  27.84,  27.94,  28.16,  28.38,  28.47,  28.50,  28.45,  28.29,  28.21
20201004, 1800,  , TS, 22.7N,  87.7W,  55,  994,  150,   60,   40,  140,   40,   20,   20,   30,    0,    0,    0,    0, -999,  30.11,  30.10,  30.23,  30.31,  30.32,  30.05,  30.02,  30.10,  30.15,  29.97,  29.87,  29.77,  29.69,  29.37,  29.09,  28.89,  28.54,  28.49,  28.39,  27.97,  27.34,  27.34,  27.68,  27.78,  28.01,  28.23,  28.29,  28.30,  28.37,  28.32,  28.24
20201005, 0000,  , TS, 22.9N,  87.4W,  50,  998,  150,   60,   60,  140,   40,    0,   30,   50,    0,    0,    0,    0, -999,  30.13,  30.26,  30.32,  30.32,  30.10,  30.09,  30.19,  30.26,  30.11,  30.04,  29.99,  29.91,  29.52,  28.95,  28.71,  28.36,  28.43,  28.35,  28.05,  27.74,  27.71,  28.00,  28.18,  28.36,  28.39,  28.34,  28.29,  28.37,  28.34,  28.21,  28.17
20201005, 0600,  , TS, 22.8N,  87.4W,  45,  999,  140,    0,    0,  120,    0,    0,    0,    0,    0,    0,    0,    0, -999,  30.15,  30.26,  30.29,  30.29,  30.09,  30.02,  30.13,  30.24,  30.08,  29.94,  29.86,  29.78,  29.35,  28.80,  28.59,  28.34,  28.41,  28.28,  27.70,  27.36,  27.42,  27.80,  27.89,  28.10,  28.27,  28.30,  28.29,  28.38,  28.34,  28.22,  28.15
20201005, 1200,  , TS, 22.6N,  87.5W,  40, 1001,  140,    0,    0,  130,    0,    0,    0,    0,    0,    0,    0,    0, -999,  30.10,  30.23,  30.31,  30.32,  30.05,  30.02,  30.10,  30.15,  29.97,  29.87,  29.77,  29.69,  29.37,  29.09,  28.89,  28.54,  28.49,  28.39,  27.97,  27.34,  27.34,  27.68,  27.78,  28.01,  28.23,  28.29,  28.30,  28.37,  28.32,  28.24,  28.21
20201005, 1800,  , TD, 22.3N,  87.9W,  30, 1005,    0,    0,    0,    0,    0,    0,    0,    0,    0,    0,    0,    0, -999,  29.91,  30.09,  30.21,  30.22,  29.92,  29.88,  29.98,  30.05,  29.86,  29.66,  29.56,  29.48,  29.21,  29.09,  28.99,  28.77,  28.80,  28.75,  28.15,  27.38,  27.42,  27.74,  27.78,  28.00,  28.25,  28.35,  28.38,  28.37,  28.24,  28.16,  28.17
20201006, 0000,  , TD, 21.9N,  88.2W,  30, 1005,    0,    0,    0,    0,    0,    0,    0,    0,    0,    0,    0,    0, -999,  29.85,  30.10,  30.08,  29.92,  29.84,  29.89,  29.90,  29.67,  29.59,  29.57,  29.52,  29.57,  29.83,  29.81,  29.73,  29.70,  29.64,  29.17,  28.32,  28.32,  28.25,  28.36,  28.41,  28.46,  28.57,  28.62,  28.52,  28.24,  28.16,  28.13,  27.82
20201006, 0300, L, TD, 21.6N,  88.4W,  30, 1005,    0,    0,    0,    0,    0,    0,    0,    0,    0,    0,    0,    0, -999,  29.79,  30.06,  30.05,  29.89,  29.81,  29.89,  29.92,  29.67,  29.59,  29.58,  29.54,  29.57,  29.80,  29.82,  29.77,  29.76,  29.71,  29.28,  28.63,  28.48,  28.34,  28.33,  28.37,  28.38,  28.48,  28.56,  28.48,  28.19,  28.16,  28.16,  27.94
20201006, 0600,  , TD, 21.3N,  88.5W,  30, 1005,    0,    0,    0,    0,    0,    0,    0,    0,    0,    0,    0,    0, -999,    nan,    nan,    nan,    nan,    nan,    nan,    nan,    nan,    nan,    nan,    nan,    nan,    nan,    nan,    nan,    nan,    nan,    nan,    nan,    nan,    nan,    nan,    nan,    nan,    nan,    nan,    nan,    nan,    nan,    nan,    nan
20201006, 1200,  , TD, 20.6N,  88.5W,  25, 1007,    0,    0,    0,    0,    0,    0,    0,    0,    0,    0,    0,    0, -999,    nan,    nan,    nan,    nan,    nan,    nan,    nan,    nan,    nan,    nan,    nan,    nan,    nan,    nan,    nan,    nan,    nan,    nan,    nan,    nan,    nan,    nan,    nan,    nan,    nan,    nan,    nan,    nan,    nan,    nan,    nan
