AL292020,                ETA,     58,
20201031, 1800,  , TD, 14.9N,  72.4W,  30, 1006,    0,    0,    0,    0,    0,    0,    0,    0,    0,    0,    0,    0, -999,  29.19,  29.35,  29.42,  29.35,  29.28,  29.11,  29.26,  29.22,  29.30,  29.32,  29.20,  29.14,  29.01,  29.06,  29.04,  28.94,  28.96,  29.01,  29.07,  29.32,  29.25,  29.29,  29.29,  29.33,  29.43,  29.47,  29.54,  29.51,  29.29,  29.30,  29.30
20201101, 0000,  , TS, 14.9N,  73.6W,  35, 1005,   50,    0,    0,   50,    0,    0,    0,    0,    0,    0,    0,    0, -999,  29.39,  29.59,  29.55,  29.40,  29.23,  29.28,  29.26,  29.22,  29.22,  29.19,  29.02,  28.95,  29.01,  29.01,  28.94,  28.96,  29.00,  28.91,  29.37,  29.31,  29.26,  29.24,  29.21,  29.17,  29.23,  29.26,  29.25,  29.05,  28.60,  28.55,  28.48
20201101, 0600,  , TS, 14.9N,  75.1W,  35, 1005,   50,    0,    0,   50,    0,    0,    0,    0,    0,    0,    0,    0, -999,  29.48,  29.71,  29.74,  29.55,  29.37,  29.54,  29.52,  29.49,  29.26,  29.12,  28.90,  28.87,  28.83,  28.78,  28.79,  28.79,  28.79,  29.07,  29.32,  29.30,  29.21,  29.25,  29.62,  29.04,  29.11,  29.28,  29.26,  29.31,  29.39,  29.34,  28.83
20201101, 1200,  , TS, 14.9N,  76.7W,  40, 1002,   50,    0,    0,   50,    0,    0,    0,    0,    0,    0,    0,    0, -999,  29.41,  29.46,  29.45,  29.39,  29.43,  29.43,  29.43,  29.41,  29.39,  29.12,  28.92,  28.91,  28.91,  28.97,  28.96,  28.95,  28.93,  29.03,  29.05,  29.02,  29.01,  28.90,  29.03,  29.07,  29.09,  29.11,  29.08,  28.90,  28.54,  28.52,  28.59
20201101, 1800,  , TS, 14.9N,  78.2W,  50,  992,   80,   60,   20,   60,   50,   30,    0,    0,    0,    0,    0,    0, -999,  29.35,  29.40,  29.41,  29.32,  29.18,  29.00,  28.98,  28.98,  28.97,  28.62,  28.91,  29.04,  29.10,  29.17,  29.10,  29.04,  29.03,  29.13,  29.28,  29.67,  29.70,  29.61,  29.32,  29.23,  29.26,  29.19,  28.78,  28.71,  28.74,  28.82,  28.97
20201102, 0000,  , TS, 14.9N,  79.4W,  60,  988,  100,   80,   30,   80,   50,   30,    0,   50,    0,    0,    0,    0, -999,  29.41,  29.33,  29.32,  29.13,  29.19,  29.29,  29.28,  29.24,  29.07,  29.29,  29.30,  29.32,  29.33,  29.22,  29.19,  29.10,  28.88,  29.34,  29.79,  29.55,  29.46,  29.33,  29.13,  29.04,  29.12,  29.35,  29.43,  29.34,  29.19,  29.01,  28.79
20201102, 0600,  , HU, 14.9N,  80.4W,  70,  982,  110,   90,   30,   90,   50,   30,   10,   50,   20,    0,    0,   20, -999,  29.58,  29.48,  29.40,  29.25,  29.42,  29.52,  29.56,  29.47,  29.34,  29.28,  29.16,  29.03,  29.06,  29.13,  29.14,  29.03,  28.70,  28.72,  28.63,  28.46,  28.71,  28.82,  28.79,  28.65,  28.72,  28.97,  28.95,  28.99,  28.99,  28.99,  28.80
20201102, 1200,  , HU, 14.8N,  81.2W,  90,  972,  110,   60,   40,   90,   30,   20,   20,   30,   20,   10,   10,   20, -999,  29.61,  29.55,  29.52,  29.47,  29.55,  29.55,  29.59,  29.50,  29.40,  29.40,  29.32,  29.16,  29.19,  29.31,  29.31,  29.21,  28.99,  28.94,  28.94,  28.98,  28.95,  28.91,  28.75,  28.72,  28.59,  28.77,  28.81,  28.81,  28.79,  28.79,  28.75
20201102, 1800,  , HU, 14.7N,  82.0W, 115,  948,  110,   60,   40,  100,   30,   30,   20,   30,   20,   15,   10,   20, -999,  29.54,  29.46,  29.53,  29.51,  29.76,  29.79,  29.79,  29.74,  29.65,  29.62,  29.49,  29.38,  29.38,  29.44,  29.43,  29.39,  29.35,  29.32,  29.28,  29.24,  28.99,  28.79,  28.52,  28.48,  28.35,  28.59,  28.66,  28.61,  28.53,  28.53,  28.42
20201103, 0000,  , HU, 14.3N,  82.5W, 130,  929,  110,   60,   40,  100,   30,   30,   30,   30,   20,   20,   15,   20, -999,  29.45,  29.54,  29.43,  29.60,  29.63,  29.59,  29.64,  29.64,  29.65,  29.55,  29.52,  29.53,  29.54,  29.50,  29.46,  29.42,  29.38,  29.34,  29.31,  28.90,  28.51,  28.43,  28.26,  28.12,  28.34,  28.47,  28.36,  28.31,  28.32,  28.31,  27.99
20201103, 0600,  , HU, 14.0N,  82.9W, 130,  922,  110,   60,   40,  100,   30,   30,   30,   30,   20,   20,   15,   20, -999,  29.59,  29.53,  29.42,  29.50,  29.50,  29.45,  29.48,  29.54,  29.60,  29.54,  29.55,  29.57,  29.53,  29.49,  29.46,  29.42,  29.39,  29.35,  29.32,  28.82,  28.65,  28.70,  28.36,  28.23,  28.39,  28.62,  28.48,  28.45,  28.45,  28.43,  27.87
20201103, 1200,  , HU, 13.6N,  83.1W, 125,  936,  100,   70,   50,  100,   30,   30,   30,   30,   20,   20,   20,   20, -999,  29.69,  29.57,  29.50,  29.50,  29.52,  29.45,  29.43,  29.37,  29.42,  29.43,  29.47,  29.49,  29.46,  29.43,  29.40,  29.37,  29.34,  29.31,  29.28,  28.77,  28.67,  28.75,  28.47,  28.38,  28.55,  28.85,  28.67,  28.62,  28.61,  28.57,  27.93
20201103, 1800,  , HU, 13.7N,  83.3W, 120,  940,  100,   70,   50,   90,   30,   30,   30,   30,   20,   20,   20,   20, -999,  29.70,  29.49,  29.45,  29.50,  29.49,  29.44,  29.41,  29.32,  29.38,  29.39,  29.45,  29.45,  29.42,  29.39,  29.37,  29.34,  29.31,  29.28,  29.25,  28.79,  28.67,  28.77,  28.52,  28.41,  28.57,  28.84,  28.62,  28.60,  28.59,  28.57,  27.97
20201103, 2100, L, HU, 13.8N,  83.5W, 120,  940,  100,   70,   50,   90,   30,   30,   30,   30,   20,   20,   20,   20, -999,  29.70,  29.49,  29.45,  29.50,  29.49,  29.44,  29.41,  29.32,  29.38,  29.39,  29.45,  29.45,  29.42,  29.39,  29.37,  29.34,  29.31,  29.28,  29.25,  28.79,  28.67,  28.77,  28.52,  28.41,  28.57,  28.84,  28.62,  28.60,  28.59,  28.57,  27.97
20201104, 0000,  , HU, 13.8N,  83.7W,  95,  965,  100,   70,   50,   90,   30,   30,   30,   30,   20,   20,   20,   20, -999,    nan,    nan,    nan,    nan,    nan,    nan,    nan,    nan,    nan,    nan,    nan,    nan,    nan,    nan,    nan,    nan,    nan,    nan,    nan,    nan,    nan,    nan,    nan,    nan,    nan,    nan,    nan,    nan,    nan,    nan,    nan
20201104, 0600,  , HU, 13.8N,  84.3W,  70,  980,  100,   70,   50,   90,   30,   30,   30,   30,   20,   20,   20,   20, -999,    nan,    nan,    nan,    nan,    nan,    nan,    nan,    nan,    nan,    nan,    nan,    nan,    nan,    nan,    nan,    nan,    nan,    nan,    nan,    nan,    nan,    nan,    nan,    nan,    nan,    nan,    nan,    nan,    nan,    nan,    nan
20201104, 1200,  , TS, 13.8N,  84.9W,  50,  993,  100,   40,   40,   60,   20,    0,    0,   20,    0,    0,    0,    0, -999,    nan,    nan,    nan,    nan,    nan,    nan,    nan,    nan,    nan,    nan,    nan,    nan,    nan,    nan,    nan,    nan,    nan,    nan,    nan,    nan,    nan,    nan,    nan,    nan,    nan,    nan,    nan,    nan,    nan,    nan,    nan
20201104, 1800,  , TS, 13.9N,  85.4W,  40,  998,   80,   30,   30,   40,    0,    0,    0,    0,    0,    0,    0,    0, -999,    nan,    nan,    nan,    nan,    nan,    nan,    nan,    nan,    nan,    nan,    nan,    nan,    nan,    nan,    nan,    nan,    nan,    nan,    nan,    nan,    nan,    nan,    nan,    nan,    nan,    nan,    nan,    nan,    nan,    nan,    nan
20201105, 0000,  , TD, 14.0N,  86.0W,  30, 1002,    0,    0,    0,    0,    0,    0,    0,    0,    0,    0,    0,    0, -999,    nan,    nan,    nan,    nan,    nan,    nan,    nan,    nan,    nan,    nan,    nan,    nan,    nan,    nan,    nan,    nan,    nan,    nan,    nan,    nan,    nan,    nan,    nan,    nan,    nan,    nan,    nan,    nan,    nan,    nan,    nan
20201105, 0600,  , DB, 14.2N,  86.7W,  25, 1006,    0,    0,    0,    0,    0,    0,    0,    0,    0,    0,    0,    0, -999,    nan,    nan,    nan,    nan,    nan,    nan,    nan,    nan,    nan,    nan,    nan,    nan,    nan,    nan,    nan,    nan,    nan,    nan,    nan,    nan,    nan,    nan,    nan,    nan,    nan,    nan,    nan,    nan,    nan,    nan,    nan
20201105, 1200,  , DB, 14.5N,  87.5W,  25, 1005,    0,    0,    0,    0,    0,    0,    0,    0,    0,    0,    0,    0, -999,    nan,    nan,    nan,    nan,    nan,    nan,    nan,    nan,    nan,    nan,    nan,    nan,    nan,    nan,    nan,    nan,    nan,    nan,    nan,    nan,    nan,    nan,    nan,    nan,    nan,    nan,    nan,    nan,    nan,    nan,    nan
20201105, 1800,  , DB, 15.3N,  87.8W,  30, 1005,    0,    0,    0,    0,    0,    0,    0,    0,    0,    0,    0,    0, -999,    nan,    nan,    nan,    nan,    nan,    nan,    nan,    nan,    nan,    nan,    nan,    nan,    nan,    nan,    nan,    nan,    nan,    nan,    nan,    nan,    nan,    nan,    nan,    nan,    nan,    nan,    nan,    nan,    nan,    nan,    nan
20201106, 0000,  , DB, 16.2N,  87.8W,  30, 1004,    0,    0,    0,    0,    0,    0,    0,    0,    0,    0,    0,    0, -999,  29.17,  29.20,  29.20,  29.17,  29.15,  29.13,  29.18,  29.22,  29.20,  29.09,  29.01,  28.99,  28.96,  29.00,  29.18,  29.21,  28.74,  28.70,  28.67,  28.63,  28.54,  28.53,  28.69,  28.66,  28.64,  28.61,  28.58,  28.55,  28.52,  28.48,  28.45
20201106, 0600,  , TD, 16.7N,  87.6W,  30, 1004,    0,    0,    0,    0,    0,    0,    0,    0,    0,    0,    0,    0, -999,  29.39,  29.20,  29.14,  29.19,  29.20,  29.11,  29.19,  29.38,  29.41,  29.25,  29.18,  29.11,  29.08,  29.13,  29.38,  29.40,  28.79,  28.73,  28.65,  28.63,  28.53,  28.52,  28.54,  28.45,  28.51,  28.54,  28.57,  28.54,  28.52,  28.50,  28.48
20201106, 1200,  , TD, 16.9N,  87.4W,  30, 1004,    0,    0,    0,    0,    0,    0,    0,    0,    0,    0,    0,    0, -999,  29.35,  29.17,  29.19,  29.25,  29.22,  28.97,  29.07,  29.34,  29.40,  29.27,  29.21,  29.14,  29.11,  29.16,  29.41,  29.43,  28.81,  28.75,  28.67,  28.62,  28.55,  28.56,  28.58,  28.51,  28.57,  28.60,  28.62,  28.59,  28.57,  28.55,  28.52
20201106, 1800,  , TD, 17.1N,  87.1W,  30, 1004,    0,    0,    0,    0,    0,    0,    0,    0,    0,    0,    0,    0, -999,  29.40,  29.26,  29.37,  29.44,  29.35,  28.93,  29.25,  29.49,  29.52,  29.41,  29.37,  29.27,  29.22,  29.25,  29.47,  29.49,  28.82,  28.75,  28.67,  28.58,  28.53,  28.53,  28.56,  28.53,  28.60,  28.65,  28.72,  28.82,  28.80,  28.75,  28.70
20201107, 0000,  , TD, 17.5N,  86.4W,  30, 1002,    0,    0,    0,    0,    0,    0,    0,    0,    0,    0,    0,    0, -999,  29.51,  29.58,  29.59,  29.22,  28.19,  29.04,  29.32,  29.31,  29.30,  29.30,  29.20,  29.16,  29.17,  29.35,  29.36,  28.68,  28.76,  28.75,  28.64,  28.63,  28.59,  28.62,  28.57,  28.63,  28.71,  28.79,  28.95,  28.96,  28.91,  28.87,  28.57
20201107, 0600,  , TS, 18.2N,  85.1W,  35, 1001,    0,   50,    0,    0,    0,    0,    0,    0,    0,    0,    0,    0, -999,  29.60,  29.75,  29.76,  29.54,  29.00,  29.44,  29.56,  29.50,  29.46,  29.44,  29.38,  29.34,  29.30,  29.25,  29.21,  28.45,  28.51,  28.57,  28.52,  28.55,  28.52,  28.65,  28.73,  28.72,  28.71,  28.67,  28.63,  28.64,  28.61,  28.55,  28.19
20201107, 1200,  , TS, 19.1N,  83.2W,  45,  997,    0,   50,    0,    0,    0,    0,    0,    0,    0,    0,    0,    0, -999,  29.70,  29.95,  29.96,  29.86,  29.50,  29.13,  29.06,  29.18,  29.41,  29.45,  29.45,  29.38,  29.33,  29.27,  29.33,  29.07,  28.73,  28.80,  28.76,  28.59,  28.63,  28.79,  28.93,  28.81,  28.73,  28.77,  28.93,  29.12,  29.14,  29.09,  28.52
20201107, 1800,  , TS, 19.8N,  81.5W,  55,  994,   50,   80,   20,   40,   20,   20,    0,   20,    0,    0,    0,    0, -999,  29.49,  29.43,  29.16,  28.87,  29.02,  28.96,  29.29,  29.40,  29.54,  29.51,  29.47,  29.35,  29.32,  29.42,  29.61,  29.62,  28.84,  28.81,  28.84,  28.85,  29.04,  29.01,  28.93,  28.86,  28.81,  28.74,  28.75,  28.61,  28.68,  28.84,  28.47
20201108, 0000,  , TS, 20.4N,  80.2W,  55,  991,   90,  100,   30,   50,   50,   50,   10,   20,    0,    0,    0,    0, -999,  29.51,  29.39,  29.43,  29.25,  29.15,  29.31,  29.37,  29.52,  29.55,  29.55,  29.50,  29.46,  29.42,  29.37,  29.37,  28.72,  28.69,  28.78,  28.87,  28.83,  28.83,  28.76,  28.73,  28.73,  28.65,  28.61,  28.50,  28.37,  28.29,  28.37,  28.33
20201108, 0600,  , TS, 21.1N,  79.5W,  55,  991,  120,  100,   30,   80,   50,   50,   10,   30,    0,    0,    0,    0, -999,  29.89,  29.83,  29.77,  29.21,  29.04,  29.28,  29.36,  29.43,  29.38,  29.35,  29.31,  29.26,  29.21,  29.17,  29.12,  28.78,  28.84,  28.91,  29.00,  28.61,  28.31,  28.17,  28.14,  28.15,  28.10,  28.07,  27.74,  27.58,  27.53,  27.52,  27.43
20201108, 0855, L, TS, 21.5N,  79.2W,  55,  991,  100,  100,   30,   80,   50,   50,   10,   30,    0,    0,    0,    0, -999,  29.93,  29.86,  29.80,  29.23,  29.03,  29.17,  29.16,  29.20,  29.13,  29.11,  29.08,  29.04,  29.00,  28.98,  28.95,  28.75,  28.79,  28.89,  28.88,  28.53,  28.10,  27.82,  27.71,  27.71,  27.68,  27.68,  27.25,  27.03,  26.90,  26.88,  26.80
20201108, 1200,  , TS, 22.2N,  79.0W,  50,  993,  140,  100,   30,  120,   40,   40,    0,   30,    0,    0,    0,    0, -999,    nan,    nan,    nan,    nan,    nan,    nan,    nan,    nan,    nan,    nan,    nan,    nan,    nan,    nan,    nan,    nan,    nan,    nan,    nan,    nan,    nan,    nan,    nan,    nan,    nan,    nan,    nan,    nan,    nan,    nan,    nan
20201108, 1800,  , TS, 23.5N,  79.2W,  55,  993,  180,  100,   30,  140,   40,   40,    0,   30,    0,    0,    0,    0, -999,  29.10,  29.04,  28.61,  28.36,  28.48,  28.59,  28.73,  28.77,  28.68,  28.44,  28.38,  28.82,  28.59,  28.39,  28.32,  27.63,  27.93,  28.16,  27.98,  27.74,  27.70,  27.62,  27.58,  27.55,  27.44,  27.36,  26.51,  26.54,  26.48,  26.71,  26.72
20201109, 0000,  , TS, 24.5N,  80.1W,  55,  993,  220,  100,   30,  140,   40,   40,    0,   30,    0,    0,    0,    0, -999,  28.54,  28.67,  28.47,  28.40,  28.39,  28.59,  28.84,  28.81,  28.74,  28.71,  28.86,  28.67,  28.67,  28.93,  28.84,  28.09,  27.99,  28.08,  28.19,  27.81,  27.82,  27.77,  27.62,  27.55,  27.46,  27.45,  27.32,  27.22,  26.80,  26.76,  26.96
20201109, 0400, L, TS, 24.9N,  80.7W,  55,  993,  220,  100,   30,  140,   40,   40,    0,   30,    0,    0,    0,    0, -999,  27.82,  27.89,  27.80,  27.70,  27.81,  28.14,  28.48,  28.54,  28.49,  28.42,  28.13,  27.79,  27.63,  27.67,  27.61,  27.23,  27.42,  27.63,  27.94,  27.26,  27.21,  27.25,  27.18,  27.16,  26.65,  26.34,  26.12,  25.99,  25.97,  25.87,  25.97
20201109, 0600,  , TS, 25.0N,  81.4W,  55,  992,  160,   60,   30,  140,   40,   40,    0,   30,    0,    0,    0,    0, -999,  27.23,  27.12,  27.14,  27.28,  27.59,  27.84,  28.13,  28.24,  28.17,  27.36,  26.15,  25.87,  25.85,  25.98,  26.06,  25.85,  25.80,  25.86,  26.19,  25.88,  25.90,  26.16,  26.23,  26.26,  25.06,  24.30,  24.00,  23.66,  23.63,  23.69,  23.70
20201109, 1200,  , TS, 24.9N,  82.9W,  50,  992,  140,   40,   30,  120,   30,   20,    0,   10,    0,    0,    0,    0, -999,  28.11,  28.02,  28.29,  28.35,  28.20,  28.14,  28.14,  28.26,  28.20,  27.82,  27.55,  27.45,  27.43,  27.40,  27.35,  27.29,  27.28,  27.26,  27.19,  27.14,  27.11,  27.17,  27.21,  27.04,  26.82,  26.57,  26.13,  25.17,  25.68,  25.71,  25.53
20201109, 1800,  , TS, 24.2N,  84.1W,  45,  995,  120,   40,   30,  100,    0,    0,    0,    0,    0,    0,    0,    0, -999,  28.62,  28.72,  28.85,  28.97,  28.94,  28.98,  28.89,  29.00,  29.03,  28.83,  28.77,  28.69,  28.38,  28.19,  28.10,  28.05,  28.03,  27.90,  28.04,  28.08,  28.18,  28.24,  28.25,  28.19,  28.28,  28.15,  27.87,  27.79,  27.53,  27.53,  27.50
20201110, 0000,  , TS, 23.4N,  85.0W,  45,  995,   80,   30,   40,   60,    0,    0,    0,    0,    0,    0,    0,    0, -999,  29.07,  29.12,  29.00,  29.04,  29.01,  28.84,  28.80,  28.81,  28.67,  28.63,  28.61,  28.60,  28.39,  28.34,  28.44,  28.47,  27.96,  28.12,  28.20,  28.15,  28.10,  28.04,  28.12,  28.12,  28.11,  27.76,  27.60,  27.75,  27.82,  27.77,  27.68
20201110, 0600,  , TS, 23.0N,  85.4W,  45,  995,   80,   30,   40,   40,    0,    0,    0,    0,    0,    0,    0,    0, -999,  29.23,  29.32,  29.16,  29.21,  29.17,  29.00,  28.87,  28.89,  28.73,  28.70,  28.63,  28.77,  28.51,  28.45,  28.49,  28.50,  27.94,  28.08,  28.17,  28.12,  27.97,  27.97,  28.14,  28.14,  28.16,  27.95,  27.84,  27.87,  27.97,  27.92,  27.82
20201110, 1200,  , TS, 22.6N,  85.3W,  50,  992,   80,   40,   40,   40,   20,   20,    0,    0,    0,    0,    0,    0, -999,  29.24,  29.33,  29.15,  29.15,  29.10,  28.94,  28.81,  28.82,  28.69,  28.66,  28.68,  28.89,  28.60,  28.55,  28.57,  28.57,  28.08,  28.23,  28.22,  28.19,  28.13,  28.20,  28.33,  28.23,  28.24,  28.19,  28.17,  28.02,  27.97,  27.85,  27.62
20201110, 1800,  , TS, 22.9N,  85.1W,  50,  992,   80,   60,   40,   40,   20,   20,    0,    0,    0,    0,    0,    0, -999,  29.21,  29.28,  29.10,  29.10,  29.04,  28.84,  28.75,  28.78,  28.64,  28.65,  28.67,  28.82,  28.54,  28.47,  28.48,  28.50,  28.00,  28.12,  28.13,  28.12,  28.02,  28.06,  28.22,  28.16,  28.16,  27.97,  27.90,  27.81,  27.84,  27.77,  27.62
20201111, 0000,  , TS, 23.5N,  84.6W,  55,  990,  100,  100,   40,   20,   40,   20,    0,    0,    0,    0,    0,    0, -999,  29.11,  28.94,  28.95,  28.90,  28.76,  28.82,  28.84,  28.77,  28.89,  28.93,  28.67,  28.33,  28.28,  28.31,  28.32,  27.97,  28.19,  28.25,  28.24,  28.21,  28.10,  28.06,  28.10,  28.02,  27.62,  27.52,  27.57,  27.52,  27.41,  27.28,  27.31
20201111, 0600,  , TS, 24.5N,  84.2W,  60,  987,  100,  100,   40,   40,   60,   30,    0,    0,    0,    0,    0,    0, -999,  28.52,  28.61,  28.63,  28.55,  28.41,  28.51,  28.58,  28.49,  28.42,  28.36,  28.19,  28.00,  27.95,  27.95,  27.94,  27.74,  27.89,  27.93,  27.94,  28.08,  28.22,  28.05,  28.04,  27.91,  27.73,  27.49,  27.21,  27.15,  27.17,  27.20,  26.91
20201111, 1200,  , HU, 25.8N,  83.9W,  65,  983,  100,  100,   40,   40,   70,   50,    0,    0,   50,    0,    0,    0, -999,  28.20,  28.24,  28.13,  28.07,  27.96,  27.84,  27.82,  27.69,  27.17,  26.99,  27.07,  27.15,  27.13,  27.06,  27.08,  26.76,  26.66,  26.72,  26.75,  26.86,  26.99,  26.87,  26.59,  26.49,  26.43,  26.02,  25.85,  25.74,  25.68,  25.78,  25.96
20201111, 1800,  , TS, 26.8N,  83.7W,  60,  990,  100,  100,   30,   90,   40,   40,    0,    0,    0,    0,    0,    0, -999,  27.99,  28.01,  27.91,  27.77,  27.63,  27.55,  27.39,  27.32,  27.09,  26.88,  26.94,  27.00,  27.12,  27.01,  26.94,  26.88,  26.73,  26.55,  26.54,  26.62,  26.68,  26.58,  26.21,  25.96,  25.58,  25.41,  25.19,  25.12,  25.12,  25.21,  25.32
20201112, 0000,  , TS, 27.9N,  83.5W,  55,  992,  100,  100,   30,   90,   40,   40,    0,    0,    0,    0,    0,    0, -999,  27.57,  27.54,  27.38,  27.13,  27.06,  26.68,  26.25,  25.83,  25.56,  25.48,  25.47,  25.49,  25.61,  25.75,  25.70,  25.42,  25.36,  25.31,  25.48,  25.69,  25.28,  24.69,  24.21,  23.81,  23.73,  23.67,  23.47,  23.22,  22.99,  23.09,  23.35
20201112, 0600,  , TS, 28.7N,  83.2W,  50,  994,   90,  100,   20,   60,   30,   30,    0,    0,    0,    0,    0,    0, -999,  26.69,  26.69,  26.55,  26.24,  26.12,  25.75,  24.87,  24.32,  24.13,  24.18,  24.24,  24.19,  24.21,  24.24,  24.37,  24.11,  23.89,  23.93,  23.99,  24.14,  23.73,  22.77,  22.13,  21.78,  21.81,  21.76,  21.69,  21.53,  21.43,  21.66,  22.00
20201112, 0920, L, TS, 29.2N,  82.9W,  45,  996,   60,  100,   40,   60,    0,    0,    0,    0,    0,    0,    0,    0, -999,  26.34,  26.32,  26.18,  25.71,  25.38,  25.26,  23.92,  23.12,  22.65,  22.66,  22.89,  22.87,  22.96,  23.07,  23.21,  23.29,  23.15,  23.08,  23.19,  23.31,  23.21,  21.93,  21.21,  20.69,  20.47,  20.49,  20.21,  19.88,  19.82,  20.15,  20.60
20201112, 1200,  , TS, 29.7N,  82.5W,  40, 1001,   60,  100,   40,   60,    0,    0,    0,    0,    0,    0,    0,    0, -999,    nan,    nan,    nan,    nan,    nan,    nan,    nan,    nan,    nan,    nan,    nan,    nan,    nan,    nan,    nan,    nan,    nan,    nan,    nan,    nan,    nan,    nan,    nan,    nan,    nan,    nan,    nan,    nan,    nan,    nan,    nan
20201112, 1800,  , TS, 30.9N,  81.3W,  35, 1003,   60,  100,   20,   60,    0,    0,    0,    0,    0,    0,    0,    0, -999,  25.17,  25.34,  25.27,  25.08,  24.54,  24.08,  23.49,  22.98,  22.47,  22.20,  22.32,  22.45,  22.48,  22.63,  22.77,  22.84,  22.81,  22.78,  22.77,  22.82,  22.62,  22.36,  21.70,  20.79,  20.56,  20.70,  20.64,  20.35,  20.27,  20.39,  20.45
20201113, 0000,  , TS, 31.9N,  79.9W,  40, 1004,   60,  100,    0,   60,    0,    0,    0,    0,    0,    0,    0,    0, -999,  26.30,  26.13,  25.87,  25.77,  25.80,  25.56,  25.03,  24.80,  24.90,  24.77,  25.08,  25.21,  25.20,  25.39,  25.36,  25.08,  25.15,  25.27,  25.22,  25.10,  24.96,  24.60,  24.05,  24.00,  23.80,  23.62,  23.49,  23.23,  23.13,  23.02,  23.24
20201113, 0600,  , TS, 32.7N,  78.0W,  40, 1004,   60,  100,    0,   60,    0,    0,    0,    0,    0,    0,    0,    0, -999,  27.94,  27.80,  27.71,  27.03,  26.95,  26.67,  26.21,  25.97,  26.04,  26.21,  26.30,  26.09,  25.98,  26.03,  26.30,  26.03,  25.98,  25.72,  25.61,  25.57,  25.42,  25.03,  24.75,  24.86,  24.75,  24.55,  24.60,  24.74,  24.40,  24.00,  24.66
20201113, 1200,  , EX, 34.0N,  75.3W,  40, 1004,   60,  100,    0,   60,    0,    0,    0,    0,    0,    0,    0,    0, -999,  27.97,  27.78,  27.34,  27.37,  27.34,  27.12,  27.06,  26.94,  26.71,  26.89,  26.83,  27.04,  27.21,  27.33,  27.13,  26.46,  26.32,  26.28,  26.20,  26.41,  26.31,  25.62,  24.90,  24.73,  24.52,  24.51,  24.65,  24.80,  24.96,  25.28,  25.52
20201113, 1800,  , EX, 35.1N,  72.5W,  40, 1005,   60,  100,    0,   60,    0,    0,    0,    0,    0,    0,    0,    0, -999,  25.37,  25.31,  24.88,  24.63,  24.39,  24.22,  24.10,  24.02,  23.84,  23.84,  23.88,  23.98,  24.20,  24.32,  24.51,  24.55,  24.14,  24.09,  24.08,  23.98,  23.86,  23.67,  23.24,  23.15,  23.17,  23.39,  23.47,  23.29,  23.26,  23.35,  23.33
20201114, 0000,  , EX, 35.7N,  69.2W,  35, 1006,   60,  100,    0,   60,    0,    0,    0,    0,    0,    0,    0,    0, -999,  25.33,  25.29,  25.22,  25.14,  24.98,  24.72,  24.47,  24.32,  24.14,  24.17,  24.20,  24.18,  24.15,  24.20,  24.17,  24.20,  23.96,  24.40,  24.57,  24.57,  24.27,  24.10,  23.58,  23.51,  23.43,  23.43,  23.08,  22.88,  23.24,  23.31,  23.12
