IO012015,            ASHOBAA,     27,
20150606, 0600,  , TD, 13.1N,  68.5E,  25, 1004,    0,    0,    0,    0,    0,    0,    0,    0,    0,    0,    0,    0, -999
20150606, 1200,  , TD, 13.8N,  68.6E,  25, 1004,    0,    0,    0,    0,    0,    0,    0,    0,    0,    0,    0,    0, -999
20150606, 1800,  , TD, 14.5N,  68.6E,  25, 1004,    0,    0,    0,    0,    0,    0,    0,    0,    0,    0,    0,    0, -999
20150607, 0000,  , TD, 15.2N,  68.6E,  30, 1000,    0,    0,    0,    0,    0,    0,    0,    0,    0,    0,    0,    0, -999
20150607, 0600,  , TS, 15.7N,  68.5E,  40,  993,    0,    0,    0,    0,    0,    0,    0,    0,    0,    0,    0,    0, -999
20150607, 1200,  , TS, 16.4N,  68.5E,  40,  993,    0,    0,    0,    0,    0,    0,    0,    0,    0,    0,    0,    0, -999
20150607, 1800,  , TS, 17.2N,  68.5E,  40,  993,   70,   60,   60,   70,    0,    0,    0,    0,    0,    0,    0,    0, -999
20150607, 2100,  , TS, 17.5N,  68.3E,  40,  993,   70,   60,   60,   70,    0,    0,    0,    0,    0,    0,    0,    0, -999
20150608, 0000,  , TS, 17.9N,  67.6E,  40,  993,   70,   60,   60,   70,    0,    0,    0,    0,    0,    0,    0,    0, -999
20150608, 0600,  , TS, 18.1N,  66.8E,  45,  989,   55,   60,   65,   70,    0,    0,    0,    0,    0,    0,    0,    0, -999
20150608, 1200,  , TS, 18.8N,  66.3E,  45,  989,   55,   60,   65,   70,    0,    0,    0,    0,    0,    0,    0,    0, -999
20150608, 1800,  , TS, 19.4N,  65.7E,  50,  985,   70,   90,   90,   70,    0,    0,    0,    0,    0,    0,    0,    0, -999
20150609, 0000,  , TS, 20.2N,  65.1E,  50,  985,   70,   90,   90,   70,    0,    0,    0,    0,    0,    0,    0,    0, -999
20150609, 0600,  , TS, 20.6N,  64.1E,  50,  985,   70,   90,   90,   70,   30,   30,   30,   30,    0,    0,    0,    0, -999
20150609, 1200,  , TS, 20.9N,  63.5E,  50,  985,   70,   90,   90,   70,    0,    0,    0,    0,    0,    0,    0,    0, -999
20150609, 1800,  , TS, 21.0N,  62.7E,  55,  982,   70,   90,   90,   70,   30,   30,   30,   30,    0,    0,    0,    0, -999
20150610, 0000,  , TS, 21.0N,  61.9E,  55,  982,   70,   90,   90,   70,   30,   30,   30,   30,    0,    0,    0,    0, -999
20150610, 0600,  , TS, 20.9N,  61.6E,  55,  982,   60,   70,   80,   65,   25,   25,   25,   25,    0,    0,    0,    0, -999
20150610, 1200,  , TS, 20.8N,  61.4E,  50,  985,   60,   70,   80,   65,   25,   25,   25,   25,    0,    0,    0,    0, -999
20150610, 1800,  , TS, 20.6N,  61.4E,  45,  989,   60,   70,   80,   65,    0,    0,    0,    0,    0,    0,    0,    0, -999
20150610, 2100,  , TS, 20.7N,  61.5E,  45,  989,   60,   70,   80,   65,    0,    0,    0,    0,    0,    0,    0,    0, -999
20150611, 0000,  , TS, 20.8N,  61.0E,  45,  989,   60,   70,   80,   65,    0,    0,    0,    0,    0,    0,    0,    0, -999
20150611, 0600,  , TS, 20.8N,  60.6E,  45,  989,   60,   70,   80,   80,    0,    0,    0,    0,    0,    0,    0,    0, -999
20150611, 1200,  , TS, 20.8N,  60.3E,  40,  993,   55,   70,   75,   75,    0,    0,    0,    0,    0,    0,    0,    0, -999
20150611, 1800,  , TS, 20.8N,  60.1E,  35,  996,   55,   70,   75,   75,    0,    0,    0,    0,    0,    0,    0,    0, -999
20150612, 0000,  , TS, 20.8N,  60.0E,  35,  996,   55,   70,   75,   75,    0,    0,    0,    0,    0,    0,    0,    0, -999
20150612, 0600,  , TD, 20.7N,  59.8E,  30, 1000,    0,    0,    0,    0,    0,    0,    0,    0,    0,    0,    0,    0, -999
