IO011962,            UNNAMED,     10,
19620527, 1800,  , LO, 16.9N,  64.5E, -999,    0,    0,    0,    0,    0,    0,    0,    0,    0,    0,    0,    0,    0, -999
19620528, 0000,  , LO, 16.9N,  64.3E, -999,    0,    0,    0,    0,    0,    0,    0,    0,    0,    0,    0,    0,    0, -999
19620528, 0600,  , LO, 17.1N,  63.4E, -999,    0,    0,    0,    0,    0,    0,    0,    0,    0,    0,    0,    0,    0, -999
19620528, 1200,  , LO, 17.5N,  62.4E, -999,    0,    0,    0,    0,    0,    0,    0,    0,    0,    0,    0,    0,    0, -999
19620528, 1800,  , LO, 17.7N,  61.4E, -999,    0,    0,    0,    0,    0,    0,    0,    0,    0,    0,    0,    0,    0, -999
19620529, 0000,  , LO, 18.0N,  60.3E, -999,    0,    0,    0,    0,    0,    0,    0,    0,    0,    0,    0,    0,    0, -999
19620529, 0600,  , LO, 18.2N,  59.6E, -999,    0,    0,    0,    0,    0,    0,    0,    0,    0,    0,    0,    0,    0, -999
19620529, 1200,  , LO, 18.2N,  59.3E, -999,    0,    0,    0,    0,    0,    0,    0,    0,    0,    0,    0,    0,    0, -999
19620529, 1800,  , LO, 18.4N,  58.9E, -999,    0,    0,    0,    0,    0,    0,    0,    0,    0,    0,    0,    0,    0, -999
19620530, 0000,  , LO, 18.5N,  58.5E, -999,    0,    0,    0,    0,    0,    0,    0,    0,    0,    0,    0,    0,    0, -999
