IO012003,            UNNAMED,     46,
20030508, 1200,  , TD,  5.0N,  91.3E,  15, 1006,    0,    0,    0,    0,    0,    0,    0,    0,    0,    0,    0,    0, -999
20030508, 1800,  , TD,  4.8N,  91.2E,  20, 1004,    0,    0,    0,    0,    0,    0,    0,    0,    0,    0,    0,    0, -999
20030509, 0000,  , TD,  4.5N,  91.1E,  20, 1004,    0,    0,    0,    0,    0,    0,    0,    0,    0,    0,    0,    0, -999
20030509, 0600,  , TD,  4.2N,  91.0E,  25, 1002,    0,    0,    0,    0,    0,    0,    0,    0,    0,    0,    0,    0, -999
20030509, 1200,  , TD,  4.4N,  90.7E,  25, 1002,    0,    0,    0,    0,    0,    0,    0,    0,    0,    0,    0,    0, -999
20030509, 1800,  , TD,  5.1N,  90.4E,  25, 1002,    0,    0,    0,    0,    0,    0,    0,    0,    0,    0,    0,    0, -999
20030510, 0000,  , TD,  6.0N,  90.2E,  25, 1002,    0,    0,    0,    0,    0,    0,    0,    0,    0,    0,    0,    0, -999
20030510, 0600,  , TD,  6.9N,  89.9E,  25, 1002,    0,    0,    0,    0,    0,    0,    0,    0,    0,    0,    0,    0, -999
20030510, 1200,  , TD,  7.8N,  89.5E,  30, 1000,    0,    0,    0,    0,    0,    0,    0,    0,    0,    0,    0,    0, -999
20030510, 1800,  , TS,  8.7N,  88.7E,  35,  997,   60,   60,   60,   60,    0,    0,    0,    0,    0,    0,    0,    0, -999
20030511, 0000,  , TS,  9.6N,  88.0E,  45,  991,   70,   70,   70,   70,    0,    0,    0,    0,    0,    0,    0,    0, -999
20030511, 0600,  , TS, 10.4N,  87.4E,  55,  984,  110,  110,  130,  130,    0,    0,    0,    0,    0,    0,    0,    0, -999
20030511, 1200,  , TS, 10.6N,  86.8E,  60,  980,  110,   80,  130,  130,    0,    0,    0,    0,    0,    0,    0,    0, -999
20030511, 1800,  , TS, 10.7N,  86.3E,  60,  980,  100,   80,  100,  110,    0,    0,    0,    0,    0,    0,    0,    0, -999
20030512, 0000,  , TS, 10.4N,  86.4E,  60,  980,  100,   70,  100,  110,    0,    0,    0,    0,    0,    0,    0,    0, -999
20030512, 0600,  , TS, 10.9N,  86.4E,  55,  984,   90,   70,  110,  115,    0,    0,    0,    0,    0,    0,    0,    0, -999
20030512, 1200,  , TS, 11.3N,  86.7E,  55,  984,   80,   70,  120,  120,    0,    0,    0,    0,    0,    0,    0,    0, -999
20030512, 1800,  , TS, 11.8N,  86.8E,  55,  984,   80,   80,  120,  120,    0,    0,    0,    0,    0,    0,    0,    0, -999
20030513, 0000,  , TS, 12.3N,  86.4E,  55,  984,   80,   80,  120,  120,    0,    0,    0,    0,    0,    0,    0,    0, -999
20030513, 0600,  , TS, 12.6N,  86.1E,  55,  984,   80,   80,  120,  120,    0,    0,    0,    0,    0,    0,    0,    0, -999
20030513, 1200,  , TS, 12.9N,  86.0E,  50,  987,   80,   80,  120,  120,    0,    0,    0,    0,    0,    0,    0,    0, -999
20030513, 1800,  , TS, 13.2N,  85.9E,  55,  984,   60,   60,  120,  120,    0,    0,    0,    0,    0,    0,    0,    0, -999
20030514, 0000,  , TS, 13.7N,  85.9E,  45,  991,   60,   60,  120,  120,    0,    0,    0,    0,    0,    0,    0,    0, -999
20030514, 0600,  , TS, 14.2N,  86.0E,  45,  991,   60,   60,  120,  120,    0,    0,    0,    0,    0,    0,    0,    0, -999
20030514, 1200,  , TS, 14.5N,  86.4E,  40,  994,   60,   60,  120,  120,    0,    0,    0,    0,    0,    0,    0,    0, -999
20030514, 1800,  , TS, 14.7N,  86.7E,  35,  997,   50,   50,   50,   50,    0,    0,    0,    0,    0,    0,    0,    0, -999
20030515, 0000,  , TS, 14.8N,  86.3E,  35,  997,   50,   50,   50,   50,    0,    0,    0,    0,    0,    0,    0,    0, -999
20030515, 0600,  , TS, 14.4N,  86.2E,  35,  997,   50,   50,   50,   50,    0,    0,    0,    0,    0,    0,    0,    0, -999
20030515, 1200,  , TS, 14.3N,  86.5E,  35,  997,   50,   50,   50,   50,    0,    0,    0,    0,    0,    0,    0,    0, -999
20030515, 1800,  , TS, 14.4N,  86.8E,  35,  997,   50,   50,   50,   50,    0,    0,    0,    0,    0,    0,    0,    0, -999
20030516, 0000,  , TS, 14.5N,  87.1E,  40,  994,   50,   50,   50,   50,    0,    0,    0,    0,    0,    0,    0,    0, -999
20030516, 0600,  , TS, 14.2N,  87.1E,  45,  991,   50,   50,   50,   50,    0,    0,    0,    0,    0,    0,    0,    0, -999
20030516, 1200,  , TS, 14.1N,  86.8E,  45,  991,   50,   50,   50,   50,    0,    0,    0,    0,    0,    0,    0,    0, -999
20030516, 1800,  , TS, 13.7N,  86.8E,  40,  994,   40,   40,   50,   50,    0,    0,    0,    0,    0,    0,    0,    0, -999
20030517, 0000,  , TS, 13.3N,  87.4E,  40,  994,   40,   40,   50,   50,    0,    0,    0,    0,    0,    0,    0,    0, -999
20030517, 0600,  , TS, 13.1N,  88.3E,  40,  994,   45,  100,  100,   45,    0,    0,    0,    0,    0,    0,    0,    0, -999
20030517, 1200,  , TS, 13.3N,  89.3E,  40,  994,   45,  100,  100,   45,    0,    0,    0,    0,    0,    0,    0,    0, -999
20030517, 1800,  , TD, 13.7N,  90.2E,  30, 1000,    0,    0,    0,    0,    0,    0,    0,    0,    0,    0,    0,    0, -999
20030518, 0000,  , TD, 14.3N,  91.0E,  30, 1000,    0,    0,    0,    0,    0,    0,    0,    0,    0,    0,    0,    0, -999
20030518, 0600,  , TD, 15.2N,  91.5E,  30, 1000,    0,    0,    0,    0,    0,    0,    0,    0,    0,    0,    0,    0, -999
20030518, 1200,  , TD, 15.9N,  92.3E,  30, 1000,    0,    0,    0,    0,    0,    0,    0,    0,    0,    0,    0,    0, -999
20030518, 1800,  , TD, 16.7N,  93.0E,  30, 1000,    0,    0,    0,    0,    0,    0,    0,    0,    0,    0,    0,    0, -999
20030519, 0000,  , TS, 17.5N,  93.2E,  35,  997,   60,   60,   90,   90,    0,    0,    0,    0,    0,    0,    0,    0, -999
20030519, 0600,  , TS, 18.3N,  93.3E,  45,  991,   60,   60,   90,   90,    0,    0,    0,    0,    0,    0,    0,    0, -999
20030519, 1200,  , TS, 19.0N,  93.7E,  45,  991,   60,   60,   90,   90,    0,    0,    0,    0,    0,    0,    0,    0, -999
20030519, 1800,  , TS, 19.9N,  94.1E,  40,  994,   60,   60,   90,   90,    0,    0,    0,    0,    0,    0,    0,    0, -999
