IO011973,            UNNAMED,     11,
19730526, 0000,  , LO, 11.7N,  61.3E,   0,    0,    0,    0,    0,    0,    0,    0,    0,    0,    0,    0,    0,    0, -999
19730526, 0600,  , LO, 12.2N,  60.1E,   0,    0,    0,    0,    0,    0,    0,    0,    0,    0,    0,    0,    0,    0, -999
19730526, 1200,  , LO, 12.5N,  59.0E,   0,    0,    0,    0,    0,    0,    0,    0,    0,    0,    0,    0,    0,    0, -999
19730526, 1800,  , LO, 12.5N,  58.0E,   0,    0,    0,    0,    0,    0,    0,    0,    0,    0,    0,    0,    0,    0, -999
19730527, 0000,  , LO, 12.5N,  57.0E,   0,    0,    0,    0,    0,    0,    0,    0,    0,    0,    0,    0,    0,    0, -999
19730527, 0600,  , LO, 12.4N,  56.0E,   0,    0,    0,    0,    0,    0,    0,    0,    0,    0,    0,    0,    0,    0, -999
19730527, 1200,  , LO, 12.4N,  55.0E,   0,    0,    0,    0,    0,    0,    0,    0,    0,    0,    0,    0,    0,    0, -999
19730527, 1800,  , LO, 12.4N,  53.8E,   0,    0,    0,    0,    0,    0,    0,    0,    0,    0,    0,    0,    0,    0, -999
19730528, 0000,  , LO, 12.4N,  52.5E,   0,    0,    0,    0,    0,    0,    0,    0,    0,    0,    0,    0,    0,    0, -999
19730528, 0600,  , LO, 12.4N,  51.4E,   0,    0,    0,    0,    0,    0,    0,    0,    0,    0,    0,    0,    0,    0, -999
19730528, 1200,  , LO, 12.4N,  50.5E,   0,    0,    0,    0,    0,    0,    0,    0,    0,    0,    0,    0,    0,    0, -999
