IO011945,            UNNAMED,     10,
19450429, 1800,  , LO, 11.7N,  92.5E, -999,    0,    0,    0,    0,    0,    0,    0,    0,    0,    0,    0,    0,    0, -999
19450430, 0000,  , LO, 11.8N,  92.3E, -999,    0,    0,    0,    0,    0,    0,    0,    0,    0,    0,    0,    0,    0, -999
19450430, 0600,  , LO, 12.2N,  91.7E, -999,    0,    0,    0,    0,    0,    0,    0,    0,    0,    0,    0,    0,    0, -999
19450430, 1200,  , LO, 12.6N,  91.0E, -999,    0,    0,    0,    0,    0,    0,    0,    0,    0,    0,    0,    0,    0, -999
19450430, 1800,  , LO, 13.2N,  90.2E, -999,    0,    0,    0,    0,    0,    0,    0,    0,    0,    0,    0,    0,    0, -999
19450501, 0000,  , LO, 13.8N,  89.3E, -999,    0,    0,    0,    0,    0,    0,    0,    0,    0,    0,    0,    0,    0, -999
19450501, 0600,  , LO, 14.6N,  88.9E, -999,    0,    0,    0,    0,    0,    0,    0,    0,    0,    0,    0,    0,    0, -999
19450501, 1200,  , LO, 15.6N,  89.3E, -999,    0,    0,    0,    0,    0,    0,    0,    0,    0,    0,    0,    0,    0, -999
19450501, 1800,  , LO, 16.4N,  89.9E, -999,    0,    0,    0,    0,    0,    0,    0,    0,    0,    0,    0,    0,    0, -999
19450502, 0000,  , LO, 17.0N,  90.6E, -999,    0,    0,    0,    0,    0,    0,    0,    0,    0,    0,    0,    0,    0, -999
