IO021948,            UNNAMED,     10,
19480402, 1800,  , LO, 12.8N,  93.3E, -999,    0,    0,    0,    0,    0,    0,    0,    0,    0,    0,    0,    0,    0, -999
19480403, 0000,  , LO, 12.9N,  93.8E, -999,    0,    0,    0,    0,    0,    0,    0,    0,    0,    0,    0,    0,    0, -999
19480403, 0600,  , LO, 13.1N,  94.3E, -999,    0,    0,    0,    0,    0,    0,    0,    0,    0,    0,    0,    0,    0, -999
19480403, 1200,  , LO, 13.3N,  94.7E, -999,    0,    0,    0,    0,    0,    0,    0,    0,    0,    0,    0,    0,    0, -999
19480403, 1800,  , LO, 13.5N,  95.0E, -999,    0,    0,    0,    0,    0,    0,    0,    0,    0,    0,    0,    0,    0, -999
19480404, 0000,  , LO, 13.8N,  95.2E, -999,    0,    0,    0,    0,    0,    0,    0,    0,    0,    0,    0,    0,    0, -999
19480404, 0600,  , LO, 14.1N,  95.4E, -999,    0,    0,    0,    0,    0,    0,    0,    0,    0,    0,    0,    0,    0, -999
19480404, 1200,  , LO, 14.4N,  95.6E, -999,    0,    0,    0,    0,    0,    0,    0,    0,    0,    0,    0,    0,    0, -999
19480404, 1800,  , LO, 14.7N,  95.8E, -999,    0,    0,    0,    0,    0,    0,    0,    0,    0,    0,    0,    0,    0, -999
19480405, 0000,  , LO, 14.9N,  95.9E, -999,    0,    0,    0,    0,    0,    0,    0,    0,    0,    0,    0,    0,    0, -999
