IO022012,              NILAM,     20,
20121027, 0600,  , DB, 11.1N,  87.1E,  15, 1010,    0,    0,    0,    0,    0,    0,    0,    0,    0,    0,    0,    0, -999
20121027, 1200,  , DB, 10.7N,  86.8E,  20, 1007,    0,    0,    0,    0,    0,    0,    0,    0,    0,    0,    0,    0, -999
20121027, 1800,  , DB, 10.2N,  86.4E,  20, 1007,    0,    0,    0,    0,    0,    0,    0,    0,    0,    0,    0,    0, -999
20121028, 0000,  , TD, 10.0N,  85.9E,  25, 1004,    0,    0,    0,    0,    0,    0,    0,    0,    0,    0,    0,    0, -999
20121028, 0600,  , TD,  9.8N,  85.4E,  25, 1004,    0,    0,    0,    0,    0,    0,    0,    0,    0,    0,    0,    0, -999
20121028, 1200,  , TD,  9.6N,  84.9E,  25, 1004,    0,    0,    0,    0,    0,    0,    0,    0,    0,    0,    0,    0, -999
20121028, 1800,  , TD,  9.5N,  84.2E,  30, 1000,    0,    0,    0,    0,    0,    0,    0,    0,    0,    0,    0,    0, -999
20121029, 0000,  , TD,  9.7N,  83.4E,  30, 1000,    0,    0,    0,    0,    0,    0,    0,    0,    0,    0,    0,    0, -999
20121029, 0600,  , TD,  9.1N,  82.8E,  30, 1000,    0,    0,    0,    0,    0,    0,    0,    0,    0,    0,    0,    0, -999
20121029, 1200,  , TS,  8.6N,  82.4E,  35,  996,    0,    0,    0,    0,    0,    0,    0,    0,    0,    0,    0,    0, -999
20121029, 1800,  , TS,  8.4N,  83.0E,  40,  993,   50,   50,   50,   50,    0,    0,    0,    0,    0,    0,    0,    0, -999
20121030, 0000,  , TS,  8.6N,  83.5E,  40,  993,   50,   50,   50,   50,    0,    0,    0,    0,    0,    0,    0,    0, -999
20121030, 0600,  , TS,  9.1N,  83.3E,  45,  989,   50,   50,   50,   50,    0,    0,    0,    0,    0,    0,    0,    0, -999
20121030, 1200,  , TS,  9.9N,  83.2E,  45,  989,   50,   50,   50,   50,    0,    0,    0,    0,    0,    0,    0,    0, -999
20121030, 1800,  , TS, 10.8N,  83.0E,  50,  985,   70,   85,   80,   65,    0,    0,    0,    0,    0,    0,    0,    0, -999
20121031, 0000,  , TS, 11.3N,  82.0E,  50,  985,   60,   75,   75,   65,    0,    0,    0,    0,    0,    0,    0,    0, -999
20121031, 0600,  , TS, 11.9N,  81.0E,  50,  985,   65,   75,   75,   65,   20,   20,   20,   20,    0,    0,    0,    0, -999
20121031, 1200,  , TS, 12.7N,  79.8E,  50,  985,   65,   75,   75,   65,   20,   20,   20,   20,    0,    0,    0,    0, -999
20121031, 1800,  , TS, 13.4N,  78.0E,  45,  989,   65,   75,   75,   65,    0,    0,    0,    0,    0,    0,    0,    0, -999
20121101, 0000,  , TS, 14.6N,  76.5E,  35,  996,   65,   75,   75,   65,    0,    0,    0,    0,    0,    0,    0,    0, -999
