IO032013,              THREE,     25,
20131106, 0000,  , DB,  5.6N,  66.4E,  15, 1010,    0,    0,    0,    0,    0,    0,    0,    0,    0,    0,    0,    0, -999
20131106, 0600,  , DB,  6.2N,  65.9E,  20, 1007,    0,    0,    0,    0,    0,    0,    0,    0,    0,    0,    0,    0, -999
20131106, 1200,  , TD,  6.7N,  64.9E,  25, 1004,    0,    0,    0,    0,    0,    0,    0,    0,    0,    0,    0,    0, -999
20131106, 1800,  , DB,  7.5N,  63.6E,  20, 1007,    0,    0,    0,    0,    0,    0,    0,    0,    0,    0,    0,    0, -999
20131107, 0000,  , DB,  7.7N,  62.1E,  20, 1007,    0,    0,    0,    0,    0,    0,    0,    0,    0,    0,    0,    0, -999
20131107, 0600,  , DB,  8.0N,  60.4E,  20, 1007,    0,    0,    0,    0,    0,    0,    0,    0,    0,    0,    0,    0, -999
20131107, 1200,  , DB,  8.3N,  59.0E,  20, 1007,    0,    0,    0,    0,    0,    0,    0,    0,    0,    0,    0,    0, -999
20131107, 1800,  , TD,  8.2N,  57.9E,  25, 1004,    0,    0,    0,    0,    0,    0,    0,    0,    0,    0,    0,    0, -999
20131108, 0000,  , DB,  8.1N,  57.0E,  20, 1007,    0,    0,    0,    0,    0,    0,    0,    0,    0,    0,    0,    0, -999
20131108, 0600,  , TD,  7.9N,  56.1E,  25, 1004,    0,    0,    0,    0,    0,    0,    0,    0,    0,    0,    0,    0, -999
20131108, 1200,  , TS,  8.1N,  55.0E,  35,  996,    0,    0,    0,    0,    0,    0,    0,    0,    0,    0,    0,    0, -999
20131108, 1800,  , TS,  8.0N,  54.0E,  40,  993,    0,    0,    0,    0,    0,    0,    0,    0,    0,    0,    0,    0, -999
20131109, 0000,  , TS,  8.0N,  53.2E,  45,  989,    0,    0,    0,    0,    0,    0,    0,    0,    0,    0,    0,    0, -999
20131109, 0600,  , TS,  8.0N,  52.9E,  35,  996,   55,   50,   50,   65,    0,    0,    0,    0,    0,    0,    0,    0, -999
20131109, 1200,  , TS,  8.0N,  52.6E,  35,  996,   55,   50,   50,   60,    0,    0,    0,    0,    0,    0,    0,    0, -999
20131109, 1800,  , TS,  8.0N,  52.3E,  35,  996,   55,   50,   50,   60,    0,    0,    0,    0,    0,    0,    0,    0, -999
20131110, 0000,  , TS,  8.0N,  52.0E,  35,  996,   55,   50,   50,   60,    0,    0,    0,    0,    0,    0,    0,    0, -999
20131110, 0600,  , TS,  8.0N,  51.6E,  40,  993,   55,   50,   50,   60,    0,    0,    0,    0,    0,    0,    0,    0, -999
20131110, 1200,  , TS,  8.2N,  51.3E,  35,  996,   55,   50,   50,   60,    0,    0,    0,    0,    0,    0,    0,    0, -999
20131110, 1800,  , TS,  8.3N,  50.7E,  35,  996,   55,   50,   50,   60,    0,    0,    0,    0,    0,    0,    0,    0, -999
20131111, 0000,  , TS,  8.6N,  50.1E,  35,  996,   55,   50,   50,   60,    0,    0,    0,    0,    0,    0,    0,    0, -999
20131111, 0600,  , TS,  9.0N,  49.2E,  35,  996,   55,   50,   50,   60,    0,    0,    0,    0,    0,    0,    0,    0, -999
20131111, 1200,  , TD,  9.4N,  48.0E,  30, 1000,    0,    0,    0,    0,    0,    0,    0,    0,    0,    0,    0,    0, -999
20131111, 1800,  , TD,  9.5N,  46.9E,  25, 1004,    0,    0,    0,    0,    0,    0,    0,    0,    0,    0,    0,    0, -999
20131112, 0000,  , TD,  9.8N,  46.0E,  25, 1004,    0,    0,    0,    0,    0,    0,    0,    0,    0,    0,    0,    0, -999
