IO032020,               GATI,     17,
20201120, 1200,  , DB, 11.2N,  62.6E,  20, 1008,    0,    0,    0,    0,    0,    0,    0,    0,    0,    0,    0,    0, -999
20201120, 1800,  , TD, 10.9N,  61.7E,  25, 1006,    0,    0,    0,    0,    0,    0,    0,    0,    0,    0,    0,    0, -999
20201121, 0000,  , TD, 11.3N,  60.6E,  25, 1004,    0,    0,    0,    0,    0,    0,    0,    0,    0,    0,    0,    0, -999
20201121, 0600,  , TS, 11.3N,  58.8E,  35, 1002,    0,    0,    0,    0,    0,    0,    0,    0,    0,    0,    0,    0, -999
20201121, 1200,  , TD, 11.3N,  57.1E,  30, 1003,    0,    0,    0,    0,    0,    0,    0,    0,    0,    0,    0,    0, -999
20201121, 1800,  , TS, 10.8N,  55.4E,  35, 1005,   30,   20,   20,   40,    0,    0,    0,    0,    0,    0,    0,    0, -999
20201122, 0000,  , TS, 10.6N,  53.8E,  60,  992,   40,   25,   25,   35,   20,   15,   20,   30,    0,    0,    0,    0, -999
20201122, 0600,  , HU, 10.4N,  52.5E, 100,  967,   25,   25,   25,   30,   20,   20,   20,   25,   10,   10,   10,   10, -999
20201122, 1200,  , HU, 10.4N,  51.5E,  90,  974,   30,   30,   30,   30,   25,   25,   25,   25,   15,   15,   10,   10, -999
20201122, 1800,  , HU, 10.4N,  50.6E,  65,  992,   30,   30,   30,   30,   25,   20,   20,   20,    0,    0,    0,    0, -999
20201123, 0000,  , TS, 10.8N,  49.9E,  50, 1000,   30,   30,   25,   35,    0,    0,    0,    0,    0,    0,    0,    0, -999
20201123, 0600,  , TS, 11.3N,  49.3E,  40, 1005,   30,   30,   30,   40,    0,    0,    0,    0,    0,    0,    0,    0, -999
20201123, 1200,  , TS, 11.6N,  48.6E,  35, 1005,   30,   25,   20,   40,    0,    0,    0,    0,    0,    0,    0,    0, -999
20201123, 1800,  , TD, 11.9N,  47.5E,  30, 1007,    0,    0,    0,    0,    0,    0,    0,    0,    0,    0,    0,    0, -999
20201124, 0000,  , TD, 11.4N,  46.7E,  25, 1009,    0,    0,    0,    0,    0,    0,    0,    0,    0,    0,    0,    0, -999
20201124, 0600,  , TD, 10.9N,  46.5E,  25, 1011,    0,    0,    0,    0,    0,    0,    0,    0,    0,    0,    0,    0, -999
20201124, 1200,  , DB, 10.4N,  46.3E,  15, 1013,    0,    0,    0,    0,    0,    0,    0,    0,    0,    0,    0,    0, -999
