IO031948,            UNNAMED,     10,
19480515, 1800,  , LO, 14.6N,  93.2E, -999,    0,    0,    0,    0,    0,    0,    0,    0,    0,    0,    0,    0,    0, -999
19480516, 0000,  , LO, 15.0N,  94.1E, -999,    0,    0,    0,    0,    0,    0,    0,    0,    0,    0,    0,    0,    0, -999
19480516, 0600,  , LO, 15.8N,  94.8E, -999,    0,    0,    0,    0,    0,    0,    0,    0,    0,    0,    0,    0,    0, -999
19480516, 1200,  , LO, 16.7N,  94.9E, -999,    0,    0,    0,    0,    0,    0,    0,    0,    0,    0,    0,    0,    0, -999
19480516, 1800,  , LO, 17.6N,  94.4E, -999,    0,    0,    0,    0,    0,    0,    0,    0,    0,    0,    0,    0,    0, -999
19480517, 0000,  , LO, 18.5N,  93.4E, -999,    0,    0,    0,    0,    0,    0,    0,    0,    0,    0,    0,    0,    0, -999
19480517, 0600,  , LO, 19.1N,  92.9E, -999,    0,    0,    0,    0,    0,    0,    0,    0,    0,    0,    0,    0,    0, -999
19480517, 1200,  , LO, 19.6N,  92.6E, -999,    0,    0,    0,    0,    0,    0,    0,    0,    0,    0,    0,    0,    0, -999
19480517, 1800,  , LO, 20.0N,  92.4E, -999,    0,    0,    0,    0,    0,    0,    0,    0,    0,    0,    0,    0,    0, -999
19480518, 0000,  , LO, 20.5N,  92.1E, -999,    0,    0,    0,    0,    0,    0,    0,    0,    0,    0,    0,    0,    0, -999
