IO041987,            UNNAMED,     11,
19871014, 0000,  , LO, 12.3N,  88.6E,  20,    0,    0,    0,    0,    0,    0,    0,    0,    0,    0,    0,    0,    0, -999
19871014, 0600,  , LO, 13.0N,  87.0E,  25,    0,    0,    0,    0,    0,    0,    0,    0,    0,    0,    0,    0,    0, -999
19871014, 1200,  , LO, 13.5N,  85.7E,  25,    0,    0,    0,    0,    0,    0,    0,    0,    0,    0,    0,    0,    0, -999
19871014, 1800,  , LO, 14.0N,  84.6E,  30,    0,    0,    0,    0,    0,    0,    0,    0,    0,    0,    0,    0,    0, -999
19871015, 0000,  , TS, 14.5N,  83.7E,  35,    0,    0,    0,    0,    0,    0,    0,    0,    0,    0,    0,    0,    0, -999
19871015, 0600,  , TS, 15.0N,  82.9E,  40,    0,    0,    0,    0,    0,    0,    0,    0,    0,    0,    0,    0,    0, -999
19871015, 1200,  , TS, 15.5N,  82.2E,  40,    0,    0,    0,    0,    0,    0,    0,    0,    0,    0,    0,    0,    0, -999
19871015, 1800,  , TS, 16.0N,  81.5E,  45,    0,    0,    0,    0,    0,    0,    0,    0,    0,    0,    0,    0,    0, -999
19871016, 0000,  , TS, 16.6N,  80.5E,  35,    0,    0,    0,    0,    0,    0,    0,    0,    0,    0,    0,    0,    0, -999
19871016, 0600,  , LO, 17.3N,  79.5E,  30,    0,    0,    0,    0,    0,    0,    0,    0,    0,    0,    0,    0,    0, -999
19871016, 1200,  , LO, 17.8N,  78.4E,  25,    0,    0,    0,    0,    0,    0,    0,    0,    0,    0,    0,    0,    0, -999
