IO042006,              MUKDA,     30,
20060919, 0600,  , DB, 19.4N,  68.7E,  20, 1004,    0,    0,    0,    0,    0,    0,    0,    0,    0,    0,    0,    0, -999
20060919, 1200,  , DB, 19.4N,  68.4E,  20,  999,    0,    0,    0,    0,    0,    0,    0,    0,    0,    0,    0,    0, -999
20060919, 1800,  , DB, 19.3N,  68.2E,  25, 1002,    0,    0,    0,    0,    0,    0,    0,    0,    0,    0,    0,    0, -999
20060920, 0000,  , DB, 19.3N,  67.8E,  25, 1002,    0,    0,    0,    0,    0,    0,    0,    0,    0,    0,    0,    0, -999
20060920, 0600,  , DB, 19.4N,  67.4E,  25, 1002,    0,    0,    0,    0,    0,    0,    0,    0,    0,    0,    0,    0, -999
20060920, 1200,  , DB, 19.5N,  67.1E,  25, 1002,    0,    0,    0,    0,    0,    0,    0,    0,    0,    0,    0,    0, -999
20060920, 1800,  , DB, 19.6N,  66.8E,  30, 1000,    0,    0,    0,    0,    0,    0,    0,    0,    0,    0,    0,    0, -999
20060921, 0000,  , TD, 19.6N,  66.6E,  30, 1000,    0,    0,    0,    0,    0,    0,    0,    0,    0,    0,    0,    0, -999
20060921, 0600,  , TD, 19.6N,  66.4E,  30, 1000,    0,    0,    0,    0,    0,    0,    0,    0,    0,    0,    0,    0, -999
20060921, 1200,  , TS, 19.7N,  66.3E,  35,  997,   50,   50,   50,   50,    0,    0,    0,    0,    0,    0,    0,    0, -999
20060921, 1800,  , TS, 19.9N,  66.3E,  40,  994,   50,   50,   50,   50,    0,    0,    0,    0,    0,    0,    0,    0, -999
20060922, 0000,  , XX, 20.0N,  66.4E,  45,  991,   40,   40,   40,   40,    0,    0,    0,    0,    0,    0,    0,    0, -999
20060922, 0600,  , TS, 20.2N,  66.5E,  45,  991,   40,   40,   40,   40,    0,    0,    0,    0,    0,    0,    0,    0, -999
20060922, 1200,  , TS, 20.3N,  66.6E,  50,  987,   45,   45,   45,   45,   15,   15,   15,   15,    0,    0,    0,    0, -999
20060922, 1800,  , TS, 20.4N,  66.8E,  50,  987,   55,   55,   55,   55,   25,   25,   25,   25,    0,    0,    0,    0, -999
20060923, 0000,  , TS, 20.4N,  66.9E,  50,  987,   55,   55,   60,   55,   25,   25,   25,   25,    0,    0,    0,    0, -999
20060923, 0600,  , XX, 20.5N,  67.1E,  55,  984,   65,   65,   70,   70,   25,   25,   25,   25,    0,    0,    0,    0, -999
20060923, 1200,  , XX, 20.3N,  67.2E,  45,  991,   65,   65,   70,   70,    0,    0,    0,    0,    0,    0,    0,    0, -999
20060923, 1800,  , TS, 20.2N,  67.1E,  35,  997,   65,   60,   65,   55,    0,    0,    0,    0,    0,    0,    0,    0, -999
20060924, 0000,  , TD, 20.0N,  67.0E,  30, 1000,    0,    0,    0,    0,    0,    0,    0,    0,    0,    0,    0,    0, -999
20060924, 0600,  , TD, 19.8N,  66.9E,  30, 1000,    0,    0,    0,    0,    0,    0,    0,    0,    0,    0,    0,    0, -999
20060924, 1200,  , TD, 19.6N,  66.9E,  30, 1000,    0,    0,    0,    0,    0,    0,    0,    0,    0,    0,    0,    0, -999
20060924, 1800,  , TD, 19.5N,  66.8E,  30, 1000,    0,    0,    0,    0,    0,    0,    0,    0,    0,    0,    0,    0, -999
20060925, 0000,  , TD, 19.5N,  66.6E,  30, 1000,    0,    0,    0,    0,    0,    0,    0,    0,    0,    0,    0,    0, -999
20060925, 0600,  , TD, 19.7N,  66.5E,  30, 1000,    0,    0,    0,    0,    0,    0,    0,    0,    0,    0,    0,    0, -999
20060925, 1200,  , TD, 19.8N,  66.3E,  30, 1000,    0,    0,    0,    0,    0,    0,    0,    0,    0,    0,    0,    0, -999
20060925, 1800,  , DB, 19.9N,  66.2E,  25, 1002,    0,    0,    0,    0,    0,    0,    0,    0,    0,    0,    0,    0, -999
20060926, 0000,  , DB, 20.0N,  66.1E,  25, 1002,    0,    0,    0,    0,    0,    0,    0,    0,    0,    0,    0,    0, -999
20060926, 0600,  , DB, 20.2N,  65.8E,  25, 1002,    0,    0,    0,    0,    0,    0,    0,    0,    0,    0,    0,    0, -999
20060926, 1200,  , DB, 20.3N,  65.4E,  25, 1002,    0,    0,    0,    0,    0,    0,    0,    0,    0,    0,    0,    0, -999
