IO052007,            UNNAMED,     13,
20071027, 0600,  , TD, 11.2N,  68.2E,  25, 1004,    0,    0,    0,    0,    0,    0,    0,    0,    0,    0,    0,    0, -999
20071027, 1200,  , TD, 11.2N,  67.7E,  25, 1004,    0,    0,    0,    0,    0,    0,    0,    0,    0,    0,    0,    0, -999
20071027, 1800,  , TD, 11.2N,  67.2E,  30, 1000,    0,    0,    0,    0,    0,    0,    0,    0,    0,    0,    0,    0, -999
20071028, 0000,  , TS, 11.3N,  66.8E,  40,  993,    0,    0,    0,    0,    0,    0,    0,    0,    0,    0,    0,    0, -999
20071028, 0600,  , TS, 11.4N,  66.6E,  40,  993,    0,    0,    0,    0,    0,    0,    0,    0,    0,    0,    0,    0, -999
20071028, 1200,  , TS, 11.5N,  66.5E,  40,  993,    0,    0,    0,    0,    0,    0,    0,    0,    0,    0,    0,    0, -999
20071028, 1800,  , TS, 11.3N,  66.3E,  40,  993,    0,    0,    0,    0,    0,    0,    0,    0,    0,    0,    0,    0, -999
20071029, 0000,  , TS, 11.1N,  66.5E,  40,  993,    0,    0,    0,    0,    0,    0,    0,    0,    0,    0,    0,    0, -999
20071029, 0600,  , TS, 11.1N,  66.8E,  40,  993,    0,    0,    0,    0,    0,    0,    0,    0,    0,    0,    0,    0, -999
20071029, 1200,  , TS, 11.2N,  66.7E,  35,  996,    0,    0,    0,    0,    0,    0,    0,    0,    0,    0,    0,    0, -999
20071029, 1800,  , TS, 11.3N,  66.5E,  35,  996,    0,    0,    0,    0,    0,    0,    0,    0,    0,    0,    0,    0, -999
20071030, 0000,  , TD, 11.2N,  66.2E,  30, 1000,    0,    0,    0,    0,    0,    0,    0,    0,    0,    0,    0,    0, -999
20071030, 0600,  , TD, 11.1N,  65.7E,  25, 1004,    0,    0,    0,    0,    0,    0,    0,    0,    0,    0,    0,    0, -999
