IO052013,              LEHAR,     38,
20131119, 1800,  , DB,  7.3N, 103.3E,  15, 1010,    0,    0,    0,    0,    0,    0,    0,    0,    0,    0,    0,    0, -999
20131120, 0000,  , DB,  6.8N, 103.1E,  15, 1010,    0,    0,    0,    0,    0,    0,    0,    0,    0,    0,    0,    0, -999
20131120, 0600,  , DB,  6.9N, 102.6E,  20, 1007,    0,    0,    0,    0,    0,    0,    0,    0,    0,    0,    0,    0, -999
20131120, 1200,  , DB,  6.5N, 102.3E,  20, 1007,    0,    0,    0,    0,    0,    0,    0,    0,    0,    0,    0,    0, -999
20131120, 1800,  , DB,  6.3N, 102.0E,  15, 1010,    0,    0,    0,    0,    0,    0,    0,    0,    0,    0,    0,    0, -999
20131121, 0000,  , DB,  6.3N, 101.7E,  15, 1010,    0,    0,    0,    0,    0,    0,    0,    0,    0,    0,    0,    0, -999
20131121, 0600,  , DB,  6.4N, 101.2E,  15, 1010,    0,    0,    0,    0,    0,    0,    0,    0,    0,    0,    0,    0, -999
20131121, 1200,  , DB,  6.7N, 100.6E,  15, 1010,    0,    0,    0,    0,    0,    0,    0,    0,    0,    0,    0,    0, -999
20131121, 1800,  , DB,  6.7N,  99.9E,  15, 1010,    0,    0,    0,    0,    0,    0,    0,    0,    0,    0,    0,    0, -999
20131122, 0000,  , DB,  6.6N,  99.4E,  20, 1004,    0,    0,    0,    0,    0,    0,    0,    0,    0,    0,    0,    0, -999
20131122, 0600,  , DB,  6.3N,  99.0E,  20, 1007,    0,    0,    0,    0,    0,    0,    0,    0,    0,    0,    0,    0, -999
20131122, 1200,  , DB,  6.3N,  98.5E,  20, 1007,    0,    0,    0,    0,    0,    0,    0,    0,    0,    0,    0,    0, -999
20131122, 1800,  , TD,  6.8N,  98.3E,  25, 1004,    0,    0,    0,    0,    0,    0,    0,    0,    0,    0,    0,    0, -999
20131123, 0000,  , TD,  7.3N,  97.8E,  25, 1004,    0,    0,    0,    0,    0,    0,    0,    0,    0,    0,    0,    0, -999
20131123, 0600,  , TD,  8.0N,  97.2E,  25, 1004,    0,    0,    0,    0,    0,    0,    0,    0,    0,    0,    0,    0, -999
20131123, 1200,  , TS,  8.7N,  96.6E,  35,  996,    0,    0,    0,    0,    0,    0,    0,    0,    0,    0,    0,    0, -999
20131123, 1800,  , TS,  9.4N,  96.1E,  35,  996,    0,    0,    0,    0,    0,    0,    0,    0,    0,    0,    0,    0, -999
20131124, 0000,  , TS, 10.0N,  95.4E,  40,  993,   30,   30,   30,   30,    0,    0,    0,    0,    0,    0,    0,    0, -999
20131124, 0600,  , TS, 10.6N,  94.6E,  45,  989,   30,   30,   35,   35,    0,    0,    0,    0,    0,    0,    0,    0, -999
20131124, 1200,  , TS, 11.0N,  93.9E,  50,  985,   45,   45,   50,   50,    0,    0,    0,    0,    0,    0,    0,    0, -999
20131124, 1800,  , TS, 11.4N,  93.3E,  55,  982,   70,   55,   55,   70,   30,   30,   30,   30,    0,    0,    0,    0, -999
20131125, 0000,  , TS, 11.7N,  92.7E,  60,  978,   70,   55,   55,   70,   30,   30,   30,   30,    0,    0,    0,    0, -999
20131125, 0600,  , HU, 11.9N,  92.2E,  65,  974,   75,   60,   60,   75,   35,   30,   30,   35,    0,    0,    0,    0, -999
20131125, 1200,  , HU, 12.1N,  91.7E,  70,  970,   75,   60,   60,   75,   35,   30,   30,   35,   20,   20,   20,   20, -999
20131125, 1800,  , HU, 12.3N,  91.2E,  75,  967,   80,   75,   80,   85,   35,   35,   35,   35,   25,   20,   20,   25, -999
20131126, 0000,  , HU, 12.5N,  90.5E,  75,  967,   90,   85,  100,   95,   40,   35,   35,   40,   25,   20,   20,   25, -999
20131126, 0600,  , HU, 12.7N,  89.7E,  75,  967,   90,   85,  100,   95,   40,   35,   35,   40,   25,   20,   20,   25, -999
20131126, 1200,  , HU, 12.9N,  88.9E,  75,  967,   90,   85,  100,   95,   40,   35,   35,   40,   25,   20,   20,   25, -999
20131126, 1800,  , HU, 13.2N,  88.1E,  70,  975,   85,   80,   75,   80,   40,   35,   35,   40,   25,   20,   20,   25, -999
20131127, 0000,  , HU, 13.6N,  87.0E,  70,  970,  105,   95,  100,  105,   40,   35,   35,   40,   25,   20,   20,   25, -999
20131127, 0600,  , HU, 13.9N,  85.9E,  65,  974,  105,   95,  100,  105,   40,   35,   35,   40,    0,    0,    0,    0, -999
20131127, 1200,  , HU, 13.9N,  85.2E,  65,  974,  105,   95,  100,  105,   30,   20,   20,   30,    0,    0,    0,    0, -999
20131127, 1800,  , TS, 14.1N,  84.2E,  50,  985,   60,   50,   50,   60,    0,    0,    0,    0,    0,    0,    0,    0, -999
20131128, 0000,  , TS, 14.6N,  83.0E,  40,  993,   60,   50,   50,   60,    0,    0,    0,    0,    0,    0,    0,    0, -999
20131128, 0600,  , TS, 15.0N,  82.0E,  35,  996,   60,   50,   50,   60,    0,    0,    0,    0,    0,    0,    0,    0, -999
20131128, 1200,  , TS, 15.4N,  81.1E,  35,  996,    0,    0,    0,    0,    0,    0,    0,    0,    0,    0,    0,    0, -999
20131128, 1800,  , TD, 15.4N,  80.0E,  25, 1004,    0,    0,    0,    0,    0,    0,    0,    0,    0,    0,    0,    0, -999
20131129, 0000,  , DB, 16.1N,  78.8E,  20, 1007,    0,    0,    0,    0,    0,    0,    0,    0,    0,    0,    0,    0, -999
