IO062008,              NISHA,     16,
20081124, 0600,  , DB,  8.7N,  81.8E,  15, 1010,    0,    0,    0,    0,    0,    0,    0,    0,    0,    0,    0,    0, -999
20081124, 1200,  , DB,  8.9N,  81.3E,  15, 1010,    0,    0,    0,    0,    0,    0,    0,    0,    0,    0,    0,    0, -999
20081124, 1800,  , DB,  9.0N,  81.1E,  20, 1007,    0,    0,    0,    0,    0,    0,    0,    0,    0,    0,    0,    0, -999
20081125, 0000,  , TD,  9.1N,  80.9E,  25, 1004,    0,    0,    0,    0,    0,    0,    0,    0,    0,    0,    0,    0, -999
20081125, 0600,  , TD,  9.3N,  80.7E,  30, 1000,    0,    0,    0,    0,    0,    0,    0,    0,    0,    0,    0,    0, -999
20081125, 1200,  , TD,  9.6N,  80.5E,  30, 1000,    0,    0,    0,    0,    0,    0,    0,    0,    0,    0,    0,    0, -999
20081125, 1800,  , TS,  9.9N,  80.5E,  35,  996,   40,   25,   35,   45,    0,    0,    0,    0,    0,    0,    0,    0, -999
20081126, 0000,  , TS, 10.2N,  80.7E,  45,  989,   40,   35,   50,   50,    0,    0,    0,    0,    0,    0,    0,    0, -999
20081126, 0600,  , TS, 10.6N,  80.7E,  50,  985,   40,   35,   50,   50,   10,   10,   10,   10,    0,    0,    0,    0, -999
20081126, 1200,  , TS, 10.9N,  80.6E,  50,  985,   40,   35,   50,   55,    0,    0,    0,    0,    0,    0,    0,    0, -999
20081126, 1800,  , TS, 11.1N,  80.3E,  50,  985,   40,   60,   55,   40,    0,    0,    0,    0,    0,    0,    0,    0, -999
20081127, 0000,  , TS, 11.3N,  80.0E,  50,  985,   40,   60,   55,   40,    0,    0,    0,    0,    0,    0,    0,    0, -999
20081127, 0600,  , TS, 11.6N,  79.5E,  50,  985,   40,   60,   55,   40,    0,    0,    0,    0,    0,    0,    0,    0, -999
20081127, 1200,  , TS, 11.7N,  78.6E,  40,  993,   40,   60,   55,   40,    0,    0,    0,    0,    0,    0,    0,    0, -999
20081127, 1800,  , TD, 12.1N,  77.7E,  30, 1000,    0,    0,    0,    0,    0,    0,    0,    0,    0,    0,    0,    0, -999
20081128, 0000,  , DB, 12.5N,  76.4E,  20, 1005,    0,    0,    0,    0,    0,    0,    0,    0,    0,    0,    0,    0, -999
