IO062019,              PAWAN,     29,
20191130, 1800,  , DB,  4.6N,  58.0E,  15,    0,    0,    0,    0,    0,    0,    0,    0,    0,    0,    0,    0,    0, -999
20191201, 0000,  , DB,  4.8N,  57.6E,  15, 1010,    0,    0,    0,    0,    0,    0,    0,    0,    0,    0,    0,    0, -999
20191201, 0600,  , DB,  4.9N,  57.4E,  15, 1008,    0,    0,    0,    0,    0,    0,    0,    0,    0,    0,    0,    0, -999
20191201, 1200,  , DB,  5.0N,  57.2E,  20, 1007,    0,    0,    0,    0,    0,    0,    0,    0,    0,    0,    0,    0, -999
20191201, 1800,  , DB,  5.2N,  57.0E,  20, 1007,    0,    0,    0,    0,    0,    0,    0,    0,    0,    0,    0,    0, -999
20191202, 0000,  , TD,  5.5N,  56.9E,  25, 1002,    0,    0,    0,    0,    0,    0,    0,    0,    0,    0,    0,    0, -999
20191202, 0600,  , TD,  5.8N,  56.9E,  30,  999,    0,    0,    0,    0,    0,    0,    0,    0,    0,    0,    0,    0, -999
20191202, 1200,  , TD,  6.0N,  56.9E,  30,  999,    0,    0,    0,    0,    0,    0,    0,    0,    0,    0,    0,    0, -999
20191202, 1800,  , TD,  6.2N,  57.0E,  30, 1005,    0,    0,    0,    0,    0,    0,    0,    0,    0,    0,    0,    0, -999
20191203, 0000,  , TS,  6.5N,  57.2E,  35, 1002,    0,   40,   80,   85,    0,    0,    0,    0,    0,    0,    0,    0, -999
20191203, 0600,  , TS,  6.8N,  57.4E,  35, 1002,    0,    0,   60,  100,    0,    0,    0,    0,    0,    0,    0,    0, -999
20191203, 1200,  , TD,  7.0N,  57.5E,  30, 1000,    0,    0,    0,    0,    0,    0,    0,    0,    0,    0,    0,    0, -999
20191203, 1800,  , TD,  7.2N,  57.5E,  30, 1000,    0,    0,    0,    0,    0,    0,    0,    0,    0,    0,    0,    0, -999
20191204, 0000,  , TD,  7.3N,  57.6E,  30, 1003,    0,    0,    0,    0,    0,    0,    0,    0,    0,    0,    0,    0, -999
20191204, 0600,  , TS,  7.6N,  57.6E,  35, 1000,    0,   60,   80,  115,    0,    0,    0,    0,    0,    0,    0,    0, -999
20191204, 1200,  , TS,  8.1N,  57.2E,  40,  997,   65,   65,   50,  110,    0,    0,    0,    0,    0,    0,    0,    0, -999
20191204, 1800,  , TS,  8.6N,  57.0E,  40, 1001,   65,   65,   50,  100,    0,    0,    0,    0,    0,    0,    0,    0, -999
20191205, 0000,  , TS,  9.4N,  56.7E,  40, 1000,  135,   50,   50,   80,    0,    0,    0,    0,    0,    0,    0,    0, -999
20191205, 0600,  , TS,  9.3N,  55.8E,  40,  999,  135,   50,   50,   80,    0,    0,    0,    0,    0,    0,    0,    0, -999
20191205, 1200,  , TS,  9.0N,  54.8E,  40,  999,  130,   50,   50,   75,    0,    0,    0,    0,    0,    0,    0,    0, -999
20191205, 1800,  , TS,  8.4N,  54.1E,  35, 1005,  120,   60,   50,   75,    0,    0,    0,    0,    0,    0,    0,    0, -999
20191206, 0000,  , TS,  8.1N,  53.5E,  35, 1004,   80,   60,   55,   65,    0,    0,    0,    0,    0,    0,    0,    0, -999
20191206, 0600,  , TS,  7.9N,  52.9E,  35, 1004,   65,   45,   35,   45,    0,    0,    0,    0,    0,    0,    0,    0, -999
20191206, 1200,  , TS,  7.8N,  52.0E,  45,  999,   65,   45,   35,   45,    0,    0,    0,    0,    0,    0,    0,    0, -999
20191206, 1800,  , TS,  8.0N,  50.8E,  45, 1000,   55,   45,   10,   25,    0,    0,    0,    0,    0,    0,    0,    0, -999
20191207, 0000,  , TS,  7.9N,  49.7E,  40, 1002,   55,   45,    0,    0,    0,    0,    0,    0,    0,    0,    0,    0, -999
20191207, 0600,  , TD,  7.6N,  48.9E,  30, 1000,    0,    0,    0,    0,    0,    0,    0,    0,    0,    0,    0,    0, -999
20191207, 1200,  , TD,  7.2N,  48.2E,  25, 1005,    0,    0,    0,    0,    0,    0,    0,    0,    0,    0,    0,    0, -999
20191207, 1800,  , DB,  7.1N,  47.4E,  20, 1007,    0,    0,    0,    0,    0,    0,    0,    0,    0,    0,    0,    0, -999
