IO062023,             HAMOON,     21,
20231020, 0600,  , DB, 12.4N,  88.6E,  15, 1010,    0,    0,    0,    0,    0,    0,    0,    0,    0,    0,    0,    0, -999
20231020, 1200,  , DB, 12.7N,  88.4E,  15, 1010,    0,    0,    0,    0,    0,    0,    0,    0,    0,    0,    0,    0, -999
20231020, 1800,  , DB, 12.8N,  88.0E,  15, -10067,    0,    0,    0,    0,    0,    0,    0,    0,    0,    0,    0,    0, -999
20231021, 0000,  , DB, 13.2N,  87.5E,  15, -10067,    0,    0,    0,    0,    0,    0,    0,    0,    0,    0,    0,    0, -999
20231021, 0600,  , DB, 13.6N,  87.1E,  20, 1008,    0,    0,    0,    0,    0,    0,    0,    0,    0,    0,    0,    0, -999
20231021, 1200,  , TD, 14.6N,  86.0E,  25, 1005,    0,    0,    0,    0,    0,    0,    0,    0,    0,    0,    0,    0, -999
20231021, 1800,  , TD, 15.2N,  85.9E,  25, 1001,    0,    0,    0,    0,    0,    0,    0,    0,    0,    0,    0,    0, -999
20231022, 0000,  , TD, 15.5N,  86.2E,  30,  999,    0,    0,    0,    0,    0,    0,    0,    0,    0,    0,    0,    0, -999
20231022, 0600,  , TD, 15.7N,  86.4E,  30,  999,    0,    0,    0,    0,    0,    0,    0,    0,    0,    0,    0,    0, -999
20231022, 1200,  , TD, 15.9N,  86.9E,  30,  997,    0,    0,    0,    0,    0,    0,    0,    0,    0,    0,    0,    0, -999
20231022, 1800,  , TD, 16.0N,  87.0E,  30,  997,    0,    0,    0,    0,    0,    0,    0,    0,    0,    0,    0,    0, -999
20231023, 0000,  , TD, 16.8N,  87.0E,  30,  997,    0,    0,    0,    0,    0,    0,    0,    0,    0,    0,    0,    0, -999
20231023, 0600,  , TS, 17.5N,  87.0E,  45,  999,   95,   60,   20,   30,    0,    0,    0,    0,    0,    0,    0,    0, -999
20231023, 1200,  , TS, 18.5N,  87.5E,  45,  997,  100,   70,   30,   50,    0,    0,    0,    0,    0,    0,    0,    0, -999
20231023, 1800,  , TS, 19.3N,  88.4E,  55,  994,   60,   50,   40,   70,   35,   25,   30,   30,    0,    0,    0,    0, -999
20231024, 0000,  , HU, 19.7N,  89.1E,  75,  982,   65,   35,   45,   60,   25,   25,   30,   30,   20,   20,   20,   20, -999
20231024, 0600,  , HU, 20.4N,  90.4E,  75,  981,   60,   45,   40,   55,   30,   40,   30,   30,   25,   25,   25,   20, -999
20231024, 1200,  , HU, 21.1N,  91.5E,  90,  970,   60,   50,   35,   45,   30,   30,   30,   35,   20,   20,   20,   30, -999
20231024, 1800,  , TS, 20.1N,  90.0E,  60,  990,   50,   40,   25,   30,   30,   20,   20,   20,    0,    0,    0,    0, -999
20231025, 0000,  , TS, 22.2N,  92.1E,  35, 1004,   60,   50,   50,   55,    0,    0,    0,    0,    0,    0,    0,    0, -999
20231025, 0600,  , TD, 22.7N,  92.2E,  25, 1007,    0,    0,    0,    0,    0,    0,    0,    0,    0,    0,    0,    0, -999
