IO061976,            UNNAMED,     53,
19760827, 0000,  , LO, 20.6N,  82.7E,   0,    0,    0,    0,    0,    0,    0,    0,    0,    0,    0,    0,    0,    0, -999
19760827, 0600,  , LO, 21.4N,  81.2E,   0,    0,    0,    0,    0,    0,    0,    0,    0,    0,    0,    0,    0,    0, -999
19760827, 1200,  , LO, 22.0N,  80.0E,   0,    0,    0,    0,    0,    0,    0,    0,    0,    0,    0,    0,    0,    0, -999
19760827, 1800,  , LO, 22.3N,  79.1E,   0,    0,    0,    0,    0,    0,    0,    0,    0,    0,    0,    0,    0,    0, -999
19760828, 0000,  , LO, 22.7N,  78.2E,   0,    0,    0,    0,    0,    0,    0,    0,    0,    0,    0,    0,    0,    0, -999
19760828, 0600,  , LO, 23.0N,  77.4E,   0,    0,    0,    0,    0,    0,    0,    0,    0,    0,    0,    0,    0,    0, -999
19760828, 1200,  , LO, 23.4N,  76.6E,   0,    0,    0,    0,    0,    0,    0,    0,    0,    0,    0,    0,    0,    0, -999
19760828, 1800,  , LO, 23.7N,  75.6E,   0,    0,    0,    0,    0,    0,    0,    0,    0,    0,    0,    0,    0,    0, -999
19760829, 0000,  , LO, 23.8N,  74.6E,   0,    0,    0,    0,    0,    0,    0,    0,    0,    0,    0,    0,    0,    0, -999
19760829, 0600,  , LO, 23.8N,  73.6E,   0,    0,    0,    0,    0,    0,    0,    0,    0,    0,    0,    0,    0,    0, -999
19760829, 1200,  , LO, 23.8N,  72.6E,   0,    0,    0,    0,    0,    0,    0,    0,    0,    0,    0,    0,    0,    0, -999
19760829, 1800,  , LO, 23.8N,  72.0E,   0,    0,    0,    0,    0,    0,    0,    0,    0,    0,    0,    0,    0,    0, -999
19760830, 0000,  , LO, 23.7N,  71.5E,   0,    0,    0,    0,    0,    0,    0,    0,    0,    0,    0,    0,    0,    0, -999
19760830, 0600,  , LO, 23.6N,  70.7E,   0,    0,    0,    0,    0,    0,    0,    0,    0,    0,    0,    0,    0,    0, -999
19760830, 1200,  , LO, 23.5N,  70.0E,   0,    0,    0,    0,    0,    0,    0,    0,    0,    0,    0,    0,    0,    0, -999
19760830, 1800,  , LO, 23.3N,  69.4E,   0,    0,    0,    0,    0,    0,    0,    0,    0,    0,    0,    0,    0,    0, -999
19760831, 0000,  , LO, 23.2N,  68.9E,   0,    0,    0,    0,    0,    0,    0,    0,    0,    0,    0,    0,    0,    0, -999
19760831, 0600,  , LO, 23.3N,  68.6E,   0,    0,    0,    0,    0,    0,    0,    0,    0,    0,    0,    0,    0,    0, -999
19760831, 1200,  , LO, 23.4N,  68.3E,   0,    0,    0,    0,    0,    0,    0,    0,    0,    0,    0,    0,    0,    0, -999
19760831, 1800,  , LO, 23.6N,  67.4E,   0,    0,    0,    0,    0,    0,    0,    0,    0,    0,    0,    0,    0,    0, -999
19760901, 0000,  , LO, 23.7N,  66.4E,   0,    0,    0,    0,    0,    0,    0,    0,    0,    0,    0,    0,    0,    0, -999
19760901, 0600,  , LO, 23.7N,  65.6E,   0,    0,    0,    0,    0,    0,    0,    0,    0,    0,    0,    0,    0,    0, -999
19760901, 1200,  , LO, 23.6N,  64.9E,   0,    0,    0,    0,    0,    0,    0,    0,    0,    0,    0,    0,    0,    0, -999
19760901, 1800,  , LO, 23.5N,  64.3E,   0,    0,    0,    0,    0,    0,    0,    0,    0,    0,    0,    0,    0,    0, -999
19760902, 0000,  , LO, 23.2N,  64.1E,   0,    0,    0,    0,    0,    0,    0,    0,    0,    0,    0,    0,    0,    0, -999
19760902, 0600,  , LO, 22.4N,  64.4E,   0,    0,    0,    0,    0,    0,    0,    0,    0,    0,    0,    0,    0,    0, -999
19760902, 1200,  , LO, 21.5N,  64.9E,   0,    0,    0,    0,    0,    0,    0,    0,    0,    0,    0,    0,    0,    0, -999
19760902, 1800,  , LO, 21.2N,  65.5E,   0,    0,    0,    0,    0,    0,    0,    0,    0,    0,    0,    0,    0,    0, -999
19760903, 0000,  , LO, 21.0N,  66.0E,   0,    0,    0,    0,    0,    0,    0,    0,    0,    0,    0,    0,    0,    0, -999
19760903, 0600,  , LO, 21.0N,  66.0E,   0,    0,    0,    0,    0,    0,    0,    0,    0,    0,    0,    0,    0,    0, -999
19760903, 1200,  , LO, 21.0N,  66.0E,   0,    0,    0,    0,    0,    0,    0,    0,    0,    0,    0,    0,    0,    0, -999
19760903, 1800,  , LO, 20.8N,  66.3E,   0,    0,    0,    0,    0,    0,    0,    0,    0,    0,    0,    0,    0,    0, -999
19760904, 0000,  , LO, 20.7N,  66.7E,   0,    0,    0,    0,    0,    0,    0,    0,    0,    0,    0,    0,    0,    0, -999
19760904, 0600,  , LO, 20.6N,  67.3E,   0,    0,    0,    0,    0,    0,    0,    0,    0,    0,    0,    0,    0,    0, -999
19760904, 1200,  , LO, 20.6N,  68.0E,   0,    0,    0,    0,    0,    0,    0,    0,    0,    0,    0,    0,    0,    0, -999
19760904, 1800,  , LO, 20.6N,  68.4E,   0,    0,    0,    0,    0,    0,    0,    0,    0,    0,    0,    0,    0,    0, -999
19760905, 0000,  , LO, 20.8N,  68.7E,   0,    0,    0,    0,    0,    0,    0,    0,    0,    0,    0,    0,    0,    0, -999
19760905, 0600,  , LO, 21.9N,  68.7E,   0,    0,    0,    0,    0,    0,    0,    0,    0,    0,    0,    0,    0,    0, -999
19760905, 1200,  , LO, 23.0N,  68.3E,   0,    0,    0,    0,    0,    0,    0,    0,    0,    0,    0,    0,    0,    0, -999
19760905, 1800,  , LO, 23.3N,  67.6E,   0,    0,    0,    0,    0,    0,    0,    0,    0,    0,    0,    0,    0,    0, -999
19760906, 0000,  , LO, 23.4N,  66.8E,   0,    0,    0,    0,    0,    0,    0,    0,    0,    0,    0,    0,    0,    0, -999
19760906, 0600,  , LO, 23.5N,  65.8E,   0,    0,    0,    0,    0,    0,    0,    0,    0,    0,    0,    0,    0,    0, -999
19760906, 1200,  , LO, 23.5N,  64.9E,   0,    0,    0,    0,    0,    0,    0,    0,    0,    0,    0,    0,    0,    0, -999
19760906, 1800,  , LO, 23.5N,  64.4E,   0,    0,    0,    0,    0,    0,    0,    0,    0,    0,    0,    0,    0,    0, -999
19760907, 0000,  , LO, 23.5N,  63.9E,   0,    0,    0,    0,    0,    0,    0,    0,    0,    0,    0,    0,    0,    0, -999
19760907, 0600,  , LO, 23.5N,  63.4E,   0,    0,    0,    0,    0,    0,    0,    0,    0,    0,    0,    0,    0,    0, -999
19760907, 1200,  , LO, 23.4N,  62.9E,   0,    0,    0,    0,    0,    0,    0,    0,    0,    0,    0,    0,    0,    0, -999
19760907, 1800,  , LO, 23.3N,  62.5E,   0,    0,    0,    0,    0,    0,    0,    0,    0,    0,    0,    0,    0,    0, -999
19760908, 0000,  , LO, 23.1N,  62.2E,   0,    0,    0,    0,    0,    0,    0,    0,    0,    0,    0,    0,    0,    0, -999
19760908, 0600,  , LO, 23.0N,  61.7E,   0,    0,    0,    0,    0,    0,    0,    0,    0,    0,    0,    0,    0,    0, -999
19760908, 1200,  , LO, 22.8N,  61.3E,   0,    0,    0,    0,    0,    0,    0,    0,    0,    0,    0,    0,    0,    0, -999
19760908, 1800,  , LO, 22.5N,  60.9E,   0,    0,    0,    0,    0,    0,    0,    0,    0,    0,    0,    0,    0,    0, -999
19760909, 0000,  , LO, 22.0N,  60.5E,   0,    0,    0,    0,    0,    0,    0,    0,    0,    0,    0,    0,    0,    0, -999
