IO062006,            UNNAMED,     14,
20061027, 0600,  , DB,  7.4N,  78.1E,  15, 1006,    0,    0,    0,    0,    0,    0,    0,    0,    0,    0,    0,    0, -999
20061027, 1200,  , DB,  8.6N,  78.4E,  15, 1006,    0,    0,    0,    0,    0,    0,    0,    0,    0,    0,    0,    0, -999
20061027, 1800,  , DB,  9.5N,  79.1E,  15, 1006,    0,    0,    0,    0,    0,    0,    0,    0,    0,    0,    0,    0, -999
20061028, 0000,  , DB, 10.3N,  79.7E,  15, 1006,    0,    0,    0,    0,    0,    0,    0,    0,    0,    0,    0,    0, -999
20061028, 0600,  , DB, 11.2N,  79.9E,  20, 1004,    0,    0,    0,    0,    0,    0,    0,    0,    0,    0,    0,    0, -999
20061028, 1200,  , DB, 12.2N,  80.2E,  20, 1004,    0,    0,    0,    0,    0,    0,    0,    0,    0,    0,    0,    0, -999
20061028, 1800,  , DB, 13.1N,  80.4E,  25, 1002,    0,    0,    0,    0,    0,    0,    0,    0,    0,    0,    0,    0, -999
20061029, 0000,  , DB, 14.2N,  80.5E,  30, 1000,    0,    0,    0,    0,    0,    0,    0,    0,    0,    0,    0,    0, -999
20061029, 0600,  , XX, 14.8N,  80.5E,  40,  994,   60,   60,   45,   45,    0,    0,    0,    0,    0,    0,    0,    0, -999
20061029, 1200,  , XX, 15.2N,  80.5E,  50,  987,   60,   60,   45,   45,    0,    0,    0,    0,    0,    0,    0,    0, -999
20061029, 1800,  , XX, 15.5N,  80.4E,  55,  984,   60,   60,   45,   45,   25,   25,   20,   20,    0,    0,    0,    0, -999
20061030, 0000,  , XX, 15.7N,  80.3E,  50,  987,   55,   60,   35,   35,   20,   25,   15,   15,    0,    0,    0,    0, -999
20061030, 0600,  , XX, 15.9N,  80.1E,  40,  994,   55,   60,   35,   35,    0,    0,    0,    0,    0,    0,    0,    0, -999
20061030, 1200,  , DB, 16.0N,  79.9E,  30, 1000,    0,    0,    0,    0,    0,    0,    0,    0,    0,    0,    0,    0, -999
