IO072018,               GAJA,     36,
20181110, 1200,  , DB, 12.9N,  90.2E,  30, 1004,    0,    0,    0,    0,    0,    0,    0,    0,    0,    0,    0,    0, -999
20181110, 1800,  , TS, 13.2N,  89.7E,  35, 1000,   55,   20,   30,   30,    0,    0,    0,    0,    0,    0,    0,    0, -999
20181111, 0000,  , TS, 13.3N,  89.1E,  35,  996,   60,   20,   30,   55,    0,    0,    0,    0,    0,    0,    0,    0, -999
20181111, 0600,  , TS, 13.4N,  88.4E,  35,  996,   45,   45,   40,   40,    0,    0,    0,    0,    0,    0,    0,    0, -999
20181111, 1200,  , TS, 13.1N,  87.4E,  35,  996,   55,   35,   35,   45,    0,    0,    0,    0,    0,    0,    0,    0, -999
20181111, 1800,  , TS, 12.8N,  87.2E,  35, 1004,   65,   35,   40,   40,    0,    0,    0,    0,    0,    0,    0,    0, -999
20181112, 0000,  , TS, 12.5N,  87.3E,  35, 1004,   50,   30,   35,   45,    0,    0,    0,    0,    0,    0,    0,    0, -999
20181112, 0600,  , TS, 12.3N,  87.6E,  35,  996,   55,   30,   30,   55,    0,    0,    0,    0,    0,    0,    0,    0, -999
20181112, 1200,  , TD, 12.9N,  87.8E,  30, 1000,    0,    0,    0,    0,    0,    0,    0,    0,    0,    0,    0,    0, -999
20181112, 1800,  , TD, 13.4N,  87.6E,  30, 1000,    0,    0,    0,    0,    0,    0,    0,    0,    0,    0,    0,    0, -999
20181113, 0000,  , TD, 13.9N,  87.2E,  30, 1000,    0,    0,    0,    0,    0,    0,    0,    0,    0,    0,    0,    0, -999
20181113, 0600,  , TD, 13.8N,  86.5E,  30, 1000,    0,    0,    0,    0,    0,    0,    0,    0,    0,    0,    0,    0, -999
20181113, 1200,  , TD, 13.6N,  86.1E,  30, 1000,    0,    0,    0,    0,    0,    0,    0,    0,    0,    0,    0,    0, -999
20181113, 1800,  , TS, 13.4N,  85.8E,  35, 1003,   55,   90,   35,   45,    0,    0,    0,    0,    0,    0,    0,    0, -999
20181114, 0000,  , TS, 13.1N,  85.4E,  40, 1001,   50,   80,   35,   45,    0,    0,    0,    0,    0,    0,    0,    0, -999
20181114, 0600,  , TS, 12.8N,  85.1E,  45,  989,   50,   55,   50,   60,    0,    0,    0,    0,    0,    0,    0,    0, -999
20181114, 1200,  , TS, 12.3N,  84.5E,  50,  985,   45,   50,   50,   55,    0,    0,    0,    0,    0,    0,    0,    0, -999
20181114, 1800,  , TS, 12.0N,  83.9E,  50,  985,   55,   30,   30,   35,    0,    0,    0,    0,    0,    0,    0,    0, -999
20181115, 0000,  , TS, 11.6N,  83.1E,  55,  982,   50,   35,   35,   40,    0,    0,    0,    0,    0,    0,    0,    0, -999
20181115, 0600,  , HU, 11.3N,  82.3E,  65,  974,   65,   55,   75,   65,   20,   15,   25,   35,    0,    0,    0,    0, -999
20181115, 1200,  , HU, 10.9N,  81.2E,  70,  970,   65,   50,   55,   65,   30,   25,   25,   30,   20,   20,   20,   20, -999
20181115, 1800,  , HU, 10.6N,  80.2E,  80,  963,   45,   55,   45,   60,   15,   25,   20,   15,    5,   10,    5,    5, -999
20181116, 0000,  , HU, 10.5N,  79.1E,  70,  970,   70,   50,   45,   60,   35,   20,   20,   30,   20,   10,   10,   15, -999
20181116, 0600,  , TS, 10.4N,  77.7E,  55,  982,   40,   30,   35,   40,   15,    5,   10,   10,    0,    0,    0,    0, -999
20181116, 1200,  , TS, 10.0N,  76.2E,  45,  989,   40,   25,   40,   25,    0,    0,    0,    0,    0,    0,    0,    0, -999
20181116, 1800,  , TS,  9.7N,  75.2E,  40,  993,   35,   45,   40,   35,    0,    0,    0,    0,    0,    0,    0,    0, -999
20181117, 0000,  , TS,  9.6N,  74.0E,  40, 1004,   40,   20,   40,   35,    0,    0,    0,    0,    0,    0,    0,    0, -999
20181117, 0600,  , TS,  9.8N,  72.8E,  40, 1005,   40,   30,   30,   40,    0,    0,    0,    0,    0,    0,    0,    0, -999
20181117, 1200,  , TS, 10.0N,  71.9E,  40, 1003,   40,   30,   30,   40,    0,    0,    0,    0,    0,    0,    0,    0, -999
20181117, 1800,  , TS, 10.3N,  70.9E,  35, 1007,   35,   25,   25,   35,    0,    0,    0,    0,    0,    0,    0,    0, -999
20181118, 0000,  , TD, 10.5N,  70.0E,  30, 1006,    0,    0,    0,    0,    0,    0,    0,    0,    0,    0,    0,    0, -999
20181118, 0600,  , TD, 10.5N,  69.1E,  25, 1009,    0,    0,    0,    0,    0,    0,    0,    0,    0,    0,    0,    0, -999
20181118, 1200,  , DB, 10.5N,  68.4E,  20, 1008,    0,    0,    0,    0,    0,    0,    0,    0,    0,    0,    0,    0, -999
20181118, 1800,  , DB, 10.5N,  67.5E,  20, 1010,    0,    0,    0,    0,    0,    0,    0,    0,    0,    0,    0,    0, -999
20181119, 0000,  , DB, 10.5N,  66.7E,  20, 1010,    0,    0,    0,    0,    0,    0,    0,    0,    0,    0,    0,    0, -999
20181119, 0600,  , DB, 10.5N,  65.9E,  20, 1010,    0,    0,    0,    0,    0,    0,    0,    0,    0,    0,    0,    0, -999
