IO071970,            UNNAMED,     10,
19700817, 0600,  , LO, 18.1N,  85.7E, -999,    0,    0,    0,    0,    0,    0,    0,    0,    0,    0,    0,    0,    0, -999
19700817, 1200,  , LO, 18.5N,  85.6E, -999,    0,    0,    0,    0,    0,    0,    0,    0,    0,    0,    0,    0,    0, -999
19700817, 1800,  , LO, 18.9N,  85.4E, -999,    0,    0,    0,    0,    0,    0,    0,    0,    0,    0,    0,    0,    0, -999
19700818, 0000,  , LO, 19.4N,  84.9E, -999,    0,    0,    0,    0,    0,    0,    0,    0,    0,    0,    0,    0,    0, -999
19700818, 0600,  , LO, 19.7N,  83.8E, -999,    0,    0,    0,    0,    0,    0,    0,    0,    0,    0,    0,    0,    0, -999
19700818, 1200,  , LO, 19.5N,  81.9E, -999,    0,    0,    0,    0,    0,    0,    0,    0,    0,    0,    0,    0,    0, -999
19700818, 1800,  , LO, 19.6N,  81.0E, -999,    0,    0,    0,    0,    0,    0,    0,    0,    0,    0,    0,    0,    0, -999
19700819, 0000,  , LO, 19.8N,  80.4E, -999,    0,    0,    0,    0,    0,    0,    0,    0,    0,    0,    0,    0,    0, -999
19700819, 0600,  , LO, 20.2N,  79.8E, -999,    0,    0,    0,    0,    0,    0,    0,    0,    0,    0,    0,    0,    0, -999
19700819, 1200,  , LO, 20.6N,  79.1E, -999,    0,    0,    0,    0,    0,    0,    0,    0,    0,    0,    0,    0,    0, -999
