IO081979,            UNNAMED,     11,
19791123, 0000,  , XX,  8.4N,  87.7E,  20,    0,    0,    0,    0,    0,    0,    0,    0,    0,    0,    0,    0,    0, -999
19791123, 0600,  , XX,  9.1N,  86.8E,  25,    0,    0,    0,    0,    0,    0,    0,    0,    0,    0,    0,    0,    0, -999
19791123, 1200,  , XX,  9.7N,  85.9E,  25,    0,    0,    0,    0,    0,    0,    0,    0,    0,    0,    0,    0,    0, -999
19791123, 1800,  , XX, 10.3N,  85.0E,  30,    0,    0,    0,    0,    0,    0,    0,    0,    0,    0,    0,    0,    0, -999
19791124, 0000,  , XX, 10.8N,  84.2E,  30,    0,    0,    0,    0,    0,    0,    0,    0,    0,    0,    0,    0,    0, -999
19791124, 0600,  , XX, 11.2N,  83.5E,  30,    0,    0,    0,    0,    0,    0,    0,    0,    0,    0,    0,    0,    0, -999
19791124, 1200,  , XX, 11.6N,  82.9E,  30,    0,    0,    0,    0,    0,    0,    0,    0,    0,    0,    0,    0,    0, -999
19791124, 1800,  , XX, 12.2N,  82.4E,  25,    0,    0,    0,    0,    0,    0,    0,    0,    0,    0,    0,    0,    0, -999
19791125, 0000,  , XX, 12.8N,  81.8E,  25,    0,    0,    0,    0,    0,    0,    0,    0,    0,    0,    0,    0,    0, -999
19791125, 0600,  , XX, 13.5N,  80.9E,  25,    0,    0,    0,    0,    0,    0,    0,    0,    0,    0,    0,    0,    0, -999
19791125, 1200,  , XX, 14.2N,  79.5E,  15,    0,    0,    0,    0,    0,    0,    0,    0,    0,    0,    0,    0,    0, -999
