IO081954,            UNNAMED,     10,
19540922, 1800,  , LO, 22.0N,  80.1E, -999,    0,    0,    0,    0,    0,    0,    0,    0,    0,    0,    0,    0,    0, -999
19540923, 0000,  , LO, 22.3N,  78.5E, -999,    0,    0,    0,    0,    0,    0,    0,    0,    0,    0,    0,    0,    0, -999
19540923, 0600,  , LO, 22.8N,  77.2E, -999,    0,    0,    0,    0,    0,    0,    0,    0,    0,    0,    0,    0,    0, -999
19540923, 1200,  , LO, 23.5N,  76.3E, -999,    0,    0,    0,    0,    0,    0,    0,    0,    0,    0,    0,    0,    0, -999
19540923, 1800,  , LO, 24.3N,  75.6E, -999,    0,    0,    0,    0,    0,    0,    0,    0,    0,    0,    0,    0,    0, -999
19540924, 0000,  , LO, 25.2N,  75.1E, -999,    0,    0,    0,    0,    0,    0,    0,    0,    0,    0,    0,    0,    0, -999
19540924, 0600,  , LO, 26.2N,  74.8E, -999,    0,    0,    0,    0,    0,    0,    0,    0,    0,    0,    0,    0,    0, -999
19540924, 1200,  , LO, 27.3N,  74.6E, -999,    0,    0,    0,    0,    0,    0,    0,    0,    0,    0,    0,    0,    0, -999
19540924, 1800,  , LO, 28.3N,  74.5E, -999,    0,    0,    0,    0,    0,    0,    0,    0,    0,    0,    0,    0,    0, -999
19540925, 0000,  , LO, 29.2N,  74.5E, -999,    0,    0,    0,    0,    0,    0,    0,    0,    0,    0,    0,    0,    0, -999
