IO101975,            UNNAMED,      9,
19750805, 0000,  , LO, 18.9N,  87.6E,   0,    0,    0,    0,    0,    0,    0,    0,    0,    0,    0,    0,    0,    0, -999
19750805, 0600,  , LO, 19.1N,  87.2E,   0,    0,    0,    0,    0,    0,    0,    0,    0,    0,    0,    0,    0,    0, -999
19750805, 1200,  , LO, 19.5N,  87.0E,   0,    0,    0,    0,    0,    0,    0,    0,    0,    0,    0,    0,    0,    0, -999
19750805, 1800,  , LO, 20.1N,  87.0E,   0,    0,    0,    0,    0,    0,    0,    0,    0,    0,    0,    0,    0,    0, -999
19750806, 0000,  , LO, 20.7N,  87.0E,   0,    0,    0,    0,    0,    0,    0,    0,    0,    0,    0,    0,    0,    0, -999
19750806, 0600,  , LO, 21.5N,  86.5E,   0,    0,    0,    0,    0,    0,    0,    0,    0,    0,    0,    0,    0,    0, -999
19750806, 1200,  , LO, 22.2N,  85.6E,   0,    0,    0,    0,    0,    0,    0,    0,    0,    0,    0,    0,    0,    0, -999
19750806, 1800,  , LO, 22.8N,  84.3E,   0,    0,    0,    0,    0,    0,    0,    0,    0,    0,    0,    0,    0,    0, -999
19750807, 0000,  , LO, 23.3N,  82.5E,   0,    0,    0,    0,    0,    0,    0,    0,    0,    0,    0,    0,    0,    0, -999
