IO111973,            UNNAMED,     11,
19731025, 0000,  , LO, 14.6N,  70.1E,   0,    0,    0,    0,    0,    0,    0,    0,    0,    0,    0,    0,    0,    0, -999
19731025, 0600,  , LO, 15.2N,  70.1E,   0,    0,    0,    0,    0,    0,    0,    0,    0,    0,    0,    0,    0,    0, -999
19731025, 1200,  , LO, 15.7N,  70.2E,   0,    0,    0,    0,    0,    0,    0,    0,    0,    0,    0,    0,    0,    0, -999
19731025, 1800,  , LO, 16.2N,  70.2E,   0,    0,    0,    0,    0,    0,    0,    0,    0,    0,    0,    0,    0,    0, -999
19731026, 0000,  , LO, 16.7N,  70.3E,   0,    0,    0,    0,    0,    0,    0,    0,    0,    0,    0,    0,    0,    0, -999
19731026, 0600,  , LO, 17.0N,  70.5E,   0,    0,    0,    0,    0,    0,    0,    0,    0,    0,    0,    0,    0,    0, -999
19731026, 1200,  , LO, 17.2N,  70.7E,   0,    0,    0,    0,    0,    0,    0,    0,    0,    0,    0,    0,    0,    0, -999
19731026, 1800,  , LO, 17.3N,  70.8E,   0,    0,    0,    0,    0,    0,    0,    0,    0,    0,    0,    0,    0,    0, -999
19731027, 0000,  , LO, 17.5N,  70.9E,   0,    0,    0,    0,    0,    0,    0,    0,    0,    0,    0,    0,    0,    0, -999
19731027, 0600,  , LO, 17.7N,  71.1E,   0,    0,    0,    0,    0,    0,    0,    0,    0,    0,    0,    0,    0,    0, -999
19731027, 1200,  , LO, 18.0N,  71.5E,   0,    0,    0,    0,    0,    0,    0,    0,    0,    0,    0,    0,    0,    0, -999
