IO121973,            UNNAMED,     23,
19731103, 1200,  , LO,  7.1N,  90.8E,   0,    0,    0,    0,    0,    0,    0,    0,    0,    0,    0,    0,    0,    0, -999
19731103, 1800,  , LO,  7.3N,  90.5E,   0,    0,    0,    0,    0,    0,    0,    0,    0,    0,    0,    0,    0,    0, -999
19731104, 0000,  , LO,  7.7N,  90.1E,   0,    0,    0,    0,    0,    0,    0,    0,    0,    0,    0,    0,    0,    0, -999
19731104, 0600,  , XX,  8.1N,  89.7E,  35,    0,    0,    0,    0,    0,    0,    0,    0,    0,    0,    0,    0,    0, -999
19731104, 1200,  , XX,  8.6N,  89.3E,  40,    0,    0,    0,    0,    0,    0,    0,    0,    0,    0,    0,    0,    0, -999
19731104, 1800,  , XX,  9.0N,  88.9E,  50,    0,    0,    0,    0,    0,    0,    0,    0,    0,    0,    0,    0,    0, -999
19731105, 0000,  , XX,  9.5N,  88.5E,  55,    0,    0,    0,    0,    0,    0,    0,    0,    0,    0,    0,    0,    0, -999
19731105, 0600,  , XX, 10.2N,  88.1E,  60,    0,    0,    0,    0,    0,    0,    0,    0,    0,    0,    0,    0,    0, -999
19731105, 1200,  , XX, 11.0N,  87.8E,  60,    0,    0,    0,    0,    0,    0,    0,    0,    0,    0,    0,    0,    0, -999
19731105, 1800,  , XX, 11.6N,  87.5E,  60,    0,    0,    0,    0,    0,    0,    0,    0,    0,    0,    0,    0,    0, -999
19731106, 0000,  , XX, 12.2N,  87.4E,  60,    0,    0,    0,    0,    0,    0,    0,    0,    0,    0,    0,    0,    0, -999
19731106, 0600,  , XX, 12.8N,  87.4E,  60,    0,    0,    0,    0,    0,    0,    0,    0,    0,    0,    0,    0,    0, -999
19731106, 1200,  , XX, 13.5N,  87.4E,  60,    0,    0,    0,    0,    0,    0,    0,    0,    0,    0,    0,    0,    0, -999
19731106, 1800,  , XX, 14.1N,  87.5E,  55,    0,    0,    0,    0,    0,    0,    0,    0,    0,    0,    0,    0,    0, -999
19731107, 0000,  , XX, 14.7N,  87.7E,  55,    0,    0,    0,    0,    0,    0,    0,    0,    0,    0,    0,    0,    0, -999
19731107, 0600,  , XX, 15.9N,  87.9E,  55,    0,    0,    0,    0,    0,    0,    0,    0,    0,    0,    0,    0,    0, -999
19731107, 1200,  , XX, 17.1N,  88.2E,  55,    0,    0,    0,    0,    0,    0,    0,    0,    0,    0,    0,    0,    0, -999
19731107, 1800,  , XX, 17.6N,  88.4E,  50,    0,    0,    0,    0,    0,    0,    0,    0,    0,    0,    0,    0,    0, -999
19731108, 0000,  , XX, 18.0N,  88.3E,  45,    0,    0,    0,    0,    0,    0,    0,    0,    0,    0,    0,    0,    0, -999
19731108, 0600,  , XX, 18.8N,  87.9E,  45,    0,    0,    0,    0,    0,    0,    0,    0,    0,    0,    0,    0,    0, -999
19731108, 1200,  , XX, 19.6N,  87.4E,  40,    0,    0,    0,    0,    0,    0,    0,    0,    0,    0,    0,    0,    0, -999
19731108, 1800,  , XX, 20.1N,  86.9E,  30,    0,    0,    0,    0,    0,    0,    0,    0,    0,    0,    0,    0,    0, -999
19731109, 0000,  , XX, 20.5N,  86.3E,   0,    0,    0,    0,    0,    0,    0,    0,    0,    0,    0,    0,    0,    0, -999
