IO131971,            UNNAMED,     14,
19711014, 0600,  , LO, 15.9N,  88.5E,   0,    0,    0,    0,    0,    0,    0,    0,    0,    0,    0,    0,    0,    0, -999
19711014, 1200,  , LO, 16.4N,  87.2E,   0,    0,    0,    0,    0,    0,    0,    0,    0,    0,    0,    0,    0,    0, -999
19711014, 1800,  , LO, 16.8N,  86.1E,   0,    0,    0,    0,    0,    0,    0,    0,    0,    0,    0,    0,    0,    0, -999
19711015, 0000,  , LO, 17.4N,  85.1E,   0,    0,    0,    0,    0,    0,    0,    0,    0,    0,    0,    0,    0,    0, -999
19711015, 0600,  , LO, 17.8N,  84.1E,   0,    0,    0,    0,    0,    0,    0,    0,    0,    0,    0,    0,    0,    0, -999
19711015, 1200,  , LO, 18.3N,  83.1E,   0,    0,    0,    0,    0,    0,    0,    0,    0,    0,    0,    0,    0,    0, -999
19711015, 1800,  , LO, 18.7N,  82.2E,   0,    0,    0,    0,    0,    0,    0,    0,    0,    0,    0,    0,    0,    0, -999
19711016, 0000,  , LO, 19.2N,  81.7E,   0,    0,    0,    0,    0,    0,    0,    0,    0,    0,    0,    0,    0,    0, -999
19711016, 0600,  , LO, 19.7N,  81.1E,   0,    0,    0,    0,    0,    0,    0,    0,    0,    0,    0,    0,    0,    0, -999
19711016, 1200,  , LO, 20.9N,  80.5E,   0,    0,    0,    0,    0,    0,    0,    0,    0,    0,    0,    0,    0,    0, -999
19711016, 1800,  , LO, 22.1N,  80.2E,   0,    0,    0,    0,    0,    0,    0,    0,    0,    0,    0,    0,    0,    0, -999
19711017, 0000,  , LO, 23.4N,  80.1E,   0,    0,    0,    0,    0,    0,    0,    0,    0,    0,    0,    0,    0,    0, -999
19711017, 0600,  , LO, 24.6N,  80.1E,   0,    0,    0,    0,    0,    0,    0,    0,    0,    0,    0,    0,    0,    0, -999
19711017, 1200,  , LO, 25.7N,  80.1E,   0,    0,    0,    0,    0,    0,    0,    0,    0,    0,    0,    0,    0,    0, -999
