IO151973,            UNNAMED,      9,
19731213, 1200,  , LO,  7.1N,  88.3E,   0,    0,    0,    0,    0,    0,    0,    0,    0,    0,    0,    0,    0,    0, -999
19731213, 1800,  , LO,  7.5N,  87.1E,   0,    0,    0,    0,    0,    0,    0,    0,    0,    0,    0,    0,    0,    0, -999
19731214, 0000,  , LO,  7.9N,  85.7E,   0,    0,    0,    0,    0,    0,    0,    0,    0,    0,    0,    0,    0,    0, -999
19731214, 0600,  , LO,  8.4N,  83.8E,   0,    0,    0,    0,    0,    0,    0,    0,    0,    0,    0,    0,    0,    0, -999
19731214, 1200,  , LO,  8.8N,  82.1E,   0,    0,    0,    0,    0,    0,    0,    0,    0,    0,    0,    0,    0,    0, -999
19731214, 1800,  , LO,  9.0N,  81.2E,   0,    0,    0,    0,    0,    0,    0,    0,    0,    0,    0,    0,    0,    0, -999
19731215, 0000,  , LO,  9.1N,  80.5E,   0,    0,    0,    0,    0,    0,    0,    0,    0,    0,    0,    0,    0,    0, -999
19731215, 0600,  , LO,  9.2N,  79.9E,   0,    0,    0,    0,    0,    0,    0,    0,    0,    0,    0,    0,    0,    0, -999
19731215, 1200,  , LO,  9.3N,  79.3E,   0,    0,    0,    0,    0,    0,    0,    0,    0,    0,    0,    0,    0,    0, -999
