SH011973,            UNNAMED,     43,
19721019, 0000,  , LO,  7.4S, 178.5W, -999,    0,    0,    0,    0,    0,    0,    0,    0,    0,    0,    0,    0,    0, -999
19721019, 0600,  , LO,  7.6S, 178.7W, -999,    0,    0,    0,    0,    0,    0,    0,    0,    0,    0,    0,    0,    0, -999
19721019, 1200,  , LO,  7.8S, 178.9W, -999,    0,    0,    0,    0,    0,    0,    0,    0,    0,    0,    0,    0,    0, -999
19721019, 1800,  , LO,  7.9S, 179.0W, -999,    0,    0,    0,    0,    0,    0,    0,    0,    0,    0,    0,    0,    0, -999
19721020, 0000,  , LO,  8.1S, 179.2W, -999,    0,    0,    0,    0,    0,    0,    0,    0,    0,    0,    0,    0,    0, -999
19721020, 0600,  , LO,  8.3S, 179.3W, -999,    0,    0,    0,    0,    0,    0,    0,    0,    0,    0,    0,    0,    0, -999
19721020, 1200,  , LO,  8.5S, 179.5W, -999,    0,    0,    0,    0,    0,    0,    0,    0,    0,    0,    0,    0,    0, -999
19721020, 1800,  , LO,  8.7S, 179.6W, -999,    0,    0,    0,    0,    0,    0,    0,    0,    0,    0,    0,    0,    0, -999
19721021, 0000,  , LO,  8.9S, 179.8W, -999,    0,    0,    0,    0,    0,    0,    0,    0,    0,    0,    0,    0,    0, -999
19721021, 0600,  , LO,  9.1S, 179.9E, -999,    0,    0,    0,    0,    0,    0,    0,    0,    0,    0,    0,    0,    0, -999
19721021, 1200,  , LO,  9.4S, 179.6E, -999,    0,    0,    0,    0,    0,    0,    0,    0,    0,    0,    0,    0,    0, -999
19721021, 1800,  , LO,  9.7S, 179.4E, -999,    0,    0,    0,    0,    0,    0,    0,    0,    0,    0,    0,    0,    0, -999
19721022, 0000,  , LO, 10.0S, 179.3E, -999,    0,    0,    0,    0,    0,    0,    0,    0,    0,    0,    0,    0,    0, -999
19721022, 0600,  , LO, 10.6S, 176.2E, -999,    0,    0,    0,    0,    0,    0,    0,    0,    0,    0,    0,    0,    0, -999
19721022, 1200,  , LO, 11.4S, 173.2E, -999,    0,    0,    0,    0,    0,    0,    0,    0,    0,    0,    0,    0,    0, -999
19721022, 1800,  , LO, 12.2S, 175.3E, -999,    0,    0,    0,    0,    0,    0,    0,    0,    0,    0,    0,    0,    0, -999
19721023, 0000,  , LO, 13.1S, 177.4E, -999,    0,    0,    0,    0,    0,    0,    0,    0,    0,    0,    0,    0,    0, -999
19721023, 0600,  , LO, 14.2S, 177.4E, -999,    0,    0,    0,    0,    0,    0,    0,    0,    0,    0,    0,    0,    0, -999
19721023, 1200,  , LO, 15.4S, 177.4E, -999,    0,    0,    0,    0,    0,    0,    0,    0,    0,    0,    0,    0,    0, -999
19721023, 1800,  , LO, 16.5S, 177.7E, -999,    0,    0,    0,    0,    0,    0,    0,    0,    0,    0,    0,    0,    0, -999
19721024, 0000,  , LO, 17.7S, 178.1E, -999,    0,    0,    0,    0,    0,    0,    0,    0,    0,    0,    0,    0,    0, -999
19721024, 0600,  , LO, 18.5S, 178.6E, -999,    0,    0,    0,    0,    0,    0,    0,    0,    0,    0,    0,    0,    0, -999
19721024, 1200,  , LO, 19.0S, 179.1E, -999,    0,    0,    0,    0,    0,    0,    0,    0,    0,    0,    0,    0,    0, -999
19721024, 1800,  , LO, 19.5S, 179.5E, -999,    0,    0,    0,    0,    0,    0,    0,    0,    0,    0,    0,    0,    0, -999
19721025, 0000,  , LO, 20.0S, 180.0E, -999,    0,    0,    0,    0,    0,    0,    0,    0,    0,    0,    0,    0,    0, -999
19721025, 0600,  , LO, 20.5S, 179.2W, -999,    0,    0,    0,    0,    0,    0,    0,    0,    0,    0,    0,    0,    0, -999
19721025, 1200,  , LO, 21.0S, 178.3W, -999,    0,    0,    0,    0,    0,    0,    0,    0,    0,    0,    0,    0,    0, -999
19721025, 1800,  , LO, 22.3S, 177.4W, -999,    0,    0,    0,    0,    0,    0,    0,    0,    0,    0,    0,    0,    0, -999
19721026, 0000,  , LO, 23.6S, 176.3W, -999,    0,    0,    0,    0,    0,    0,    0,    0,    0,    0,    0,    0,    0, -999
19721026, 0600,  , LO, 23.8S, 175.0W, -999,    0,    0,    0,    0,    0,    0,    0,    0,    0,    0,    0,    0,    0, -999
19721026, 1200,  , LO, 24.0S, 173.7W, -999,    0,    0,    0,    0,    0,    0,    0,    0,    0,    0,    0,    0,    0, -999
19721026, 1800,  , LO, 24.6S, 172.4W, -999,    0,    0,    0,    0,    0,    0,    0,    0,    0,    0,    0,    0,    0, -999
19721027, 0000,  , LO, 25.5S, 171.0W, -999,    0,    0,    0,    0,    0,    0,    0,    0,    0,    0,    0,    0,    0, -999
19721027, 0600,  , LO, 26.8S, 171.8W, -999,    0,    0,    0,    0,    0,    0,    0,    0,    0,    0,    0,    0,    0, -999
19721027, 1200,  , LO, 28.3S, 172.6W, -999,    0,    0,    0,    0,    0,    0,    0,    0,    0,    0,    0,    0,    0, -999
19721027, 1800,  , LO, 29.9S, 168.3W, -999,    0,    0,    0,    0,    0,    0,    0,    0,    0,    0,    0,    0,    0, -999
19721028, 0000,  , LO, 31.5S, 164.0W, -999,    0,    0,    0,    0,    0,    0,    0,    0,    0,    0,    0,    0,    0, -999
19721028, 0600,  , LO, 33.2S, 162.5W, -999,    0,    0,    0,    0,    0,    0,    0,    0,    0,    0,    0,    0,    0, -999
19721028, 1200,  , LO, 35.0S, 161.3W, -999,    0,    0,    0,    0,    0,    0,    0,    0,    0,    0,    0,    0,    0, -999
19721028, 1800,  , LO, 36.7S, 160.3W, -999,    0,    0,    0,    0,    0,    0,    0,    0,    0,    0,    0,    0,    0, -999
19721029, 0000,  , LO, 38.4S, 159.3W, -999,    0,    0,    0,    0,    0,    0,    0,    0,    0,    0,    0,    0,    0, -999
19721029, 0600,  , LO, 39.9S, 157.8W, -999,    0,    0,    0,    0,    0,    0,    0,    0,    0,    0,    0,    0,    0, -999
19721029, 1200,  , LO, 41.3S, 156.0W, -999,    0,    0,    0,    0,    0,    0,    0,    0,    0,    0,    0,    0,    0, -999
