SH011992,            UNNAMED,     13,
19910910, 0600,  , LO,  8.8S,  79.7E,  20,    0,    0,    0,    0,    0,    0,    0,    0,    0,    0,    0,    0,    0, -999
19910910, 1200,  , LO,  9.2S,  80.2E,  25,    0,    0,    0,    0,    0,    0,    0,    0,    0,    0,    0,    0,    0, -999
19910910, 1800,  , LO,  9.7S,  80.5E,  25,    0,    0,    0,    0,    0,    0,    0,    0,    0,    0,    0,    0,    0, -999
19910911, 0000,  , LO, 10.1S,  80.6E,  30,    0,    0,    0,    0,    0,    0,    0,    0,    0,    0,    0,    0,    0, -999
19910911, 0600,  , LO, 10.4S,  80.5E,  30,    0,    0,    0,    0,    0,    0,    0,    0,    0,    0,    0,    0,    0, -999
19910911, 1200,  , TS, 10.7S,  80.4E,  35,    0,    0,    0,    0,    0,    0,    0,    0,    0,    0,    0,    0,    0, -999
19910911, 1800,  , TS, 11.0S,  80.4E,  35,    0,    0,    0,    0,    0,    0,    0,    0,    0,    0,    0,    0,    0, -999
19910912, 0000,  , TS, 11.2S,  80.6E,  40,    0,    0,    0,    0,    0,    0,    0,    0,    0,    0,    0,    0,    0, -999
19910912, 0600,  , TS, 11.3S,  81.0E,  45,    0,    0,    0,    0,    0,    0,    0,    0,    0,    0,    0,    0,    0, -999
19910912, 1200,  , TS, 11.0S,  81.3E,  40,    0,    0,    0,    0,    0,    0,    0,    0,    0,    0,    0,    0,    0, -999
19910912, 1800,  , TS, 10.6S,  81.5E,  35,    0,    0,    0,    0,    0,    0,    0,    0,    0,    0,    0,    0,    0, -999
19910913, 0000,  , LO, 10.1S,  81.3E,  30,    0,    0,    0,    0,    0,    0,    0,    0,    0,    0,    0,    0,    0, -999
19910913, 0600,  , LO,  9.7S,  81.1E,  25,    0,    0,    0,    0,    0,    0,    0,    0,    0,    0,    0,    0,    0, -999
