SH012006,            UNNAMED,     15,
20051013, 1800,  , DB,  9.2S,  84.2E,  20, 1007,    0,    0,    0,    0,    0,    0,    0,    0,    0,    0,    0,    0, -999
20051014, 0000,  , TD,  9.6S,  83.2E,  25, 1004,    0,    0,    0,    0,    0,    0,    0,    0,    0,    0,    0,    0, -999
20051014, 0600,  , TD, 10.2S,  82.3E,  30, 1000,    0,    0,    0,    0,    0,    0,    0,    0,    0,    0,    0,    0, -999
20051014, 1200,  , TS, 11.1S,  81.9E,  35,  997,    0,    0,    0,    0,    0,    0,    0,    0,    0,    0,    0,    0, -999
20051014, 1800,  , TS, 12.0S,  81.4E,  40,  994,   40,   40,   40,   40,    0,    0,    0,    0,    0,    0,    0,    0, -999
20051015, 0000,  , TS, 13.0S,  81.3E,  40,  994,   40,   40,   40,   40,    0,    0,    0,    0,    0,    0,    0,    0, -999
20051015, 0600,  , TS, 13.5S,  81.0E,  35,  997,   40,   40,   40,   40,    0,    0,    0,    0,    0,    0,    0,    0, -999
20051015, 1200,  , TS, 13.9S,  80.6E,  35,  996,    0,    0,    0,    0,    0,    0,    0,    0,    0,    0,    0,    0, -999
20051015, 1800,  , TD, 14.2S,  80.0E,  25, 1002,    0,    0,    0,    0,    0,    0,    0,    0,    0,    0,    0,    0, -999
20051016, 0000,  , DB, 14.5S,  79.4E,  20, 1004,    0,    0,    0,    0,    0,    0,    0,    0,    0,    0,    0,    0, -999
20051016, 0600,  , DB, 14.8S,  78.8E,  20, 1004,    0,    0,    0,    0,    0,    0,    0,    0,    0,    0,    0,    0, -999
20051016, 1200,  , DB, 15.0S,  78.3E,  20, 1004,    0,    0,    0,    0,    0,    0,    0,    0,    0,    0,    0,    0, -999
20051016, 1800,  , EX, 15.1S,  77.8E,  20, 1004,    0,    0,    0,    0,    0,    0,    0,    0,    0,    0,    0,    0, -999
20051017, 0000,  , EX, 15.0S,  77.3E,  15, 1006,    0,    0,    0,    0,    0,    0,    0,    0,    0,    0,    0,    0, -999
20051017, 0600,  , EX, 14.9S,  76.9E,  15, 1006,    0,    0,    0,    0,    0,    0,    0,    0,    0,    0,    0,    0, -999
