SH012014,                ONE,     26,
20131023, 1200,  , DB,  8.6S,  77.1E,  20, 1007,    0,    0,    0,    0,    0,    0,    0,    0,    0,    0,    0,    0, -999
20131023, 1800,  , DB,  8.9S,  76.0E,  20, 1007,    0,    0,    0,    0,    0,    0,    0,    0,    0,    0,    0,    0, -999
20131024, 0000,  , DB,  9.1S,  75.0E,  20, 1007,    0,    0,    0,    0,    0,    0,    0,    0,    0,    0,    0,    0, -999
20131024, 0600,  , DB,  9.0S,  73.9E,  20, 1007,    0,    0,    0,    0,    0,    0,    0,    0,    0,    0,    0,    0, -999
20131024, 1200,  , DB,  8.7S,  72.9E,  20, 1007,    0,    0,    0,    0,    0,    0,    0,    0,    0,    0,    0,    0, -999
20131024, 1800,  , DB,  8.7S,  71.8E,  20, 1007,    0,    0,    0,    0,    0,    0,    0,    0,    0,    0,    0,    0, -999
20131025, 0000,  , TD,  9.0S,  70.7E,  25, 1004,    0,    0,    0,    0,    0,    0,    0,    0,    0,    0,    0,    0, -999
20131025, 0600,  , TD,  9.1S,  69.8E,  25, 1004,    0,    0,    0,    0,    0,    0,    0,    0,    0,    0,    0,    0, -999
20131025, 1200,  , TD,  9.3S,  69.1E,  25, 1004,    0,    0,    0,    0,    0,    0,    0,    0,    0,    0,    0,    0, -999
20131025, 1800,  , TD,  9.6S,  68.6E,  30, 1000,    0,    0,    0,    0,    0,    0,    0,    0,    0,    0,    0,    0, -999
20131026, 0000,  , TD, 10.0S,  68.1E,  30, 1000,    0,    0,    0,    0,    0,    0,    0,    0,    0,    0,    0,    0, -999
20131026, 0600,  , TD, 10.7S,  67.8E,  30, 1000,    0,    0,    0,    0,    0,    0,    0,    0,    0,    0,    0,    0, -999
20131026, 1200,  , TS, 11.2S,  67.2E,  35,  996,    0,    0,    0,    0,    0,    0,    0,    0,    0,    0,    0,    0, -999
20131026, 1800,  , TS, 11.8S,  66.5E,  35,  996,    0,    0,    0,    0,    0,    0,    0,    0,    0,    0,    0,    0, -999
20131027, 0000,  , TS, 12.5S,  65.7E,  40,  993,   20,   20,   20,   20,    0,    0,    0,    0,    0,    0,    0,    0, -999
20131027, 0600,  , TS, 13.0S,  64.9E,  35,  996,   20,   20,   20,   20,    0,    0,    0,    0,    0,    0,    0,    0, -999
20131027, 1200,  , TD, 12.8S,  64.0E,  30, 1000,    0,    0,    0,    0,    0,    0,    0,    0,    0,    0,    0,    0, -999
20131027, 1800,  , TD, 13.0S,  63.1E,  25, 1004,    0,    0,    0,    0,    0,    0,    0,    0,    0,    0,    0,    0, -999
20131028, 0000,  , TD, 13.2S,  62.6E,  25, 1004,    0,    0,    0,    0,    0,    0,    0,    0,    0,    0,    0,    0, -999
20131028, 0600,  , TD, 13.5S,  62.2E,  25, 1004,    0,    0,    0,    0,    0,    0,    0,    0,    0,    0,    0,    0, -999
20131028, 1200,  , DB, 14.1S,  61.7E,  20, 1007,    0,    0,    0,    0,    0,    0,    0,    0,    0,    0,    0,    0, -999
20131028, 1800,  , DB, 15.1S,  60.5E,  20, 1007,    0,    0,    0,    0,    0,    0,    0,    0,    0,    0,    0,    0, -999
20131029, 0000,  , DB, 14.7S,  58.6E,  20, 1007,    0,    0,    0,    0,    0,    0,    0,    0,    0,    0,    0,    0, -999
20131029, 0600,  , DB, 14.1S,  57.2E,  20, 1007,    0,    0,    0,    0,    0,    0,    0,    0,    0,    0,    0,    0, -999
20131029, 1200,  , DB, 13.5S,  55.6E,  20, 1007,    0,    0,    0,    0,    0,    0,    0,    0,    0,    0,    0,    0, -999
20131029, 1800,  , DB, 13.1S,  54.3E,  20, 1007,    0,    0,    0,    0,    0,    0,    0,    0,    0,    0,    0,    0, -999
