SH012008,            UNNAMED,     11,
20070728, 1200,  , TD,  5.9S,  86.6E,  30, 1000,    0,    0,    0,    0,    0,    0,    0,    0,    0,    0,    0,    0, -999
20070728, 1800,  , TD,  6.8S,  87.5E,  30, 1000,    0,    0,    0,    0,    0,    0,    0,    0,    0,    0,    0,    0, -999
20070729, 0000,  , TD,  7.8S,  88.4E,  30, 1000,    0,    0,    0,    0,    0,    0,    0,    0,    0,    0,    0,    0, -999
20070729, 0600,  , TD,  8.8S,  89.3E,  30, 1000,    0,    0,    0,    0,    0,    0,    0,    0,    0,    0,    0,    0, -999
20070729, 1200,  , TD,  9.6S,  90.0E,  30, 1000,    0,    0,    0,    0,    0,    0,    0,    0,    0,    0,    0,    0, -999
20070729, 1800,  , TS, 10.4S,  90.6E,  35,  996,    0,    0,    0,    0,    0,    0,    0,    0,    0,    0,    0,    0, -999
20070730, 0000,  , TS, 11.0S,  91.1E,  40,  993,   25,   25,   25,   25,    0,    0,    0,    0,    0,    0,    0,    0, -999
20070730, 0600,  , TS, 11.6S,  91.5E,  35,  996,   25,   25,   25,   25,    0,    0,    0,    0,    0,    0,    0,    0, -999
20070730, 1200,  , TS, 12.0S,  91.7E,  35,  996,   25,   25,   25,   25,    0,    0,    0,    0,    0,    0,    0,    0, -999
20070730, 1800,  , EX, 12.3S,  91.4E,  25, 1004,    0,    0,    0,    0,    0,    0,    0,    0,    0,    0,    0,    0, -999
20070731, 0000,  , EX, 12.3S,  90.8E,  25, 1004,    0,    0,    0,    0,    0,    0,    0,    0,    0,    0,    0,    0, -999
