SH032007,              ANITA,     28,
20061127, 0600,  , DB,  7.3S,  47.2E,  20, 1004,    0,    0,    0,    0,    0,    0,    0,    0,    0,    0,    0,    0, -999
20061127, 1200,  , TD,  7.7S,  46.5E,  25, 1004,    0,    0,    0,    0,    0,    0,    0,    0,    0,    0,    0,    0, -999
20061127, 1800,  , TD,  8.2S,  45.9E,  25, 1002,    0,    0,    0,    0,    0,    0,    0,    0,    0,    0,    0,    0, -999
20061128, 0000,  , TD,  8.8S,  45.3E,  30, 1002,    0,    0,    0,    0,    0,    0,    0,    0,    0,    0,    0,    0, -999
20061128, 0600,  , TD,  9.4S,  44.7E,  30, 1000,    0,    0,    0,    0,    0,    0,    0,    0,    0,    0,    0,    0, -999
20061128, 1200,  , TD,  9.8S,  44.0E,  30, 1000,    0,    0,    0,    0,    0,    0,    0,    0,    0,    0,    0,    0, -999
20061128, 1800,  , TD, 10.1S,  43.2E,  30, 1000,    0,    0,    0,    0,    0,    0,    0,    0,    0,    0,    0,    0, -999
20061129, 0000,  , TD, 10.3S,  42.6E,  30, 1000,    0,    0,    0,    0,    0,    0,    0,    0,    0,    0,    0,    0, -999
20061129, 0600,  , TD, 10.5S,  42.1E,  30, 1000,    0,    0,    0,    0,    0,    0,    0,    0,    0,    0,    0,    0, -999
20061129, 1200,  , TS, 10.8S,  41.8E,  35,  996,   40,   45,   40,   40,    0,    0,    0,    0,    0,    0,    0,    0, -999
20061129, 1800,  , TS, 11.2S,  41.7E,  40,  993,   45,   50,   45,   45,    0,    0,    0,    0,    0,    0,    0,    0, -999
20061130, 0000,  , TS, 11.6S,  41.8E,  40,  993,   45,   50,   45,   45,    0,    0,    0,    0,    0,    0,    0,    0, -999
20061130, 0600,  , TS, 12.1S,  42.0E,  45,  991,   50,   50,   45,   45,    0,    0,    0,    0,    0,    0,    0,    0, -999
20061130, 1200,  , TS, 12.8S,  42.2E,  45,  991,   55,   55,   45,   45,    0,    0,    0,    0,    0,    0,    0,    0, -999
20061130, 1800,  , TS, 13.5S,  42.4E,  45,  989,   50,   50,   40,   40,    0,    0,    0,    0,    0,    0,    0,    0, -999
20061201, 0000,  , TS, 14.1S,  42.5E,  45,  991,   50,   50,   40,   40,    0,    0,    0,    0,    0,    0,    0,    0, -999
20061201, 0600,  , TS, 14.7S,  42.6E,  45,  991,   55,   55,   45,   45,    0,    0,    0,    0,    0,    0,    0,    0, -999
20061201, 1200,  , TS, 15.3S,  42.6E,  45,  991,   55,   55,   45,   45,    0,    0,    0,    0,    0,    0,    0,    0, -999
20061201, 1800,  , TS, 15.9S,  42.6E,  40,  994,   50,   50,   40,   40,    0,    0,    0,    0,    0,    0,    0,    0, -999
20061202, 0000,  , TD, 16.3S,  42.6E,  30, 1000,    0,    0,    0,    0,    0,    0,    0,    0,    0,    0,    0,    0, -999
20061202, 0600,  , TD, 16.6S,  42.5E,  30, 1000,    0,    0,    0,    0,    0,    0,    0,    0,    0,    0,    0,    0, -999
20061202, 1200,  , TD, 16.9S,  42.4E,  30, 1000,    0,    0,    0,    0,    0,    0,    0,    0,    0,    0,    0,    0, -999
20061202, 1800,  , TD, 17.4S,  42.2E,  25, 1002,    0,    0,    0,    0,    0,    0,    0,    0,    0,    0,    0,    0, -999
20061203, 0000,  , TD, 17.8S,  41.9E,  25, 1002,    0,    0,    0,    0,    0,    0,    0,    0,    0,    0,    0,    0, -999
20061203, 0600,  , TD, 18.2S,  41.5E,  25, 1002,    0,    0,    0,    0,    0,    0,    0,    0,    0,    0,    0,    0, -999
20061203, 1200,  , TD, 19.0S,  41.2E,  25, 1002,    0,    0,    0,    0,    0,    0,    0,    0,    0,    0,    0,    0, -999
20061203, 1800,  , TD, 19.8S,  40.9E,  25, 1002,    0,    0,    0,    0,    0,    0,    0,    0,    0,    0,    0,    0, -999
20061204, 0000,  , TD, 20.5S,  40.7E,  25, 1002,    0,    0,    0,    0,    0,    0,    0,    0,    0,    0,    0,    0, -999
