SH032021,              THREE,     27,
20201205, 1200,  , TD,  9.1S, 106.2E,  25, 1004,    0,    0,    0,    0,    0,    0,    0,    0,    0,    0,    0,    0, -999
20201205, 1800,  , TD,  9.0S, 106.1E,  25, 1004,    0,    0,    0,    0,    0,    0,    0,    0,    0,    0,    0,    0, -999
20201206, 0000,  , TD,  8.9S, 106.2E,  30, 1000,    0,    0,    0,    0,    0,    0,    0,    0,    0,    0,    0,    0, -999
20201206, 0600,  , TD,  9.0S, 107.1E,  30, 1001,    0,    0,    0,    0,    0,    0,    0,    0,    0,    0,    0,    0, -999
20201206, 1200,  , TD,  9.5S, 107.7E,  25, 1003,    0,    0,    0,    0,    0,    0,    0,    0,    0,    0,    0,    0, -999
20201206, 1800,  , TD, 10.0S, 108.0E,  30, 1004,    0,    0,    0,    0,    0,    0,    0,    0,    0,    0,    0,    0, -999
20201207, 0000,  , TD, 10.3S, 108.2E,  30, 1002,    0,    0,    0,    0,    0,    0,    0,    0,    0,    0,    0,    0, -999
20201207, 0600,  , TD, 10.6S, 108.2E,  30, 1001,    0,    0,    0,    0,    0,    0,    0,    0,    0,    0,    0,    0, -999
20201207, 1200,  , TD, 10.9S, 108.1E,  30, 1001,    0,    0,    0,    0,    0,    0,    0,    0,    0,    0,    0,    0, -999
20201207, 1800,  , TD, 11.0S, 107.7E,  30, 1000,    0,    0,    0,    0,    0,    0,    0,    0,    0,    0,    0,    0, -999
20201208, 0000,  , TD, 11.2S, 107.5E,  30, 1001,    0,    0,    0,    0,    0,    0,    0,    0,    0,    0,    0,    0, -999
20201208, 0600,  , TS, 11.3S, 107.6E,  35,  998,   75,    0,   65,  120,    0,    0,    0,    0,    0,    0,    0,    0, -999
20201208, 1200,  , TS, 11.1S, 108.0E,  40,  994,   75,    0,   90,  100,    0,    0,    0,    0,    0,    0,    0,    0, -999
20201208, 1800,  , TS, 10.9S, 108.6E,  45,  992,   70,   20,   70,   70,    0,    0,    0,    0,    0,    0,    0,    0, -999
20201209, 0000,  , TS, 11.1S, 109.0E,  45,  994,   60,   20,   60,   55,    0,    0,    0,    0,    0,    0,    0,    0, -999
20201209, 0600,  , TS, 11.6S, 109.9E,  40,  995,   50,   15,   60,   45,    0,    0,    0,    0,    0,    0,    0,    0, -999
20201209, 1200,  , TS, 12.4S, 110.6E,  35,  998,   40,   10,   60,   40,    0,    0,    0,    0,    0,    0,    0,    0, -999
20201209, 1800,  , TS, 13.3S, 110.9E,  35,  998,   20,    5,   60,   30,    0,    0,    0,    0,    0,    0,    0,    0, -999
20201210, 0000,  , TS, 14.0S, 111.4E,  35, 1000,    0,    0,   65,   25,    0,    0,    0,    0,    0,    0,    0,    0, -999
20201210, 0600,  , TS, 14.8S, 112.3E,  35, 1001,   20,   15,   65,   20,    0,    0,    0,    0,    0,    0,    0,    0, -999
20201210, 1200,  , TS, 15.9S, 113.6E,  35, 1001,   40,   30,   65,   20,    0,    0,    0,    0,    0,    0,    0,    0, -999
20201210, 1800,  , TS, 18.0S, 115.8E,  45,  997,   60,   45,   65,   20,    0,    0,    0,    0,    0,    0,    0,    0, -999
20201211, 0000,  , TS, 19.6S, 117.3E,  40,  999,   80,   65,   65,   15,    0,    0,    0,    0,    0,    0,    0,    0, -999
20201211, 0600,  , TS, 21.2S, 119.1E,  35,  999,   20,   20,   20,   20,    0,    0,    0,    0,    0,    0,    0,    0, -999
20201211, 1200,  , TD, 22.8S, 121.1E,  25, 1002,    0,    0,    0,    0,    0,    0,    0,    0,    0,    0,    0,    0, -999
20201211, 1800,  , TD, 24.3S, 123.0E,  25, 1001,    0,    0,    0,    0,    0,    0,    0,    0,    0,    0,    0,    0, -999
20201212, 0000,  , DB, 25.9S, 124.6E,  20, 1001,    0,    0,    0,    0,    0,    0,    0,    0,    0,    0,    0,    0, -999
