SH041982,            UNNAMED,      9,
19811205, 0000,  , TS, 11.9S, 125.0E,  45,    0,    0,    0,    0,    0,    0,    0,    0,    0,    0,    0,    0,    0, -999
19811205, 0600,  , TS, 11.7S, 123.1E,  40,    0,    0,    0,    0,    0,    0,    0,    0,    0,    0,    0,    0,    0, -999
19811205, 1200,  , TS, 12.1S, 122.0E,  35,    0,    0,    0,    0,    0,    0,    0,    0,    0,    0,    0,    0,    0, -999
19811205, 1800,  , LO, 12.9S, 122.2E, -999,    0,    0,    0,    0,    0,    0,    0,    0,    0,    0,    0,    0,    0, -999
19811206, 0000,  , LO, 14.0S, 122.1E, -999,    0,    0,    0,    0,    0,    0,    0,    0,    0,    0,    0,    0,    0, -999
19811206, 0600,  , LO, 15.3S, 121.0E, -999,    0,    0,    0,    0,    0,    0,    0,    0,    0,    0,    0,    0,    0, -999
19811206, 1200,  , LO, 16.6S, 120.0E, -999,    0,    0,    0,    0,    0,    0,    0,    0,    0,    0,    0,    0,    0, -999
19811206, 1800,  , LO, 17.3S, 119.0E, -999,    0,    0,    0,    0,    0,    0,    0,    0,    0,    0,    0,    0,    0, -999
19811207, 0000,  , LO, 17.5S, 118.0E, -999,    0,    0,    0,    0,    0,    0,    0,    0,    0,    0,    0,    0,    0, -999
