SH042019,            BOUCHRA,     48,
20181109, 0600,  , DB,  5.1S,  90.1E,  20, 1006,    0,    0,    0,    0,    0,    0,    0,    0,    0,    0,    0,    0, -999
20181109, 1200,  , TD,  5.0S,  90.4E,  25, 1003,    0,    0,    0,    0,    0,    0,    0,    0,    0,    0,    0,    0, -999
20181109, 1800,  , TD,  5.0S,  90.8E,  30, 1000,    0,    0,    0,    0,    0,    0,    0,    0,    0,    0,    0,    0, -999
20181110, 0000,  , TS,  5.2S,  90.9E,  35,  996,   60,   55,    0,    0,    0,    0,    0,    0,    0,    0,    0,    0, -999
20181110, 0600,  , TS,  5.5S,  90.6E,  35,  995,   30,   50,   40,   40,    0,    0,    0,    0,    0,    0,    0,    0, -999
20181110, 1200,  , TS,  5.5S,  90.1E,  40,  992,   30,   50,   30,   40,    0,    0,    0,    0,    0,    0,    0,    0, -999
20181110, 1800,  , TS,  5.5S,  89.6E,  45,  998,   55,   45,   40,   35,    0,    0,    0,    0,    0,    0,    0,    0, -999
20181111, 0000,  , TS,  5.6S,  89.0E,  50,  985,   45,   60,   60,   45,    0,    0,    0,    0,    0,    0,    0,    0, -999
20181111, 0600,  , TS,  5.6S,  88.5E,  45,  988,   50,   50,   50,   35,    0,    0,    0,    0,    0,    0,    0,    0, -999
20181111, 1200,  , TS,  5.3S,  88.8E,  40,  993,   50,   50,   50,   35,    0,    0,    0,    0,    0,    0,    0,    0, -999
20181111, 1800,  , TS,  5.3S,  89.0E,  40,  992,   50,   60,   55,   50,    0,    0,    0,    0,    0,    0,    0,    0, -999
20181112, 0000,  , TS,  5.6S,  89.1E,  45,  988,   60,   60,   50,   65,    0,    0,    0,    0,    0,    0,    0,    0, -999
20181112, 0600,  , TS,  6.0S,  89.3E,  45,  989,   65,   45,   40,   50,    0,    0,    0,    0,    0,    0,    0,    0, -999
20181112, 1200,  , TS,  6.3S,  89.4E,  40,  992,   50,   55,   40,   40,    0,    0,    0,    0,    0,    0,    0,    0, -999
20181112, 1800,  , TS,  6.6S,  89.5E,  35,  996,   55,   65,   50,   95,    0,    0,    0,    0,    0,    0,    0,    0, -999
20181113, 0000,  , TD,  6.8S,  89.8E,  30, 1000,    0,    0,    0,    0,    0,    0,    0,    0,    0,    0,    0,    0, -999
20181113, 0600,  , TD,  7.0S,  90.1E,  25, 1001,    0,    0,    0,    0,    0,    0,    0,    0,    0,    0,    0,    0, -999
20181113, 1200,  , TD,  7.0S,  90.3E,  25, 1002,    0,    0,    0,    0,    0,    0,    0,    0,    0,    0,    0,    0, -999
20181113, 1800,  , TD,  7.0S,  90.6E,  25, 1003,    0,    0,    0,    0,    0,    0,    0,    0,    0,    0,    0,    0, -999
20181114, 0000,  , TD,  6.8S,  90.9E,  25, 1003,    0,    0,    0,    0,    0,    0,    0,    0,    0,    0,    0,    0, -999
20181114, 0600,  , TD,  6.6S,  91.3E,  25, 1003,    0,    0,    0,    0,    0,    0,    0,    0,    0,    0,    0,    0, -999
20181114, 1200,  , TD,  6.6S,  91.1E,  25, 1003,    0,    0,    0,    0,    0,    0,    0,    0,    0,    0,    0,    0, -999
20181114, 1800,  , TD,  6.8S,  90.8E,  25, 1003,    0,    0,    0,    0,    0,    0,    0,    0,    0,    0,    0,    0, -999
20181115, 0000,  , TD,  7.2S,  91.2E,  25, 1003,    0,    0,    0,    0,    0,    0,    0,    0,    0,    0,    0,    0, -999
20181115, 0600,  , TD,  7.8S,  91.5E,  25, 1003,    0,    0,    0,    0,    0,    0,    0,    0,    0,    0,    0,    0, -999
20181115, 1200,  , TD,  8.2S,  92.0E,  25, 1003,    0,    0,    0,    0,    0,    0,    0,    0,    0,    0,    0,    0, -999
20181115, 1800,  , TD,  8.4S,  92.4E,  25, 1003,    0,    0,    0,    0,    0,    0,    0,    0,    0,    0,    0,    0, -999
20181116, 0000,  , TD,  9.0S,  92.1E,  25, 1003,    0,    0,    0,    0,    0,    0,    0,    0,    0,    0,    0,    0, -999
20181116, 0600,  , TD,  9.7S,  91.7E,  25, 1002,    0,    0,    0,    0,    0,    0,    0,    0,    0,    0,    0,    0, -999
20181116, 1200,  , TD, 10.0S,  90.9E,  25, 1001,    0,    0,    0,    0,    0,    0,    0,    0,    0,    0,    0,    0, -999
20181116, 1800,  , TD, 10.5S,  90.1E,  30, 1000,    0,    0,    0,    0,    0,    0,    0,    0,    0,    0,    0,    0, -999
20181117, 0000,  , TD, 10.8S,  89.4E,  30, 1000,    0,    0,    0,    0,    0,    0,    0,    0,    0,    0,    0,    0, -999
20181117, 0600,  , TD, 11.2S,  88.6E,  30,  999,    0,    0,    0,    0,    0,    0,    0,    0,    0,    0,    0,    0, -999
20181117, 1200,  , TD, 11.4S,  87.4E,  30,  998,    0,    0,    0,    0,    0,    0,    0,    0,    0,    0,    0,    0, -999
20181117, 1800,  , TS, 11.4S,  86.3E,  35,  996,   50,   60,   55,   55,    0,    0,    0,    0,    0,    0,    0,    0, -999
20181118, 0000,  , TS, 11.5S,  85.1E,  40,  993,   20,   20,   20,   20,    0,    0,    0,    0,    0,    0,    0,    0, -999
20181118, 0600,  , TS, 12.4S,  84.3E,  45,  989,   60,   50,   40,   95,    0,    0,    0,    0,    0,    0,    0,    0, -999
20181118, 1200,  , TS, 13.0S,  83.5E,  50,  985,   60,   70,   60,   65,   35,   40,    0,    0,    0,    0,    0,    0, -999
20181118, 1800,  , TS, 13.4S,  82.6E,  55,  992,   70,   90,   60,   40,   30,   40,   25,   15,    0,    0,    0,    0, -999
20181119, 0000,  , TS, 13.9S,  81.7E,  55,  981,   85,  110,   90,   50,   40,   55,   40,   15,    0,    0,    0,    0, -999
20181119, 0600,  , TS, 14.6S,  81.0E,  60,  977,  105,  120,  100,   50,   50,   60,   50,   15,    0,    0,    0,    0, -999
20181119, 1200,  , TS, 15.0S,  80.1E,  55,  980,  110,  110,  100,   60,   55,   55,   50,   25,    0,    0,    0,    0, -999
20181119, 1800,  , TS, 15.4S,  79.3E,  45,  984,   40,   80,  100,   55,    0,    0,    0,    0,    0,    0,    0,    0, -999
20181120, 0000,  , TS, 15.5S,  78.8E,  40,  988,   25,   75,   85,   35,    0,    0,    0,    0,    0,    0,    0,    0, -999
20181120, 0600,  , TS, 15.3S,  78.2E,  35,  996,   25,   90,   80,   30,    0,    0,    0,    0,    0,    0,    0,    0, -999
20181120, 1200,  , TD, 15.5S,  77.7E,  30, 1000,    0,    0,    0,    0,    0,    0,    0,    0,    0,    0,    0,    0, -999
20181120, 1800,  , TD, 15.5S,  77.2E,  25, 1004,    0,    0,    0,    0,    0,    0,    0,    0,    0,    0,    0,    0, -999
20181121, 0000,  , DB, 15.8S,  76.5E,  20, 1007,    0,    0,    0,    0,    0,    0,    0,    0,    0,    0,    0,    0, -999
