SH041947,            UNNAMED,     25,
19461224, 0000,  , LO, 11.7S, 179.7W, -999,    0,    0,    0,    0,    0,    0,    0,    0,    0,    0,    0,    0,    0, -999
19461224, 0600,  , LO, 12.0S, 179.1W, -999,    0,    0,    0,    0,    0,    0,    0,    0,    0,    0,    0,    0,    0, -999
19461224, 1200,  , LO, 12.3S, 178.4W, -999,    0,    0,    0,    0,    0,    0,    0,    0,    0,    0,    0,    0,    0, -999
19461224, 1800,  , LO, 12.5S, 177.8W, -999,    0,    0,    0,    0,    0,    0,    0,    0,    0,    0,    0,    0,    0, -999
19461225, 0000,  , LO, 12.8S, 177.1W, -999,    0,    0,    0,    0,    0,    0,    0,    0,    0,    0,    0,    0,    0, -999
19461225, 0600,  , LO, 13.1S, 176.3W, -999,    0,    0,    0,    0,    0,    0,    0,    0,    0,    0,    0,    0,    0, -999
19461225, 1200,  , LO, 13.4S, 175.5W, -999,    0,    0,    0,    0,    0,    0,    0,    0,    0,    0,    0,    0,    0, -999
19461225, 1800,  , LO, 13.7S, 174.8W, -999,    0,    0,    0,    0,    0,    0,    0,    0,    0,    0,    0,    0,    0, -999
19461226, 0000,  , LO, 14.0S, 174.1W, -999,    0,    0,    0,    0,    0,    0,    0,    0,    0,    0,    0,    0,    0, -999
19461226, 0600,  , LO, 14.3S, 173.5W, -999,    0,    0,    0,    0,    0,    0,    0,    0,    0,    0,    0,    0,    0, -999
19461226, 1200,  , LO, 14.7S, 172.8W, -999,    0,    0,    0,    0,    0,    0,    0,    0,    0,    0,    0,    0,    0, -999
19461226, 1800,  , LO, 14.9S, 172.2W, -999,    0,    0,    0,    0,    0,    0,    0,    0,    0,    0,    0,    0,    0, -999
19461227, 0000,  , LO, 15.3S, 171.5W, -999,    0,    0,    0,    0,    0,    0,    0,    0,    0,    0,    0,    0,    0, -999
19461227, 0600,  , LO, 16.4S, 171.0W, -999,    0,    0,    0,    0,    0,    0,    0,    0,    0,    0,    0,    0,    0, -999
19461227, 1200,  , LO, 18.0S, 170.6W, -999,    0,    0,    0,    0,    0,    0,    0,    0,    0,    0,    0,    0,    0, -999
19461227, 1800,  , LO, 19.5S, 170.3W, -999,    0,    0,    0,    0,    0,    0,    0,    0,    0,    0,    0,    0,    0, -999
19461228, 0000,  , LO, 21.0S, 170.0W, -999,    0,    0,    0,    0,    0,    0,    0,    0,    0,    0,    0,    0,    0, -999
19461228, 0600,  , LO, 22.5S, 169.3W, -999,    0,    0,    0,    0,    0,    0,    0,    0,    0,    0,    0,    0,    0, -999
19461228, 1200,  , LO, 23.9S, 168.3W, -999,    0,    0,    0,    0,    0,    0,    0,    0,    0,    0,    0,    0,    0, -999
19461228, 1800,  , LO, 25.2S, 167.3W, -999,    0,    0,    0,    0,    0,    0,    0,    0,    0,    0,    0,    0,    0, -999
19461229, 0000,  , LO, 26.4S, 166.0W, -999,    0,    0,    0,    0,    0,    0,    0,    0,    0,    0,    0,    0,    0, -999
19461229, 0600,  , LO, 27.8S, 164.2W, -999,    0,    0,    0,    0,    0,    0,    0,    0,    0,    0,    0,    0,    0, -999
19461229, 1200,  , LO, 29.3S, 162.0W, -999,    0,    0,    0,    0,    0,    0,    0,    0,    0,    0,    0,    0,    0, -999
19461229, 1800,  , LO, 30.6S, 159.7W, -999,    0,    0,    0,    0,    0,    0,    0,    0,    0,    0,    0,    0,    0, -999
19461230, 0000,  , LO, 31.8S, 157.2W, -999,    0,    0,    0,    0,    0,    0,    0,    0,    0,    0,    0,    0,    0, -999
