SH051995,            UNNAMED,     20,
19941230, 0000,  , LO, 11.0S, 165.0W,  20,    0,    0,    0,    0,    0,    0,    0,    0,    0,    0,    0,    0,    0, -999
19941230, 0600,  , LO, 11.5S, 164.8W,  20,    0,    0,    0,    0,    0,    0,    0,    0,    0,    0,    0,    0,    0, -999
19941230, 1200,  , LO, 12.0S, 164.6W,  20,    0,    0,    0,    0,    0,    0,    0,    0,    0,    0,    0,    0,    0, -999
19941230, 1800,  , LO, 12.5S, 164.4W,  25,    0,    0,    0,    0,    0,    0,    0,    0,    0,    0,    0,    0,    0, -999
19941231, 0000,  , LO, 13.0S, 164.2W,  25,    0,    0,    0,    0,    0,    0,    0,    0,    0,    0,    0,    0,    0, -999
19941231, 0600,  , LO, 13.6S, 164.0W,  25,    0,    0,    0,    0,    0,    0,    0,    0,    0,    0,    0,    0,    0, -999
19941231, 1200,  , LO, 14.3S, 163.6W,  30,    0,    0,    0,    0,    0,    0,    0,    0,    0,    0,    0,    0,    0, -999
19941231, 1800,  , LO, 15.1S, 163.2W,  30,    0,    0,    0,    0,    0,    0,    0,    0,    0,    0,    0,    0,    0, -999
19950101, 0000,  , TS, 15.8S, 162.8W,  35,    0,    0,    0,    0,    0,    0,    0,    0,    0,    0,    0,    0,    0, -999
19950101, 0600,  , TS, 16.5S, 162.4W,  40,    0,    0,    0,    0,    0,    0,    0,    0,    0,    0,    0,    0,    0, -999
19950101, 1200,  , TS, 17.2S, 161.9W,  45,    0,    0,    0,    0,    0,    0,    0,    0,    0,    0,    0,    0,    0, -999
19950101, 1800,  , TS, 17.9S, 161.3W,  50,    0,    0,    0,    0,    0,    0,    0,    0,    0,    0,    0,    0,    0, -999
19950102, 0000,  , TS, 18.5S, 160.4W,  55,    0,    0,    0,    0,    0,    0,    0,    0,    0,    0,    0,    0,    0, -999
19950102, 0600,  , HU, 19.1S, 159.4W,  65,    0,    0,    0,    0,    0,    0,    0,    0,    0,    0,    0,    0,    0, -999
19950102, 1200,  , HU, 19.7S, 158.2W,  65,    0,    0,    0,    0,    0,    0,    0,    0,    0,    0,    0,    0,    0, -999
19950102, 1800,  , TS, 20.4S, 156.7W,  60,    0,    0,    0,    0,    0,    0,    0,    0,    0,    0,    0,    0,    0, -999
19950103, 0000,  , TS, 21.4S, 154.7W,  55,    0,    0,    0,    0,    0,    0,    0,    0,    0,    0,    0,    0,    0, -999
19950103, 0600,  , TS, 22.8S, 152.2W,  50,    0,    0,    0,    0,    0,    0,    0,    0,    0,    0,    0,    0,    0, -999
19950103, 1200,  , TS, 24.4S, 149.6W,  50,    0,    0,    0,    0,    0,    0,    0,    0,    0,    0,    0,    0,    0, -999
19950103, 1800,  , TS, 26.3S, 147.0W,  45,    0,    0,    0,    0,    0,    0,    0,    0,    0,    0,    0,    0,    0, -999
