SH052008,              DAMAN,     27,
20071203, 1200,  , DB, 12.5S, 176.0W,  20, 1007,    0,    0,    0,    0,    0,    0,    0,    0,    0,    0,    0,    0, -999
20071203, 1800,  , DB, 12.5S, 176.7W,  20, 1007,    0,    0,    0,    0,    0,    0,    0,    0,    0,    0,    0,    0, -999
20071204, 0000,  , TD, 12.4S, 177.4W,  25, 1004,    0,    0,    0,    0,    0,    0,    0,    0,    0,    0,    0,    0, -999
20071204, 0600,  , TD, 12.2S, 178.3W,  25, 1004,    0,    0,    0,    0,    0,    0,    0,    0,    0,    0,    0,    0, -999
20071204, 1200,  , TD, 12.0S, 179.4W,  25, 1004,    0,    0,    0,    0,    0,    0,    0,    0,    0,    0,    0,    0, -999
20071204, 1800,  , TD, 11.9S, 179.5E,  30, 1000,    0,    0,    0,    0,    0,    0,    0,    0,    0,    0,    0,    0, -999
20071205, 0000,  , TS, 12.1S, 178.4E,  35,  996,    0,    0,    0,    0,    0,    0,    0,    0,    0,    0,    0,    0, -999
20071205, 0600,  , TS, 12.4S, 177.4E,  50,  985,   55,   55,   55,   55,    0,    0,    0,    0,    0,    0,    0,    0, -999
20071205, 1200,  , TS, 13.0S, 176.5E,  55,  982,   65,   70,   70,   60,   45,   50,   50,   40,    0,    0,    0,    0, -999
20071205, 1800,  , TS, 14.0S, 176.2E,  55,  982,   55,   60,   60,   55,   25,   30,   30,   25,    0,    0,    0,    0, -999
20071206, 0000,  , TS, 14.8S, 175.8E,  55,  982,   55,   60,   60,   55,   25,   30,   30,   25,    0,    0,    0,    0, -999
20071206, 0600,  , HU, 15.3S, 176.1E,  65,  974,   65,   65,   65,   55,   30,   35,   35,   30,    0,    0,    0,    0, -999
20071206, 1200,  , HU, 15.4S, 176.4E,  80,  963,   65,   65,   65,   55,   35,   40,   40,   35,   10,   10,   10,   10, -999
20071206, 1800,  , HU, 15.5S, 176.9E, 100,  948,   75,   85,   80,   75,   50,   55,   50,   50,   30,   30,   30,   30, -999
20071207, 0000,  , HU, 15.5S, 177.7E, 110,  941,   85,   95,   90,   85,   60,   65,   60,   60,   40,   40,   40,   40, -999
20071207, 0600,  , HU, 15.5S, 178.6E, 110,  941,   85,   90,   90,   85,   55,   60,   55,   55,   35,   35,   35,   35, -999
20071207, 1200,  , HU, 15.6S, 179.7E, 110,  941,   85,   90,   90,   85,   55,   60,   55,   55,   35,   35,   35,   35, -999
20071207, 1800,  , HU, 15.9S, 179.1W, 100,  948,   80,   85,   80,   80,   50,   55,   50,   50,   35,   35,   35,   35, -999
20071208, 0000,  , HU, 16.3S, 178.5W,  90,  956,   75,   85,   75,   75,   50,   55,   50,   50,   35,   35,   35,   35, -999
20071208, 0600,  , HU, 16.9S, 178.3W,  75,  967,  100,   85,   90,  100,   55,   55,   55,   55,    0,    0,    0,    0, -999
20071208, 1200,  , HU, 17.3S, 177.9W,  65,  974,   70,   65,   60,   60,   35,   35,   35,   35,    0,    0,    0,    0, -999
20071208, 1800,  , TS, 17.7S, 177.9W,  60,  978,   65,   80,   75,   55,    0,    0,    0,    0,    0,    0,    0,    0, -999
20071209, 0000,  , TS, 18.1S, 178.0W,  50,  985,   65,   75,   70,   65,    0,    0,    0,    0,    0,    0,    0,    0, -999
20071209, 0600,  , TS, 18.5S, 178.0W,  35,  996,    0,    0,    0,    0,    0,    0,    0,    0,    0,    0,    0,    0, -999
20071209, 1200,  , TD, 18.8S, 178.0W,  25, 1004,    0,    0,    0,    0,    0,    0,    0,    0,    0,    0,    0,    0, -999
20071209, 1800,  , DB, 19.1S, 178.2W,  20, 1007,    0,    0,    0,    0,    0,    0,    0,    0,    0,    0,    0,    0, -999
20071210, 0000,  , DB, 19.6S, 178.5W,  20, 1007,    0,    0,    0,    0,    0,    0,    0,    0,    0,    0,    0,    0, -999
