SH051994,            UNNAMED,    107,
19931226, 0600,  , LO,  3.9S, 170.9E,  15,    0,    0,    0,    0,    0,    0,    0,    0,    0,    0,    0,    0,    0, -999
19931226, 1200,  , LO,  4.4S, 171.5E,  20,    0,    0,    0,    0,    0,    0,    0,    0,    0,    0,    0,    0,    0, -999
19931226, 1800,  , LO,  5.0S, 172.0E,  20,    0,    0,    0,    0,    0,    0,    0,    0,    0,    0,    0,    0,    0, -999
19931227, 0000,  , LO,  5.9S, 172.2E,  20,    0,    0,    0,    0,    0,    0,    0,    0,    0,    0,    0,    0,    0, -999
19931227, 0600,  , LO,  6.9S, 172.0E,  25,    0,    0,    0,    0,    0,    0,    0,    0,    0,    0,    0,    0,    0, -999
19931227, 1200,  , LO,  7.8S, 171.5E,  25,    0,    0,    0,    0,    0,    0,    0,    0,    0,    0,    0,    0,    0, -999
19931227, 1800,  , LO,  8.5S, 170.6E,  30,    0,    0,    0,    0,    0,    0,    0,    0,    0,    0,    0,    0,    0, -999
19931228, 0000,  , LO,  9.0S, 169.3E,  30,    0,    0,    0,    0,    0,    0,    0,    0,    0,    0,    0,    0,    0, -999
19931228, 0600,  , LO,  9.4S, 167.8E,  30,    0,    0,    0,    0,    0,    0,    0,    0,    0,    0,    0,    0,    0, -999
19931228, 1200,  , TS,  9.8S, 166.1E,  35,    0,    0,    0,    0,    0,    0,    0,    0,    0,    0,    0,    0,    0, -999
19931228, 1800,  , TS, 10.2S, 164.4E,  40,    0,    0,    0,    0,    0,    0,    0,    0,    0,    0,    0,    0,    0, -999
19931229, 0000,  , TS, 10.6S, 162.7E,  40,    0,    0,    0,    0,    0,    0,    0,    0,    0,    0,    0,    0,    0, -999
19931229, 0600,  , TS, 10.9S, 161.2E,  45,    0,    0,    0,    0,    0,    0,    0,    0,    0,    0,    0,    0,    0, -999
19931229, 1200,  , TS, 11.1S, 159.8E,  45,    0,    0,    0,    0,    0,    0,    0,    0,    0,    0,    0,    0,    0, -999
19931229, 1800,  , TS, 11.3S, 158.6E,  50,    0,    0,    0,    0,    0,    0,    0,    0,    0,    0,    0,    0,    0, -999
19931230, 0000,  , TS, 11.4S, 157.5E,  55,    0,    0,    0,    0,    0,    0,    0,    0,    0,    0,    0,    0,    0, -999
19931230, 0600,  , TS, 11.5S, 156.5E,  60,    0,    0,    0,    0,    0,    0,    0,    0,    0,    0,    0,    0,    0, -999
19931230, 1200,  , HU, 11.7S, 155.5E,  65,    0,    0,    0,    0,    0,    0,    0,    0,    0,    0,    0,    0,    0, -999
19931230, 1800,  , HU, 11.9S, 154.6E,  70,    0,    0,    0,    0,    0,    0,    0,    0,    0,    0,    0,    0,    0, -999
19931231, 0000,  , HU, 12.1S, 153.9E,  75,    0,    0,    0,    0,    0,    0,    0,    0,    0,    0,    0,    0,    0, -999
19931231, 0600,  , HU, 12.4S, 153.4E,  75,    0,    0,    0,    0,    0,    0,    0,    0,    0,    0,    0,    0,    0, -999
19931231, 1200,  , HU, 12.8S, 153.1E,  75,    0,    0,    0,    0,    0,    0,    0,    0,    0,    0,    0,    0,    0, -999
19931231, 1800,  , HU, 13.2S, 153.0E,  80,    0,    0,    0,    0,    0,    0,    0,    0,    0,    0,    0,    0,    0, -999
19940101, 0000,  , HU, 13.6S, 153.0E,  80,    0,    0,    0,    0,    0,    0,    0,    0,    0,    0,    0,    0,    0, -999
19940101, 0600,  , HU, 14.0S, 153.1E,  80,    0,    0,    0,    0,    0,    0,    0,    0,    0,    0,    0,    0,    0, -999
19940101, 1200,  , HU, 14.5S, 153.2E,  85,    0,    0,    0,    0,    0,    0,    0,    0,    0,    0,    0,    0,    0, -999
19940101, 1800,  , HU, 15.0S, 153.3E,  90,    0,    0,    0,    0,    0,    0,    0,    0,    0,    0,    0,    0,    0, -999
19940102, 0000,  , HU, 15.5S, 153.4E, 100,    0,    0,    0,    0,    0,    0,    0,    0,    0,    0,    0,    0,    0, -999
19940102, 0600,  , HU, 16.2S, 153.6E, 115,    0,    0,    0,    0,    0,    0,    0,    0,    0,    0,    0,    0,    0, -999
19940102, 1200,  , HU, 17.0S, 153.8E, 120,    0,    0,    0,    0,    0,    0,    0,    0,    0,    0,    0,    0,    0, -999
19940102, 1800,  , HU, 17.9S, 154.0E, 125,    0,    0,    0,    0,    0,    0,    0,    0,    0,    0,    0,    0,    0, -999
19940103, 0000,  , HU, 18.8S, 154.2E, 125,    0,    0,    0,    0,    0,    0,    0,    0,    0,    0,    0,    0,    0, -999
19940103, 0600,  , HU, 19.6S, 154.7E, 120,    0,    0,    0,    0,    0,    0,    0,    0,    0,    0,    0,    0,    0, -999
19940103, 1200,  , HU, 20.4S, 155.4E, 115,    0,    0,    0,    0,    0,    0,    0,    0,    0,    0,    0,    0,    0, -999
19940103, 1800,  , HU, 21.0S, 156.3E, 110,    0,    0,    0,    0,    0,    0,    0,    0,    0,    0,    0,    0,    0, -999
19940104, 0000,  , HU, 21.5S, 157.4E, 105,    0,    0,    0,    0,    0,    0,    0,    0,    0,    0,    0,    0,    0, -999
19940104, 0600,  , HU, 21.8S, 158.9E, 100,    0,    0,    0,    0,    0,    0,    0,    0,    0,    0,    0,    0,    0, -999
19940104, 1200,  , HU, 22.0S, 160.6E,  95,    0,    0,    0,    0,    0,    0,    0,    0,    0,    0,    0,    0,    0, -999
19940104, 1800,  , HU, 22.1S, 162.2E,  85,    0,    0,    0,    0,    0,    0,    0,    0,    0,    0,    0,    0,    0, -999
19940105, 0000,  , HU, 22.0S, 163.7E,  75,    0,    0,    0,    0,    0,    0,    0,    0,    0,    0,    0,    0,    0, -999
19940105, 0600,  , HU, 22.1S, 165.0E,  65,    0,    0,    0,    0,    0,    0,    0,    0,    0,    0,    0,    0,    0, -999
19940105, 1200,  , TS, 22.1S, 166.0E,  55,    0,    0,    0,    0,    0,    0,    0,    0,    0,    0,    0,    0,    0, -999
19940105, 1800,  , TS, 22.0S, 166.8E,  50,    0,    0,    0,    0,    0,    0,    0,    0,    0,    0,    0,    0,    0, -999
19940106, 0000,  , TS, 22.0S, 167.4E,  45,    0,    0,    0,    0,    0,    0,    0,    0,    0,    0,    0,    0,    0, -999
19940106, 0600,  , TS, 21.9S, 167.9E,  40,    0,    0,    0,    0,    0,    0,    0,    0,    0,    0,    0,    0,    0, -999
19940106, 1200,  , TS, 21.6S, 168.5E,  35,    0,    0,    0,    0,    0,    0,    0,    0,    0,    0,    0,    0,    0, -999
19940106, 1800,  , LO, 21.1S, 168.7E,  30,    0,    0,    0,    0,    0,    0,    0,    0,    0,    0,    0,    0,    0, -999
19940107, 0000,  , LO, 20.6S, 168.8E,  30,    0,    0,    0,    0,    0,    0,    0,    0,    0,    0,    0,    0,    0, -999
19940107, 0600,  , LO, 20.1S, 168.6E,  25,    0,    0,    0,    0,    0,    0,    0,    0,    0,    0,    0,    0,    0, -999
19940107, 1200,  , LO, 19.7S, 168.3E,  25,    0,    0,    0,    0,    0,    0,    0,    0,    0,    0,    0,    0,    0, -999
19940107, 1800,  , LO, 19.3S, 168.1E,  25,    0,    0,    0,    0,    0,    0,    0,    0,    0,    0,    0,    0,    0, -999
19940108, 0000,  , LO, 19.0S, 167.7E,  25,    0,    0,    0,    0,    0,    0,    0,    0,    0,    0,    0,    0,    0, -999
19940108, 0600,  , LO, 18.8S, 167.2E,  20,    0,    0,    0,    0,    0,    0,    0,    0,    0,    0,    0,    0,    0, -999
19940108, 1200,  , LO, 18.5S, 166.6E,  20,    0,    0,    0,    0,    0,    0,    0,    0,    0,    0,    0,    0,    0, -999
19940108, 1800,  , LO, 18.3S, 165.8E,  20,    0,    0,    0,    0,    0,    0,    0,    0,    0,    0,    0,    0,    0, -999
19940109, 0000,  , LO, 18.1S, 164.9E,  20,    0,    0,    0,    0,    0,    0,    0,    0,    0,    0,    0,    0,    0, -999
19940109, 0600,  , LO, 17.6S, 164.0E,  20,    0,    0,    0,    0,    0,    0,    0,    0,    0,    0,    0,    0,    0, -999
19940109, 1200,  , LO, 16.9S, 163.0E,  20,    0,    0,    0,    0,    0,    0,    0,    0,    0,    0,    0,    0,    0, -999
19940109, 1800,  , LO, 16.2S, 162.0E,  25,    0,    0,    0,    0,    0,    0,    0,    0,    0,    0,    0,    0,    0, -999
19940110, 0000,  , LO, 15.7S, 161.0E,  25,    0,    0,    0,    0,    0,    0,    0,    0,    0,    0,    0,    0,    0, -999
19940110, 0600,  , LO, 15.5S, 160.0E,  25,    0,    0,    0,    0,    0,    0,    0,    0,    0,    0,    0,    0,    0, -999
19940110, 1200,  , LO, 15.5S, 158.9E,  25,    0,    0,    0,    0,    0,    0,    0,    0,    0,    0,    0,    0,    0, -999
19940110, 1800,  , LO, 15.4S, 157.9E,  25,    0,    0,    0,    0,    0,    0,    0,    0,    0,    0,    0,    0,    0, -999
19940111, 0000,  , LO, 15.3S, 156.9E,  25,    0,    0,    0,    0,    0,    0,    0,    0,    0,    0,    0,    0,    0, -999
19940111, 0600,  , LO, 15.3S, 156.0E,  25,    0,    0,    0,    0,    0,    0,    0,    0,    0,    0,    0,    0,    0, -999
19940111, 1200,  , LO, 15.1S, 155.1E,  25,    0,    0,    0,    0,    0,    0,    0,    0,    0,    0,    0,    0,    0, -999
19940111, 1800,  , LO, 14.5S, 154.4E,  25,    0,    0,    0,    0,    0,    0,    0,    0,    0,    0,    0,    0,    0, -999
19940112, 0000,  , LO, 13.8S, 154.0E,  25,    0,    0,    0,    0,    0,    0,    0,    0,    0,    0,    0,    0,    0, -999
19940112, 0600,  , LO, 13.1S, 153.7E,  25,    0,    0,    0,    0,    0,    0,    0,    0,    0,    0,    0,    0,    0, -999
19940112, 1200,  , LO, 12.5S, 153.5E,  25,    0,    0,    0,    0,    0,    0,    0,    0,    0,    0,    0,    0,    0, -999
19940112, 1800,  , LO, 12.0S, 153.4E,  30,    0,    0,    0,    0,    0,    0,    0,    0,    0,    0,    0,    0,    0, -999
19940113, 0000,  , LO, 11.7S, 153.4E,  30,    0,    0,    0,    0,    0,    0,    0,    0,    0,    0,    0,    0,    0, -999
19940113, 0600,  , TS, 11.5S, 153.6E,  35,    0,    0,    0,    0,    0,    0,    0,    0,    0,    0,    0,    0,    0, -999
19940113, 1200,  , TS, 11.4S, 153.9E,  35,    0,    0,    0,    0,    0,    0,    0,    0,    0,    0,    0,    0,    0, -999
19940113, 1800,  , TS, 11.5S, 154.2E,  40,    0,    0,    0,    0,    0,    0,    0,    0,    0,    0,    0,    0,    0, -999
19940114, 0000,  , TS, 11.7S, 154.4E,  45,    0,    0,    0,    0,    0,    0,    0,    0,    0,    0,    0,    0,    0, -999
19940114, 0600,  , TS, 11.9S, 154.6E,  50,    0,    0,    0,    0,    0,    0,    0,    0,    0,    0,    0,    0,    0, -999
19940114, 1200,  , TS, 12.2S, 154.8E,  55,    0,    0,    0,    0,    0,    0,    0,    0,    0,    0,    0,    0,    0, -999
19940114, 1800,  , TS, 12.4S, 155.0E,  60,    0,    0,    0,    0,    0,    0,    0,    0,    0,    0,    0,    0,    0, -999
19940115, 0000,  , HU, 12.7S, 155.2E,  65,    0,    0,    0,    0,    0,    0,    0,    0,    0,    0,    0,    0,    0, -999
19940115, 0600,  , HU, 13.2S, 155.6E,  70,    0,    0,    0,    0,    0,    0,    0,    0,    0,    0,    0,    0,    0, -999
19940115, 1200,  , HU, 13.9S, 156.0E,  80,    0,    0,    0,    0,    0,    0,    0,    0,    0,    0,    0,    0,    0, -999
19940115, 1800,  , HU, 14.7S, 156.4E,  90,    0,    0,    0,    0,    0,    0,    0,    0,    0,    0,    0,    0,    0, -999
19940116, 0000,  , HU, 15.5S, 156.8E, 100,    0,    0,    0,    0,    0,    0,    0,    0,    0,    0,    0,    0,    0, -999
19940116, 0600,  , HU, 16.4S, 157.3E, 115,    0,    0,    0,    0,    0,    0,    0,    0,    0,    0,    0,    0,    0, -999
19940116, 1200,  , HU, 17.3S, 157.8E, 125,    0,    0,    0,    0,    0,    0,    0,    0,    0,    0,    0,    0,    0, -999
19940116, 1800,  , HU, 18.3S, 157.9E, 120,    0,    0,    0,    0,    0,    0,    0,    0,    0,    0,    0,    0,    0, -999
19940117, 0000,  , HU, 19.2S, 157.4E, 110,    0,    0,    0,    0,    0,    0,    0,    0,    0,    0,    0,    0,    0, -999
19940117, 0600,  , HU, 20.2S, 156.8E,  95,    0,    0,    0,    0,    0,    0,    0,    0,    0,    0,    0,    0,    0, -999
19940117, 1200,  , HU, 20.8S, 155.8E,  80,    0,    0,    0,    0,    0,    0,    0,    0,    0,    0,    0,    0,    0, -999
19940117, 1800,  , HU, 21.1S, 154.7E,  70,    0,    0,    0,    0,    0,    0,    0,    0,    0,    0,    0,    0,    0, -999
19940118, 0000,  , HU, 21.3S, 153.6E,  65,    0,    0,    0,    0,    0,    0,    0,    0,    0,    0,    0,    0,    0, -999
19940118, 0600,  , TS, 21.3S, 152.7E,  60,    0,    0,    0,    0,    0,    0,    0,    0,    0,    0,    0,    0,    0, -999
19940118, 1200,  , TS, 21.2S, 152.1E,  55,    0,    0,    0,    0,    0,    0,    0,    0,    0,    0,    0,    0,    0, -999
19940118, 1800,  , TS, 21.1S, 151.6E,  50,    0,    0,    0,    0,    0,    0,    0,    0,    0,    0,    0,    0,    0, -999
19940119, 0000,  , TS, 21.4S, 151.6E,  50,    0,    0,    0,    0,    0,    0,    0,    0,    0,    0,    0,    0,    0, -999
19940119, 0600,  , TS, 21.9S, 151.7E,  45,    0,    0,    0,    0,    0,    0,    0,    0,    0,    0,    0,    0,    0, -999
19940119, 1200,  , TS, 22.4S, 151.9E,  45,    0,    0,    0,    0,    0,    0,    0,    0,    0,    0,    0,    0,    0, -999
19940119, 1800,  , TS, 22.9S, 152.2E,  40,    0,    0,    0,    0,    0,    0,    0,    0,    0,    0,    0,    0,    0, -999
19940120, 0000,  , TS, 23.5S, 152.7E,  40,    0,    0,    0,    0,    0,    0,    0,    0,    0,    0,    0,    0,    0, -999
19940120, 0600,  , TS, 24.2S, 153.4E,  40,    0,    0,    0,    0,    0,    0,    0,    0,    0,    0,    0,    0,    0, -999
19940120, 1200,  , TS, 24.9S, 154.3E,  40,    0,    0,    0,    0,    0,    0,    0,    0,    0,    0,    0,    0,    0, -999
19940120, 1800,  , TS, 25.7S, 155.2E,  35,    0,    0,    0,    0,    0,    0,    0,    0,    0,    0,    0,    0,    0, -999
19940121, 0000,  , TS, 26.6S, 156.2E,  35,    0,    0,    0,    0,    0,    0,    0,    0,    0,    0,    0,    0,    0, -999
19940121, 0600,  , TS, 27.5S, 157.3E,  35,    0,    0,    0,    0,    0,    0,    0,    0,    0,    0,    0,    0,    0, -999
19940121, 1200,  , LO, 28.5S, 158.8E,  30,    0,    0,    0,    0,    0,    0,    0,    0,    0,    0,    0,    0,    0, -999
19940121, 1800,  , LO, 29.6S, 161.0E,  30,    0,    0,    0,    0,    0,    0,    0,    0,    0,    0,    0,    0,    0, -999
