SH052020,           CALVINIA,     71,
20191217, 1200,  , DB, 13.5S,  70.2E,  15, 1009,    0,    0,    0,    0,    0,    0,    0,    0,    0,    0,    0,    0, -999
20191217, 1800,  , DB, 13.3S,  69.7E,  15, 1009,    0,    0,    0,    0,    0,    0,    0,    0,    0,    0,    0,    0, -999
20191218, 0000,  , DB, 13.2S,  69.4E,  20, 1008,    0,    0,    0,    0,    0,    0,    0,    0,    0,    0,    0,    0, -999
20191218, 0600,  , DB, 13.3S,  69.2E,  20, 1008,    0,    0,    0,    0,    0,    0,    0,    0,    0,    0,    0,    0, -999
20191218, 1200,  , DB, 13.9S,  69.4E,  20, 1008,    0,    0,    0,    0,    0,    0,    0,    0,    0,    0,    0,    0, -999
20191218, 1800,  , TD, 14.6S,  70.0E,  25, 1006,    0,    0,    0,    0,    0,    0,    0,    0,    0,    0,    0,    0, -999
20191219, 0000,  , TD, 14.9S,  70.2E,  30, 1005,    0,    0,    0,    0,    0,    0,    0,    0,    0,    0,    0,    0, -999
20191219, 0600,  , TD, 14.7S,  70.3E,  30, 1005,    0,    0,    0,    0,    0,    0,    0,    0,    0,    0,    0,    0, -999
20191219, 1200,  , TD, 14.6S,  70.2E,  30, 1004,    0,    0,    0,    0,    0,    0,    0,    0,    0,    0,    0,    0, -999
20191219, 1800,  , TD, 14.5S,  70.1E,  30, 1004,    0,    0,    0,    0,    0,    0,    0,    0,    0,    0,    0,    0, -999
20191220, 0000,  , TD, 14.2S,  69.9E,  25, 1006,    0,    0,    0,    0,    0,    0,    0,    0,    0,    0,    0,    0, -999
20191220, 0600,  , TD, 13.7S,  69.6E,  25, 1007,    0,    0,    0,    0,    0,    0,    0,    0,    0,    0,    0,    0, -999
20191220, 1200,  , DB, 13.5S,  69.0E,  20, 1008,    0,    0,    0,    0,    0,    0,    0,    0,    0,    0,    0,    0, -999
20191220, 1800,  , DB, 13.5S,  68.4E,  20, 1008,    0,    0,    0,    0,    0,    0,    0,    0,    0,    0,    0,    0, -999
20191221, 0000,  , DB, 13.5S,  67.8E,  20, 1008,    0,    0,    0,    0,    0,    0,    0,    0,    0,    0,    0,    0, -999
20191221, 0600,  , DB, 13.4S,  67.0E,  15, 1009,    0,    0,    0,    0,    0,    0,    0,    0,    0,    0,    0,    0, -999
20191221, 1200,  , DB, 13.4S,  66.1E,  15, 1009,    0,    0,    0,    0,    0,    0,    0,    0,    0,    0,    0,    0, -999
20191221, 1800,  , DB, 13.2S,  65.1E,  20, 1008,    0,    0,    0,    0,    0,    0,    0,    0,    0,    0,    0,    0, -999
20191222, 0000,  , DB, 13.2S,  64.0E,  20, 1008,    0,    0,    0,    0,    0,    0,    0,    0,    0,    0,    0,    0, -999
20191222, 0600,  , DB, 13.1S,  62.8E,  20, 1008,    0,    0,    0,    0,    0,    0,    0,    0,    0,    0,    0,    0, -999
20191222, 1200,  , DB, 13.1S,  61.4E,  20, 1008,    0,    0,    0,    0,    0,    0,    0,    0,    0,    0,    0,    0, -999
20191222, 1800,  , DB, 13.1S,  59.8E,  15, 1009,    0,    0,    0,    0,    0,    0,    0,    0,    0,    0,    0,    0, -999
20191223, 0000,  , DB, 13.0S,  58.2E,  15, 1009,    0,    0,    0,    0,    0,    0,    0,    0,    0,    0,    0,    0, -999
20191223, 0600,  , DB, 12.7S,  56.6E,  15, 1009,    0,    0,    0,    0,    0,    0,    0,    0,    0,    0,    0,    0, -999
20191223, 1200,  , DB, 12.6S,  55.4E,  15, 1009,    0,    0,    0,    0,    0,    0,    0,    0,    0,    0,    0,    0, -999
20191223, 1800,  , DB, 12.4S,  54.1E,  20, 1007,    0,    0,    0,    0,    0,    0,    0,    0,    0,    0,    0,    0, -999
20191224, 0000,  , DB, 11.8S,  53.7E,  20, 1010,    0,    0,    0,    0,    0,    0,    0,    0,    0,    0,    0,    0, -999
20191224, 0600,  , DB, 11.3S,  53.5E,  20, 1007,    0,    0,    0,    0,    0,    0,    0,    0,    0,    0,    0,    0, -999
20191224, 1200,  , DB, 11.2S,  53.0E,  20, 1007,    0,    0,    0,    0,    0,    0,    0,    0,    0,    0,    0,    0, -999
20191224, 1800,  , DB, 11.3S,  52.6E,  20, 1008,    0,    0,    0,    0,    0,    0,    0,    0,    0,    0,    0,    0, -999
20191225, 0000,  , DB, 11.5S,  52.3E,  20, 1008,    0,    0,    0,    0,    0,    0,    0,    0,    0,    0,    0,    0, -999
20191225, 0600,  , DB, 11.7S,  52.0E,  15, 1009,    0,    0,    0,    0,    0,    0,    0,    0,    0,    0,    0,    0, -999
20191225, 1200,  , DB, 11.9S,  51.7E,  15, 1009,    0,    0,    0,    0,    0,    0,    0,    0,    0,    0,    0,    0, -999
20191225, 1800,  , DB, 12.2S,  51.9E,  15, 1009,    0,    0,    0,    0,    0,    0,    0,    0,    0,    0,    0,    0, -999
20191226, 0000,  , DB, 12.5S,  52.3E,  15, 1009,    0,    0,    0,    0,    0,    0,    0,    0,    0,    0,    0,    0, -999
20191226, 0600,  , DB, 12.6S,  53.0E,  15, 1009,    0,    0,    0,    0,    0,    0,    0,    0,    0,    0,    0,    0, -999
20191226, 1200,  , DB, 12.2S,  53.4E,  15, 1009,    0,    0,    0,    0,    0,    0,    0,    0,    0,    0,    0,    0, -999
20191226, 1800,  , DB, 11.7S,  53.6E,  20, 1008,    0,    0,    0,    0,    0,    0,    0,    0,    0,    0,    0,    0, -999
20191227, 0000,  , DB, 11.5S,  54.1E,  20, 1006,    0,    0,    0,    0,    0,    0,    0,    0,    0,    0,    0,    0, -999
20191227, 0600,  , DB, 11.8S,  54.7E,  20, 1006,    0,    0,    0,    0,    0,    0,    0,    0,    0,    0,    0,    0, -999
20191227, 1200,  , DB, 12.1S,  55.7E,  20, 1006,    0,    0,    0,    0,    0,    0,    0,    0,    0,    0,    0,    0, -999
20191227, 1800,  , DB, 12.6S,  56.7E,  20, 1006,    0,    0,    0,    0,    0,    0,    0,    0,    0,    0,    0,    0, -999
20191228, 0000,  , TD, 13.0S,  57.9E,  25, 1003,    0,    0,    0,    0,    0,    0,    0,    0,    0,    0,    0,    0, -999
20191228, 0600,  , TD, 13.1S,  59.1E,  25, 1006,    0,    0,    0,    0,    0,    0,    0,    0,    0,    0,    0,    0, -999
20191228, 1200,  , TD, 14.2S,  60.4E,  25, 1002,    0,    0,    0,    0,    0,    0,    0,    0,    0,    0,    0,    0, -999
20191228, 1800,  , TD, 15.9S,  60.6E,  25, 1003,    0,    0,    0,    0,    0,    0,    0,    0,    0,    0,    0,    0, -999
20191229, 0000,  , TD, 17.2S,  60.7E,  30, 1002,    0,    0,    0,    0,    0,    0,    0,    0,    0,    0,    0,    0, -999
20191229, 0600,  , TS, 18.4S,  60.3E,  35,  999,  160,  140,   75,   35,    0,    0,    0,    0,    0,    0,    0,    0, -999
20191229, 1200,  , TS, 19.4S,  59.9E,  40,  996,  100,  120,   85,   35,    0,    0,    0,    0,    0,    0,    0,    0, -999
20191229, 1800,  , TS, 20.2S,  59.2E,  40,  997,   55,  100,  100,   40,    0,    0,    0,    0,    0,    0,    0,    0, -999
20191230, 0000,  , TS, 20.5S,  59.0E,  45,  991,   55,   65,   75,   40,    0,    0,    0,    0,    0,    0,    0,    0, -999
20191230, 0600,  , TS, 20.5S,  58.3E,  50,  992,   50,   40,   60,   35,   15,   15,    0,    0,    0,    0,    0,    0, -999
20191230, 1200,  , TS, 20.7S,  58.2E,  55,  986,   65,   60,   70,   60,   20,   20,   20,   10,    0,    0,    0,    0, -999
20191230, 1800,  , TS, 20.9S,  58.0E,  55,  986,   75,   70,   70,   70,   25,   25,   30,   20,    0,    0,    0,    0, -999
20191230, 2100,  , TS, 21.0S,  57.8E,  60,  983,   80,   75,   70,   70,   25,   25,   30,   20,    0,    0,    0,    0, -999
20191231, 0000,  , HU, 21.2S,  57.9E,  65,  980,   85,   80,   75,   70,   35,   35,   30,   20,   15,   15,   15,    0, -999
20191231, 0600,  , HU, 21.8S,  58.2E,  70,  978,   90,   80,   75,   70,   40,   40,   35,   30,   15,   20,   15,   15, -999
20191231, 1200,  , HU, 22.7S,  58.6E,  75,  974,  100,   95,   85,   75,   45,   40,   45,   40,   30,   25,   20,   20, -999
20191231, 1800,  , HU, 23.8S,  59.3E,  75,  972,  110,  115,   90,   60,   50,   35,   40,   45,   35,   25,   30,   20, -999
20200101, 0000,  , HU, 25.3S,  60.0E,  75,  969,  125,  130,  110,   90,   60,   45,   45,   45,   30,   25,   20,   20, -999
20200101, 0600,  , HU, 26.9S,  60.4E,  70,  973,  135,  135,  115,   95,   70,   50,   50,   50,   20,   20,   15,   15, -999
20200101, 1200,  , TS, 28.7S,  61.0E,  60,  978,  170,  165,  120,  100,   95,   80,   65,   55,    0,    0,    0,    0, -999
20200101, 1800,  , TS, 30.6S,  61.7E,  55,  980,  200,  280,  165,  110,  110,  120,   75,   55,    0,    0,    0,    0, -999
20200102, 0000,  , EX, 32.6S,  62.7E,  55,  980,  215,  240,  160,  110,  110,  120,   75,   55,    0,    0,    0,    0, -999
20200102, 0600,  , EX, 34.6S,  63.8E,  55,  980,  235,  200,  160,  110,  140,   30,   90,   80,    0,    0,    0,    0, -999
20200102, 1200,  , EX, 36.4S,  65.3E,  50,  982,  250,  215,  165,  130,  145,   30,   90,   80,    0,    0,    0,    0, -999
20200102, 1800,  , EX, 37.6S,  67.8E,  45,  987,  270,  215,  165,  160,    0,    0,    0,    0,    0,    0,    0,    0, -999
20200103, 0000,  , EX, 38.8S,  70.5E,  40,  989,  285,  210,  170,  210,    0,    0,    0,    0,    0,    0,    0,    0, -999
20200103, 0600,  , EX, 40.2S,  73.8E,  40,  983,  300,  205,  200,  235,    0,    0,    0,    0,    0,    0,    0,    0, -999
20200103, 1200,  , EX, 40.8S,  77.9E,  40,  981,  300,  205,  200,  235,    0,    0,    0,    0,    0,    0,    0,    0, -999
20200103, 1800,  , EX, 41.5S,  82.3E,  40,  993,  300,  205,  200,  235,    0,    0,    0,    0,    0,    0,    0,    0, -999
