SH051971,            UNNAMED,     13,
19701220, 0600,  , LO, 10.1S,  97.9E, -999,    0,    0,    0,    0,    0,    0,    0,    0,    0,    0,    0,    0,    0, -999
19701220, 1200,  , LO, 10.9S,  99.0E, -999,    0,    0,    0,    0,    0,    0,    0,    0,    0,    0,    0,    0,    0, -999
19701220, 1800,  , LO, 11.9S,  99.9E, -999,    0,    0,    0,    0,    0,    0,    0,    0,    0,    0,    0,    0,    0, -999
19701221, 0000,  , LO, 13.0S, 100.6E, -999,    0,    0,    0,    0,    0,    0,    0,    0,    0,    0,    0,    0,    0, -999
19701221, 0600,  , LO, 14.2S, 101.0E, -999,    0,    0,    0,    0,    0,    0,    0,    0,    0,    0,    0,    0,    0, -999
19701221, 1200,  , LO, 15.5S, 100.9E, -999,    0,    0,    0,    0,    0,    0,    0,    0,    0,    0,    0,    0,    0, -999
19701221, 1800,  , LO, 16.9S, 100.5E, -999,    0,    0,    0,    0,    0,    0,    0,    0,    0,    0,    0,    0,    0, -999
19701222, 0000,  , LO, 18.1S,  99.8E, -999,    0,    0,    0,    0,    0,    0,    0,    0,    0,    0,    0,    0,    0, -999
19701222, 0600,  , LO, 19.1S,  99.1E, -999,    0,    0,    0,    0,    0,    0,    0,    0,    0,    0,    0,    0,    0, -999
19701222, 1200,  , LO, 19.9S,  98.6E, -999,    0,    0,    0,    0,    0,    0,    0,    0,    0,    0,    0,    0,    0, -999
19701222, 1800,  , LO, 20.6S,  98.1E, -999,    0,    0,    0,    0,    0,    0,    0,    0,    0,    0,    0,    0,    0, -999
19701223, 0000,  , LO, 21.3S,  97.5E, -999,    0,    0,    0,    0,    0,    0,    0,    0,    0,    0,    0,    0,    0, -999
19701223, 0600,  , LO, 22.0S,  96.9E, -999,    0,    0,    0,    0,    0,    0,    0,    0,    0,    0,    0,    0,    0, -999
