SH051989,            UNNAMED,     16,
19890106, 0600,  , LO, 13.0S, 175.6W,  20,    0,    0,    0,    0,    0,    0,    0,    0,    0,    0,    0,    0,    0, -999
19890106, 1200,  , LO, 13.7S, 174.4W,  25,    0,    0,    0,    0,    0,    0,    0,    0,    0,    0,    0,    0,    0, -999
19890106, 1800,  , LO, 14.3S, 173.3W,  30,    0,    0,    0,    0,    0,    0,    0,    0,    0,    0,    0,    0,    0, -999
19890107, 0000,  , LO, 14.8S, 172.7W,  30,    0,    0,    0,    0,    0,    0,    0,    0,    0,    0,    0,    0,    0, -999
19890107, 0600,  , TS, 15.3S, 172.1W,  35,    0,    0,    0,    0,    0,    0,    0,    0,    0,    0,    0,    0,    0, -999
19890107, 1200,  , TS, 15.8S, 171.8W,  40,    0,    0,    0,    0,    0,    0,    0,    0,    0,    0,    0,    0,    0, -999
19890107, 1800,  , TS, 16.4S, 171.7W,  40,    0,    0,    0,    0,    0,    0,    0,    0,    0,    0,    0,    0,    0, -999
19890108, 0000,  , TS, 17.0S, 171.6W,  45,    0,    0,    0,    0,    0,    0,    0,    0,    0,    0,    0,    0,    0, -999
19890108, 0600,  , TS, 17.6S, 171.4W,  45,    0,    0,    0,    0,    0,    0,    0,    0,    0,    0,    0,    0,    0, -999
19890108, 1200,  , TS, 18.2S, 171.1W,  40,    0,    0,    0,    0,    0,    0,    0,    0,    0,    0,    0,    0,    0, -999
19890108, 1800,  , TS, 18.9S, 171.1W,  40,    0,    0,    0,    0,    0,    0,    0,    0,    0,    0,    0,    0,    0, -999
19890109, 0000,  , TS, 19.4S, 171.9W,  35,    0,    0,    0,    0,    0,    0,    0,    0,    0,    0,    0,    0,    0, -999
19890109, 0600,  , TS, 19.7S, 172.8W,  35,    0,    0,    0,    0,    0,    0,    0,    0,    0,    0,    0,    0,    0, -999
19890109, 1200,  , LO, 20.0S, 173.9W,  30,    0,    0,    0,    0,    0,    0,    0,    0,    0,    0,    0,    0,    0, -999
19890109, 1800,  , LO, 20.5S, 175.1W,  25,    0,    0,    0,    0,    0,    0,    0,    0,    0,    0,    0,    0,    0, -999
19890110, 0000,  , LO, 21.1S, 176.4W,  25,    0,    0,    0,    0,    0,    0,    0,    0,    0,    0,    0,    0,    0, -999
