SH052001,            UNNAMED,     47,
20010106, 0000,  , TD, 10.2S,  79.6E,  25,    0,    0,    0,    0,    0,    0,    0,    0,    0,    0,    0,    0,    0, -999
20010106, 0600,  , TD, 10.4S,  79.1E,  25,    0,    0,    0,    0,    0,    0,    0,    0,    0,    0,    0,    0,    0, -999
20010106, 1200,  , TD, 10.6S,  78.6E,  25,    0,    0,    0,    0,    0,    0,    0,    0,    0,    0,    0,    0,    0, -999
20010106, 1800,  , TD, 10.8S,  78.2E,  30,    0,    0,    0,    0,    0,    0,    0,    0,    0,    0,    0,    0,    0, -999
20010107, 0000,  , TD, 11.1S,  77.4E,  30,    0,    0,    0,    0,    0,    0,    0,    0,    0,    0,    0,    0,    0, -999
20010107, 0600,  , TD, 11.6S,  76.3E,  30,    0,    0,    0,    0,    0,    0,    0,    0,    0,    0,    0,    0,    0, -999
20010107, 1200,  , TS, 11.7S,  75.1E,  35,    0,    0,    0,    0,    0,    0,    0,    0,    0,    0,    0,    0,    0, -999
20010107, 1800,  , TS, 11.9S,  74.1E,  40,    0,    0,    0,    0,    0,    0,    0,    0,    0,    0,    0,    0,    0, -999
20010108, 0000,  , TS, 12.4S,  73.4E,  50,    0,    0,    0,    0,    0,    0,    0,    0,    0,    0,    0,    0,    0, -999
20010108, 0600,  , TS, 13.3S,  73.5E,  60,    0,    0,    0,    0,    0,    0,    0,    0,    0,    0,    0,    0,    0, -999
20010108, 1200,  , HU, 14.2S,  73.4E,  65,    0,    0,    0,    0,    0,    0,    0,    0,    0,    0,    0,    0,    0, -999
20010108, 1800,  , HU, 15.2S,  73.1E,  75,    0,    0,    0,    0,    0,    0,    0,    0,    0,    0,    0,    0,    0, -999
20010109, 0000,  , HU, 15.7S,  72.6E,  80,    0,    0,    0,    0,    0,    0,    0,    0,    0,    0,    0,    0,    0, -999
20010109, 0600,  , HU, 15.9S,  72.5E,  85,    0,    0,    0,    0,    0,    0,    0,    0,    0,    0,    0,    0,    0, -999
20010109, 1200,  , HU, 16.0S,  72.6E,  90,    0,    0,    0,    0,    0,    0,    0,    0,    0,    0,    0,    0,    0, -999
20010109, 1800,  , HU, 16.1S,  72.7E,  90,    0,    0,    0,    0,    0,    0,    0,    0,    0,    0,    0,    0,    0, -999
20010110, 0000,  , HU, 16.2S,  72.8E,  90,    0,    0,    0,    0,    0,    0,    0,    0,    0,    0,    0,    0,    0, -999
20010110, 0600,  , HU, 16.4S,  72.9E,  85,    0,    0,    0,    0,    0,    0,    0,    0,    0,    0,    0,    0,    0, -999
20010110, 1200,  , HU, 16.5S,  72.8E,  75,    0,    0,    0,    0,    0,    0,    0,    0,    0,    0,    0,    0,    0, -999
20010110, 1800,  , HU, 16.6S,  72.4E,  70,    0,    0,    0,    0,    0,    0,    0,    0,    0,    0,    0,    0,    0, -999
20010111, 0000,  , HU, 16.6S,  71.8E,  65,    0,    0,    0,    0,    0,    0,    0,    0,    0,    0,    0,    0,    0, -999
20010111, 0600,  , HU, 16.6S,  71.3E,  65,    0,    0,    0,    0,    0,    0,    0,    0,    0,    0,    0,    0,    0, -999
20010111, 1200,  , HU, 16.7S,  70.7E,  65,    0,    0,    0,    0,    0,    0,    0,    0,    0,    0,    0,    0,    0, -999
20010111, 1800,  , HU, 16.9S,  70.1E,  70,    0,    0,    0,    0,    0,    0,    0,    0,    0,    0,    0,    0,    0, -999
20010112, 0000,  , HU, 17.1S,  69.5E,  75,    0,    0,    0,    0,    0,    0,    0,    0,    0,    0,    0,    0,    0, -999
20010112, 0600,  , HU, 17.3S,  69.3E,  85,    0,    0,    0,    0,    0,    0,    0,    0,    0,    0,    0,    0,    0, -999
20010112, 1200,  , HU, 17.6S,  69.2E,  95,    0,    0,    0,    0,    0,    0,    0,    0,    0,    0,    0,    0,    0, -999
20010112, 1800,  , HU, 18.0S,  69.1E, 100,    0,    0,    0,    0,    0,    0,    0,    0,    0,    0,    0,    0,    0, -999
20010113, 0000,  , HU, 18.5S,  68.9E, 100,    0,    0,    0,    0,    0,    0,    0,    0,    0,    0,    0,    0,    0, -999
20010113, 0600,  , HU, 18.9S,  68.8E,  95,    0,    0,    0,    0,    0,    0,    0,    0,    0,    0,    0,    0,    0, -999
20010113, 1200,  , HU, 19.2S,  68.6E,  90,    0,    0,    0,    0,    0,    0,    0,    0,    0,    0,    0,    0,    0, -999
20010113, 1800,  , HU, 19.4S,  68.7E,  90,    0,    0,    0,    0,    0,    0,    0,    0,    0,    0,    0,    0,    0, -999
20010114, 0000,  , HU, 19.6S,  69.0E,  85,    0,    0,    0,    0,    0,    0,    0,    0,    0,    0,    0,    0,    0, -999
20010114, 0600,  , HU, 19.9S,  69.0E,  75,    0,    0,    0,    0,    0,    0,    0,    0,    0,    0,    0,    0,    0, -999
20010114, 1200,  , HU, 19.6S,  68.5E,  70,    0,    0,    0,    0,    0,    0,    0,    0,    0,    0,    0,    0,    0, -999
20010114, 1800,  , HU, 20.2S,  68.2E,  65,    0,    0,    0,    0,    0,    0,    0,    0,    0,    0,    0,    0,    0, -999
20010115, 0000,  , TS, 20.4S,  67.4E,  55,    0,    0,    0,    0,    0,    0,    0,    0,    0,    0,    0,    0,    0, -999
20010115, 0600,  , TS, 20.1S,  66.2E,  50,    0,    0,    0,    0,    0,    0,    0,    0,    0,    0,    0,    0,    0, -999
20010115, 1200,  , TS, 20.3S,  65.1E,  45,    0,    0,    0,    0,    0,    0,    0,    0,    0,    0,    0,    0,    0, -999
20010115, 1800,  , TS, 20.7S,  64.2E,  45,    0,    0,    0,    0,    0,    0,    0,    0,    0,    0,    0,    0,    0, -999
20010116, 0000,  , TS, 21.3S,  63.1E,  40,    0,    0,    0,    0,    0,    0,    0,    0,    0,    0,    0,    0,    0, -999
20010116, 0600,  , TS, 21.7S,  62.1E,  35,    0,    0,    0,    0,    0,    0,    0,    0,    0,    0,    0,    0,    0, -999
20010116, 1200,  , TD, 22.2S,  61.2E,  30,    0,    0,    0,    0,    0,    0,    0,    0,    0,    0,    0,    0,    0, -999
20010116, 1800,  , TD, 22.7S,  60.5E,  25,    0,    0,    0,    0,    0,    0,    0,    0,    0,    0,    0,    0,    0, -999
20010117, 0000,  , TD, 23.3S,  59.8E,  25,    0,    0,    0,    0,    0,    0,    0,    0,    0,    0,    0,    0,    0, -999
20010117, 0600,  , TD, 24.2S,  59.2E,  25,    0,    0,    0,    0,    0,    0,    0,    0,    0,    0,    0,    0,    0, -999
20010117, 1200,  , TD, 25.1S,  59.3E,  25,    0,    0,    0,    0,    0,    0,    0,    0,    0,    0,    0,    0,    0, -999
