SH061953,            UNNAMED,     12,
19530113, 0000,  , LO, 15.4S, 139.7E, -999,    0,    0,    0,    0,    0,    0,    0,    0,    0,    0,    0,    0,    0, -999
19530113, 0600,  , LO, 16.2S, 139.6E, -999,    0,    0,    0,    0,    0,    0,    0,    0,    0,    0,    0,    0,    0, -999
19530113, 1200,  , LO, 16.9S, 139.4E, -999,    0,    0,    0,    0,    0,    0,    0,    0,    0,    0,    0,    0,    0, -999
19530113, 1800,  , LO, 17.6S, 139.1E, -999,    0,    0,    0,    0,    0,    0,    0,    0,    0,    0,    0,    0,    0, -999
19530114, 0000,  , LO, 18.1S, 138.9E, -999,    0,    0,    0,    0,    0,    0,    0,    0,    0,    0,    0,    0,    0, -999
19530114, 0600,  , LO, 18.4S, 138.6E, -999,    0,    0,    0,    0,    0,    0,    0,    0,    0,    0,    0,    0,    0, -999
19530114, 1200,  , LO, 18.6S, 138.2E, -999,    0,    0,    0,    0,    0,    0,    0,    0,    0,    0,    0,    0,    0, -999
19530114, 1800,  , LO, 18.7S, 137.8E, -999,    0,    0,    0,    0,    0,    0,    0,    0,    0,    0,    0,    0,    0, -999
19530115, 0000,  , LO, 18.8S, 137.4E, -999,    0,    0,    0,    0,    0,    0,    0,    0,    0,    0,    0,    0,    0, -999
19530115, 0600,  , LO, 18.9S, 137.2E, -999,    0,    0,    0,    0,    0,    0,    0,    0,    0,    0,    0,    0,    0, -999
19530115, 1200,  , LO, 18.9S, 136.8E, -999,    0,    0,    0,    0,    0,    0,    0,    0,    0,    0,    0,    0,    0, -999
19530115, 1800,  , LO, 19.0S, 136.5E, -999,    0,    0,    0,    0,    0,    0,    0,    0,    0,    0,    0,    0,    0, -999
