SH062018,          BERGUITTA,     43,
20180111, 0600,  , DB, 13.4S,  69.1E,  20, 1007,    0,    0,    0,    0,    0,    0,    0,    0,    0,    0,    0,    0, -999
20180111, 1200,  , TD, 13.8S,  68.9E,  25, 1004,    0,    0,    0,    0,    0,    0,    0,    0,    0,    0,    0,    0, -999
20180111, 1800,  , TD, 14.5S,  68.8E,  30, 1004,    0,    0,    0,    0,    0,    0,    0,    0,    0,    0,    0,    0, -999
20180112, 0000,  , TD, 15.0S,  68.9E,  30, 1004,    0,    0,    0,    0,    0,    0,    0,    0,    0,    0,    0,    0, -999
20180112, 0600,  , TD, 15.9S,  68.5E,  30, 1003,    0,    0,    0,    0,    0,    0,    0,    0,    0,    0,    0,    0, -999
20180112, 1200,  , TS, 16.8S,  67.8E,  35, 1002,   60,   60,   60,   50,    0,    0,    0,    0,    0,    0,    0,    0, -999
20180112, 1800,  , TS, 17.4S,  66.8E,  35, 1002,   70,   70,   70,   50,    0,    0,    0,    0,    0,    0,    0,    0, -999
20180113, 0000,  , TS, 17.6S,  65.7E,  40, 1000,   70,   80,   80,   60,    0,    0,    0,    0,    0,    0,    0,    0, -999
20180113, 0600,  , TS, 17.7S,  65.2E,  45,  998,   70,   90,   90,   60,    0,    0,    0,    0,    0,    0,    0,    0, -999
20180113, 1200,  , TS, 18.1S,  64.4E,  45,  997,   80,  100,  100,   60,    0,    0,    0,    0,    0,    0,    0,    0, -999
20180113, 1800,  , TS, 18.3S,  63.6E,  50,  993,  100,  110,  110,   70,   48,   55,   55,   29,    0,    0,    0,    0, -999
20180114, 0000,  , TS, 18.3S,  63.3E,  50,  991,  100,  120,  110,   70,   48,   61,   55,   29,    0,    0,    0,    0, -999
20180114, 0600,  , TS, 18.1S,  63.2E,  55,  988,  100,  130,  120,   80,   49,   68,   61,   36,    0,    0,    0,    0, -999
20180114, 1200,  , TS, 18.0S,  63.2E,  55,  988,  100,  140,  130,   80,   49,   74,   68,   36,    0,    0,    0,    0, -999
20180114, 1800,  , TS, 17.9S,  63.2E,  60,  984,  100,  150,  130,   80,   49,   80,   68,   36,    0,    0,    0,    0, -999
20180115, 0000,  , HU, 17.7S,  63.2E,  70,  975,  100,  150,  150,   80,   49,   81,   81,   37,   25,   43,   43,   18, -999
20180115, 0600,  , HU, 17.7S,  63.1E,  85,  966,  100,  160,  150,   90,   50,   88,   82,   44,   26,   47,   44,   23, -999
20180115, 1200,  , HU, 17.9S,  63.0E, 105,  950,  100,  170,  160,   90,   51,   95,   89,   45,   27,   51,   48,   23, -999
20180115, 1800,  , HU, 18.1S,  62.5E, 105,  950,   90,  170,  150,   80,   45,   95,   83,   39,   23,   51,   44,   20, -999
20180116, 0000,  , HU, 18.1S,  61.9E, 100,  953,   90,  170,  150,   80,   45,   95,   83,   38,   23,   51,   44,   20, -999
20180116, 0600,  , HU, 18.0S,  61.5E,  90,  966,   90,  160,  150,   90,   44,   88,   82,   44,   23,   47,   44,   23, -999
20180116, 1200,  , HU, 18.0S,  61.1E,  75,  974,   90,  140,  140,   90,   43,   75,   75,   43,   22,   40,   40,   22, -999
20180116, 1800,  , HU, 18.0S,  60.9E,  75,  973,   90,  140,  140,   90,   43,   75,   75,   43,   22,   40,   40,   22, -999
20180117, 0000,  , HU, 18.0S,  60.6E,  70,  976,   90,  140,  140,   90,   43,   75,   75,   43,   22,   39,   39,   22, -999
20180117, 0600,  , HU, 18.1S,  60.3E,  65,  981,   90,  130,  130,   80,   43,   68,   68,   37,   22,   36,   36,   18, -999
20180117, 1200,  , HU, 18.6S,  59.9E,  65,  981,   90,  130,  130,   80,   43,   68,   68,   37,   22,   36,   36,   18, -999
20180117, 1800,  , TS, 19.1S,  59.4E,  60,  982,   90,  140,  130,   80,   43,   74,   68,   36,    0,    0,    0,    0, -999
20180118, 0000,  , TS, 20.0S,  58.5E,  60,  983,  100,  160,  140,   90,   49,   87,   74,   43,    0,    0,    0,    0, -999
20180118, 0600,  , TS, 20.6S,  57.6E,  55,  988,  110,  180,  160,  100,   55,   99,   86,   49,    0,    0,    0,    0, -999
20180118, 1200,  , TS, 21.5S,  56.6E,  55,  989,  120,  200,  180,  100,   61,  112,   99,   49,    0,    0,    0,    0, -999
20180118, 1800,  , TS, 22.1S,  55.1E,  50,  985,  140,  230,  200,  100,   74,  130,  111,   48,    0,    0,    0,    0, -999
20180119, 0000,  , TS, 22.8S,  54.2E,  50,  985,  140,  250,  240,  100,   74,  143,  137,   48,    0,    0,    0,    0, -999
20180119, 0600,  , TS, 24.0S,  52.9E,  50,  985,  150,  270,  240,  110,   80,  155,  137,   55,    0,    0,    0,    0, -999
20180119, 1200,  , TS, 25.0S,  51.9E,  50,  985,  160,  270,  240,  120,   86,  155,  137,   61,    0,    0,    0,    0, -999
20180119, 1800,  , TS, 26.1S,  50.9E,  55,  980,  180,  290,  240,  140,   99,  168,  137,   74,    0,    0,    0,    0, -999
20180120, 0000,  , TS, 27.3S,  50.2E,  55,  979,  200,  300,  220,  160,  112,  175,  124,   86,    0,    0,    0,    0, -999
20180120, 0600,  , TS, 29.3S,  49.6E,  50,  982,  210,  290,  220,  180,  118,  168,  124,   99,    0,    0,    0,    0, -999
20180120, 1200,  , TS, 31.0S,  49.2E,  50,  981,  210,  290,  220,  180,  118,  168,  124,   99,    0,    0,    0,    0, -999
20180120, 1800,  , EX, 32.1S,  49.3E,  50,  980,  230,  270,  180,  180,  130,  155,   99,   99,    0,    0,    0,    0, -999
20180121, 0000,  , EX, 32.8S,  49.9E,  50,  980,  230,  270,  180,  180,  130,  155,   99,   99,    0,    0,    0,    0, -999
20180121, 0600,  , EX, 33.4S,  50.8E,  50,  980,  230,  240,  180,  180,  130,  137,   99,   99,    0,    0,    0,    0, -999
20180121, 1200,  , EX, 33.9S,  52.7E,  45,  983,  220,  230,  180,  180,    0,    0,    0,    0,    0,    0,    0,    0, -999
20180121, 1800,  , EX, 34.2S,  54.3E,  40,  985,  200,  200,  160,  160,    0,    0,    0,    0,    0,    0,    0,    0, -999
