SH061955,            UNNAMED,     57,
19550101, 0000,  , LO, 13.0S, 162.6E, -999,    0,    0,    0,    0,    0,    0,    0,    0,    0,    0,    0,    0,    0, -999
19550101, 0600,  , LO, 12.7S, 163.3E, -999,    0,    0,    0,    0,    0,    0,    0,    0,    0,    0,    0,    0,    0, -999
19550101, 1200,  , LO, 12.6S, 164.0E, -999,    0,    0,    0,    0,    0,    0,    0,    0,    0,    0,    0,    0,    0, -999
19550101, 1800,  , LO, 12.6S, 164.9E, -999,    0,    0,    0,    0,    0,    0,    0,    0,    0,    0,    0,    0,    0, -999
19550102, 0000,  , LO, 12.7S, 165.8E, -999,    0,    0,    0,    0,    0,    0,    0,    0,    0,    0,    0,    0,    0, -999
19550102, 0600,  , LO, 12.7S, 166.4E, -999,    0,    0,    0,    0,    0,    0,    0,    0,    0,    0,    0,    0,    0, -999
19550102, 1200,  , LO, 12.7S, 167.0E, -999,    0,    0,    0,    0,    0,    0,    0,    0,    0,    0,    0,    0,    0, -999
19550102, 1800,  , LO, 12.7S, 167.6E, -999,    0,    0,    0,    0,    0,    0,    0,    0,    0,    0,    0,    0,    0, -999
19550103, 0000,  , LO, 12.8S, 168.2E, -999,    0,    0,    0,    0,    0,    0,    0,    0,    0,    0,    0,    0,    0, -999
19550103, 0600,  , LO, 12.9S, 169.2E, -999,    0,    0,    0,    0,    0,    0,    0,    0,    0,    0,    0,    0,    0, -999
19550103, 1200,  , LO, 13.0S, 170.5E, -999,    0,    0,    0,    0,    0,    0,    0,    0,    0,    0,    0,    0,    0, -999
19550103, 1800,  , LO, 13.1S, 171.5E, -999,    0,    0,    0,    0,    0,    0,    0,    0,    0,    0,    0,    0,    0, -999
19550104, 0000,  , LO, 13.3S, 172.6E, -999,    0,    0,    0,    0,    0,    0,    0,    0,    0,    0,    0,    0,    0, -999
19550104, 0600,  , LO, 13.5S, 173.6E, -999,    0,    0,    0,    0,    0,    0,    0,    0,    0,    0,    0,    0,    0, -999
19550104, 1200,  , LO, 13.9S, 174.7E, -999,    0,    0,    0,    0,    0,    0,    0,    0,    0,    0,    0,    0,    0, -999
19550104, 1800,  , LO, 14.6S, 175.3E, -999,    0,    0,    0,    0,    0,    0,    0,    0,    0,    0,    0,    0,    0, -999
19550105, 0000,  , LO, 15.4S, 175.5E, -999,    0,    0,    0,    0,    0,    0,    0,    0,    0,    0,    0,    0,    0, -999
19550105, 0600,  , LO, 16.0S, 175.6E, -999,    0,    0,    0,    0,    0,    0,    0,    0,    0,    0,    0,    0,    0, -999
19550105, 1200,  , LO, 16.5S, 175.5E, -999,    0,    0,    0,    0,    0,    0,    0,    0,    0,    0,    0,    0,    0, -999
19550105, 1800,  , LO, 16.9S, 175.3E, -999,    0,    0,    0,    0,    0,    0,    0,    0,    0,    0,    0,    0,    0, -999
19550106, 0000,  , LO, 17.3S, 175.1E, -999,    0,    0,    0,    0,    0,    0,    0,    0,    0,    0,    0,    0,    0, -999
19550106, 0600,  , LO, 17.8S, 175.0E, -999,    0,    0,    0,    0,    0,    0,    0,    0,    0,    0,    0,    0,    0, -999
19550106, 1200,  , LO, 18.2S, 174.9E, -999,    0,    0,    0,    0,    0,    0,    0,    0,    0,    0,    0,    0,    0, -999
19550106, 1800,  , LO, 18.6S, 174.7E, -999,    0,    0,    0,    0,    0,    0,    0,    0,    0,    0,    0,    0,    0, -999
19550107, 0000,  , LO, 18.9S, 174.5E, -999,    0,    0,    0,    0,    0,    0,    0,    0,    0,    0,    0,    0,    0, -999
19550107, 0600,  , LO, 19.1S, 174.2E, -999,    0,    0,    0,    0,    0,    0,    0,    0,    0,    0,    0,    0,    0, -999
19550107, 1200,  , LO, 19.3S, 173.8E, -999,    0,    0,    0,    0,    0,    0,    0,    0,    0,    0,    0,    0,    0, -999
19550107, 1800,  , LO, 19.7S, 173.5E, -999,    0,    0,    0,    0,    0,    0,    0,    0,    0,    0,    0,    0,    0, -999
19550108, 0000,  , LO, 20.0S, 173.2E, -999,    0,    0,    0,    0,    0,    0,    0,    0,    0,    0,    0,    0,    0, -999
19550108, 0600,  , LO, 20.2S, 172.9E, -999,    0,    0,    0,    0,    0,    0,    0,    0,    0,    0,    0,    0,    0, -999
19550108, 1200,  , LO, 20.4S, 172.5E, -999,    0,    0,    0,    0,    0,    0,    0,    0,    0,    0,    0,    0,    0, -999
19550108, 1800,  , LO, 20.7S, 172.3E, -999,    0,    0,    0,    0,    0,    0,    0,    0,    0,    0,    0,    0,    0, -999
19550109, 0000,  , LO, 21.0S, 172.0E, -999,    0,    0,    0,    0,    0,    0,    0,    0,    0,    0,    0,    0,    0, -999
19550109, 0600,  , LO, 21.2S, 171.6E, -999,    0,    0,    0,    0,    0,    0,    0,    0,    0,    0,    0,    0,    0, -999
19550109, 1200,  , LO, 21.4S, 171.2E, -999,    0,    0,    0,    0,    0,    0,    0,    0,    0,    0,    0,    0,    0, -999
19550109, 1800,  , LO, 21.7S, 170.9E, -999,    0,    0,    0,    0,    0,    0,    0,    0,    0,    0,    0,    0,    0, -999
19550110, 0000,  , LO, 22.0S, 170.6E, -999,    0,    0,    0,    0,    0,    0,    0,    0,    0,    0,    0,    0,    0, -999
19550110, 0600,  , LO, 22.5S, 170.3E, -999,    0,    0,    0,    0,    0,    0,    0,    0,    0,    0,    0,    0,    0, -999
19550110, 1200,  , LO, 23.0S, 170.1E, -999,    0,    0,    0,    0,    0,    0,    0,    0,    0,    0,    0,    0,    0, -999
19550110, 1800,  , LO, 23.3S, 170.0E, -999,    0,    0,    0,    0,    0,    0,    0,    0,    0,    0,    0,    0,    0, -999
19550111, 0000,  , LO, 23.6S, 170.2E, -999,    0,    0,    0,    0,    0,    0,    0,    0,    0,    0,    0,    0,    0, -999
19550111, 0600,  , LO, 24.0S, 170.5E, -999,    0,    0,    0,    0,    0,    0,    0,    0,    0,    0,    0,    0,    0, -999
19550111, 1200,  , LO, 24.4S, 170.8E, -999,    0,    0,    0,    0,    0,    0,    0,    0,    0,    0,    0,    0,    0, -999
19550111, 1800,  , LO, 24.7S, 170.9E, -999,    0,    0,    0,    0,    0,    0,    0,    0,    0,    0,    0,    0,    0, -999
19550112, 0000,  , LO, 25.0S, 171.1E, -999,    0,    0,    0,    0,    0,    0,    0,    0,    0,    0,    0,    0,    0, -999
19550112, 0600,  , LO, 25.5S, 171.4E, -999,    0,    0,    0,    0,    0,    0,    0,    0,    0,    0,    0,    0,    0, -999
19550112, 1200,  , LO, 26.0S, 171.8E, -999,    0,    0,    0,    0,    0,    0,    0,    0,    0,    0,    0,    0,    0, -999
19550112, 1800,  , LO, 26.4S, 172.0E, -999,    0,    0,    0,    0,    0,    0,    0,    0,    0,    0,    0,    0,    0, -999
19550113, 0000,  , LO, 26.9S, 172.0E, -999,    0,    0,    0,    0,    0,    0,    0,    0,    0,    0,    0,    0,    0, -999
19550113, 0600,  , LO, 27.3S, 171.9E, -999,    0,    0,    0,    0,    0,    0,    0,    0,    0,    0,    0,    0,    0, -999
19550113, 1200,  , LO, 27.8S, 171.8E, -999,    0,    0,    0,    0,    0,    0,    0,    0,    0,    0,    0,    0,    0, -999
19550113, 1800,  , LO, 28.2S, 171.8E, -999,    0,    0,    0,    0,    0,    0,    0,    0,    0,    0,    0,    0,    0, -999
19550114, 0000,  , LO, 28.7S, 171.8E, -999,    0,    0,    0,    0,    0,    0,    0,    0,    0,    0,    0,    0,    0, -999
19550114, 0600,  , LO, 29.1S, 171.7E, -999,    0,    0,    0,    0,    0,    0,    0,    0,    0,    0,    0,    0,    0, -999
19550114, 1200,  , LO, 29.4S, 171.7E, -999,    0,    0,    0,    0,    0,    0,    0,    0,    0,    0,    0,    0,    0, -999
19550114, 1800,  , LO, 29.7S, 171.7E, -999,    0,    0,    0,    0,    0,    0,    0,    0,    0,    0,    0,    0,    0, -999
19550115, 0000,  , LO, 30.0S, 171.8E, -999,    0,    0,    0,    0,    0,    0,    0,    0,    0,    0,    0,    0,    0, -999
