SH072002,            UNNAMED,     19,
20011228, 1200,  , TD, 10.4S, 175.1W,  25, 1002,    0,    0,    0,    0,    0,    0,    0,    0,    0,    0,    0,    0, -999
20011228, 1800,  , TD, 10.4S, 174.7W,  30, 1002,    0,    0,    0,    0,    0,    0,    0,    0,    0,    0,    0,    0, -999
20011229, 0000,  , TD, 10.8S, 174.5W,  30, 1002,    0,    0,    0,    0,    0,    0,    0,    0,    0,    0,    0,    0, -999
20011229, 0600,  , TS, 11.5S, 174.8W,  35,  997,    0,    0,    0,    0,    0,    0,    0,    0,    0,    0,    0,    0, -999
20011229, 1200,  , TS, 12.0S, 175.0W,  35,  997,    0,    0,    0,    0,    0,    0,    0,    0,    0,    0,    0,    0, -999
20011229, 1800,  , TS, 12.5S, 175.4W,  55,  994,    0,    0,    0,    0,    0,    0,    0,    0,    0,    0,    0,    0, -999
20011230, 0000,  , HU, 13.0S, 175.8W,  65,  976,    0,    0,    0,    0,    0,    0,    0,    0,    0,    0,    0,    0, -999
20011230, 0600,  , HU, 13.7S, 175.9W,  70,  972,    0,    0,    0,    0,    0,    0,    0,    0,    0,    0,    0,    0, -999
20011230, 1200,  , HU, 14.3S, 175.8W,  90,  954,    0,    0,    0,    0,    0,    0,    0,    0,    0,    0,    0,    0, -999
20011230, 1800,  , HU, 15.3S, 175.6W,  90,  954,    0,    0,    0,    0,    0,    0,    0,    0,    0,    0,    0,    0, -999
20011231, 0000,  , HU, 16.3S, 175.3W, 100,  944,    0,    0,    0,    0,    0,    0,    0,    0,    0,    0,    0,    0, -999
20011231, 0600,  , HU, 17.4S, 174.6W, 100,  944,    0,    0,    0,    0,    0,    0,    0,    0,    0,    0,    0,    0, -999
20011231, 1200,  , HU, 18.8S, 173.9W, 100,  944,    0,    0,    0,    0,    0,    0,    0,    0,    0,    0,    0,    0, -999
20011231, 1800,  , HU, 20.3S, 172.8W, 100,  962,    0,    0,    0,    0,    0,    0,    0,    0,    0,    0,    0,    0, -999
20020101, 0000,  , HU, 22.0S, 171.6W,  90,  970,    0,    0,    0,    0,    0,    0,    0,    0,    0,    0,    0,    0, -999
20020101, 0600,  , HU, 23.7S, 170.4W,  75,  981,    0,    0,    0,    0,    0,    0,    0,    0,    0,    0,    0,    0, -999
20020101, 1200,  , HU, 25.6S, 169.2W,  65,  987,    0,    0,    0,    0,    0,    0,    0,    0,    0,    0,    0,    0, -999
20020101, 1800,  , TS, 28.0S, 167.9W,  55,  984,    0,    0,    0,    0,    0,    0,    0,    0,    0,    0,    0,    0, -999
20020102, 0000,  , TS, 29.3S, 167.6W,  45, 1000,    0,    0,    0,    0,    0,    0,    0,    0,    0,    0,    0,    0, -999
