SH071955,            UNNAMED,     35,
19550105, 1200,  , LO, 16.2S, 159.0W, -999,    0,    0,    0,    0,    0,    0,    0,    0,    0,    0,    0,    0,    0, -999
19550105, 1800,  , LO, 16.6S, 158.4W, -999,    0,    0,    0,    0,    0,    0,    0,    0,    0,    0,    0,    0,    0, -999
19550106, 0000,  , LO, 17.0S, 158.1W, -999,    0,    0,    0,    0,    0,    0,    0,    0,    0,    0,    0,    0,    0, -999
19550106, 0600,  , LO, 17.4S, 158.0W, -999,    0,    0,    0,    0,    0,    0,    0,    0,    0,    0,    0,    0,    0, -999
19550106, 1200,  , LO, 17.8S, 157.9W, -999,    0,    0,    0,    0,    0,    0,    0,    0,    0,    0,    0,    0,    0, -999
19550106, 1800,  , LO, 18.1S, 157.6W, -999,    0,    0,    0,    0,    0,    0,    0,    0,    0,    0,    0,    0,    0, -999
19550107, 0000,  , LO, 18.3S, 157.4W, -999,    0,    0,    0,    0,    0,    0,    0,    0,    0,    0,    0,    0,    0, -999
19550107, 0600,  , LO, 18.8S, 157.4W, -999,    0,    0,    0,    0,    0,    0,    0,    0,    0,    0,    0,    0,    0, -999
19550107, 1200,  , LO, 19.3S, 157.5W, -999,    0,    0,    0,    0,    0,    0,    0,    0,    0,    0,    0,    0,    0, -999
19550107, 1800,  , LO, 19.5S, 157.5W, -999,    0,    0,    0,    0,    0,    0,    0,    0,    0,    0,    0,    0,    0, -999
19550108, 0000,  , LO, 19.8S, 157.5W, -999,    0,    0,    0,    0,    0,    0,    0,    0,    0,    0,    0,    0,    0, -999
19550108, 0600,  , LO, 20.1S, 157.5W, -999,    0,    0,    0,    0,    0,    0,    0,    0,    0,    0,    0,    0,    0, -999
19550108, 1200,  , LO, 20.4S, 157.6W, -999,    0,    0,    0,    0,    0,    0,    0,    0,    0,    0,    0,    0,    0, -999
19550108, 1800,  , LO, 20.7S, 157.8W, -999,    0,    0,    0,    0,    0,    0,    0,    0,    0,    0,    0,    0,    0, -999
19550109, 0000,  , LO, 21.0S, 158.0W, -999,    0,    0,    0,    0,    0,    0,    0,    0,    0,    0,    0,    0,    0, -999
19550109, 0600,  , LO, 21.3S, 158.3W, -999,    0,    0,    0,    0,    0,    0,    0,    0,    0,    0,    0,    0,    0, -999
19550109, 1200,  , LO, 21.5S, 158.6W, -999,    0,    0,    0,    0,    0,    0,    0,    0,    0,    0,    0,    0,    0, -999
19550109, 1800,  , LO, 21.7S, 158.8W, -999,    0,    0,    0,    0,    0,    0,    0,    0,    0,    0,    0,    0,    0, -999
19550110, 0000,  , LO, 21.9S, 159.1W, -999,    0,    0,    0,    0,    0,    0,    0,    0,    0,    0,    0,    0,    0, -999
19550110, 0600,  , LO, 22.1S, 159.5W, -999,    0,    0,    0,    0,    0,    0,    0,    0,    0,    0,    0,    0,    0, -999
19550110, 1200,  , LO, 22.4S, 159.9W, -999,    0,    0,    0,    0,    0,    0,    0,    0,    0,    0,    0,    0,    0, -999
19550110, 1800,  , LO, 22.6S, 160.1W, -999,    0,    0,    0,    0,    0,    0,    0,    0,    0,    0,    0,    0,    0, -999
19550111, 0000,  , LO, 22.8S, 160.3W, -999,    0,    0,    0,    0,    0,    0,    0,    0,    0,    0,    0,    0,    0, -999
19550111, 0600,  , LO, 23.1S, 160.8W, -999,    0,    0,    0,    0,    0,    0,    0,    0,    0,    0,    0,    0,    0, -999
19550111, 1200,  , LO, 23.5S, 161.2W, -999,    0,    0,    0,    0,    0,    0,    0,    0,    0,    0,    0,    0,    0, -999
19550111, 1800,  , LO, 23.7S, 161.4W, -999,    0,    0,    0,    0,    0,    0,    0,    0,    0,    0,    0,    0,    0, -999
19550112, 0000,  , LO, 23.9S, 161.7W, -999,    0,    0,    0,    0,    0,    0,    0,    0,    0,    0,    0,    0,    0, -999
19550112, 0600,  , LO, 24.2S, 162.1W, -999,    0,    0,    0,    0,    0,    0,    0,    0,    0,    0,    0,    0,    0, -999
19550112, 1200,  , LO, 24.5S, 162.4W, -999,    0,    0,    0,    0,    0,    0,    0,    0,    0,    0,    0,    0,    0, -999
19550112, 1800,  , LO, 24.7S, 162.7W, -999,    0,    0,    0,    0,    0,    0,    0,    0,    0,    0,    0,    0,    0, -999
19550113, 0000,  , LO, 25.0S, 162.9W, -999,    0,    0,    0,    0,    0,    0,    0,    0,    0,    0,    0,    0,    0, -999
19550113, 0600,  , LO, 25.2S, 163.1W, -999,    0,    0,    0,    0,    0,    0,    0,    0,    0,    0,    0,    0,    0, -999
19550113, 1200,  , LO, 25.5S, 163.3W, -999,    0,    0,    0,    0,    0,    0,    0,    0,    0,    0,    0,    0,    0, -999
19550113, 1800,  , LO, 25.8S, 163.5W, -999,    0,    0,    0,    0,    0,    0,    0,    0,    0,    0,    0,    0,    0, -999
19550114, 0000,  , LO, 26.3S, 163.7W, -999,    0,    0,    0,    0,    0,    0,    0,    0,    0,    0,    0,    0,    0, -999
