SH082007,               ZITA,     14,
20070121, 0600,  , DB, 11.6S, 164.8W,  20, 1002,    0,    0,    0,    0,    0,    0,    0,    0,    0,    0,    0,    0, -999
20070121, 1200,  , DB, 11.8S, 163.8W,  20, 1002,    0,    0,    0,    0,    0,    0,    0,    0,    0,    0,    0,    0, -999
20070121, 1800,  , DB, 12.0S, 162.8W,  20, 1002,    0,    0,    0,    0,    0,    0,    0,    0,    0,    0,    0,    0, -999
20070122, 0000,  , TD, 12.2S, 161.5W,  25, 1002,    0,    0,    0,    0,    0,    0,    0,    0,    0,    0,    0,    0, -999
20070122, 0600,  , TD, 12.7S, 160.1W,  25, 1002,    0,    0,    0,    0,    0,    0,    0,    0,    0,    0,    0,    0, -999
20070122, 1200,  , TD, 13.3S, 158.7W,  30, 1000,    0,    0,    0,    0,    0,    0,    0,    0,    0,    0,    0,    0, -999
20070122, 1800,  , TS, 14.0S, 157.3W,  40,  994,   90,   90,   80,   80,    0,    0,    0,    0,    0,    0,    0,    0, -999
20070123, 0000,  , TS, 14.9S, 155.9W,  50,  987,   90,   90,   80,   80,    0,    0,    0,    0,    0,    0,    0,    0, -999
20070123, 0600,  , TS, 16.1S, 154.5W,  50,  985,  105,  105,   95,   95,   35,   35,   35,   35,    0,    0,    0,    0, -999
20070123, 1200,  , TS, 17.7S, 153.3W,  60,  980,   95,  100,   90,   90,   30,   30,   30,   30,    0,    0,    0,    0, -999
20070123, 1800,  , TS, 19.5S, 152.1W,  50,  987,  110,  110,   80,   80,    0,    0,    0,    0,    0,    0,    0,    0, -999
20070124, 0000,  , TS, 21.6S, 151.7W,  45,  991,  110,  110,   80,   80,    0,    0,    0,    0,    0,    0,    0,    0, -999
20070124, 0600,  , TS, 23.7S, 150.9W,  35,  997,  110,  110,   80,   80,    0,    0,    0,    0,    0,    0,    0,    0, -999
20070124, 1200,  , EX, 26.3S, 149.7W,  30, 1000,    0,    0,    0,    0,    0,    0,    0,    0,    0,    0,    0,    0, -999
