SH082019,              PENNY,     49,
20181228, 1200,  , DB, 11.5S, 144.8E,  15, 1004,    0,    0,    0,    0,    0,    0,    0,    0,    0,    0,    0,    0, -999
20181228, 1800,  , TD, 11.9S, 144.6E,  25, 1001,    0,    0,    0,    0,    0,    0,    0,    0,    0,    0,    0,    0, -999
20181229, 0000,  , TD, 12.2S, 144.3E,  25, 1001,    0,    0,    0,    0,    0,    0,    0,    0,    0,    0,    0,    0, -999
20181229, 0600,  , DB, 12.3S, 144.0E,  15, 1003,    0,    0,    0,    0,    0,    0,    0,    0,    0,    0,    0,    0, -999
20181229, 1200,  , TD, 12.7S, 144.1E,  25, 1000,    0,    0,    0,    0,    0,    0,    0,    0,    0,    0,    0,    0, -999
20181229, 1800,  , TD, 13.1S, 144.2E,  25, 1000,    0,    0,    0,    0,    0,    0,    0,    0,    0,    0,    0,    0, -999
20181230, 0000,  , TD, 13.3S, 143.9E,  25, 1001,    0,    0,    0,    0,    0,    0,    0,    0,    0,    0,    0,    0, -999
20181230, 0600,  , TD, 13.2S, 142.9E,  25, 1001,    0,    0,    0,    0,    0,    0,    0,    0,    0,    0,    0,    0, -999
20181230, 1200,  , TD, 13.1S, 141.7E,  25, 1002,    0,    0,    0,    0,    0,    0,    0,    0,    0,    0,    0,    0, -999
20181230, 1800,  , TD, 13.1S, 140.6E,  30, 1000,    0,    0,    0,    0,    0,    0,    0,    0,    0,    0,    0,    0, -999
20181231, 0000,  , TD, 12.9S, 139.7E,  30, 1000,    0,    0,    0,    0,    0,    0,    0,    0,    0,    0,    0,    0, -999
20181231, 0600,  , TS, 12.5S, 139.7E,  40,  996,  115,   95,   80,  135,    0,    0,    0,    0,    0,    0,    0,    0, -999
20181231, 1200,  , TS, 12.6S, 140.2E,  40,  996,  110,   75,   90,  120,    0,    0,    0,    0,    0,    0,    0,    0, -999
20181231, 1800,  , TS, 12.7S, 140.6E,  40,  995,  155,  150,   95,  125,    0,    0,    0,    0,    0,    0,    0,    0, -999
20190101, 0000,  , TS, 12.7S, 141.1E,  45,  993,  115,   80,  125,  125,    0,    0,    0,    0,    0,    0,    0,    0, -999
20190101, 0600,  , TS, 12.8S, 142.0E,  45,  993,  100,   60,   80,   80,    0,    0,    0,    0,    0,    0,    0,    0, -999
20190101, 1200,  , TS, 12.9S, 142.8E,  40,  996,  115,   70,   90,  100,    0,    0,    0,    0,    0,    0,    0,    0, -999
20190101, 1800,  , TD, 12.9S, 143.7E,  30,  996,    0,    0,    0,    0,    0,    0,    0,    0,    0,    0,    0,    0, -999
20190102, 0000,  , TS, 12.9S, 144.7E,  40,  995,    0,    0,    0,  110,    0,    0,    0,    0,    0,    0,    0,    0, -999
20190102, 0600,  , TS, 13.1S, 146.1E,  40,  994,   80,    0,    0,  125,    0,    0,    0,    0,    0,    0,    0,    0, -999
20190102, 1200,  , TS, 13.3S, 147.9E,  45,  992,  175,  110,  125,  175,    0,    0,    0,    0,    0,    0,    0,    0, -999
20190102, 1800,  , TS, 13.6S, 150.1E,  45,  992,  175,  110,  125,  175,    0,    0,    0,    0,    0,    0,    0,    0, -999
20190103, 0000,  , TS, 14.3S, 152.3E,  45,  995,  165,  100,  125,  165,    0,    0,    0,    0,    0,    0,    0,    0, -999
20190103, 0600,  , TS, 14.9S, 153.7E,  45,  992,  165,  110,  125,  140,    0,    0,    0,    0,    0,    0,    0,    0, -999
20190103, 1200,  , TS, 15.3S, 154.8E,  50,  990,  115,  130,  125,   85,   15,   25,   30,   20,    0,    0,    0,    0, -999
20190103, 1800,  , TS, 15.7S, 155.5E,  55,  987,  115,   80,  125,  125,   55,   45,   45,   55,    0,    0,    0,    0, -999
20190104, 0000,  , TS, 16.0S, 155.9E,  55,  987,  115,   80,  125,  125,   40,   35,   45,   45,    0,    0,    0,    0, -999
20190104, 0600,  , TS, 16.0S, 156.0E,  50,  990,  130,  115,  125,  125,   15,   15,   10,   10,    0,    0,    0,    0, -999
20190104, 1200,  , TS, 16.1S, 155.9E,  45,  992,  100,  150,  175,  110,    0,    0,    0,    0,    0,    0,    0,    0, -999
20190104, 1800,  , TS, 15.9S, 155.8E,  45,  992,  100,  145,  170,  110,    0,    0,    0,    0,    0,    0,    0,    0, -999
20190105, 0000,  , TS, 15.8S, 155.8E,  40,  993,  100,  120,   95,  100,    0,    0,    0,    0,    0,    0,    0,    0, -999
20190105, 0600,  , TS, 15.8S, 156.0E,  40,  993,  115,   80,   95,  100,    0,    0,    0,    0,    0,    0,    0,    0, -999
20190105, 1200,  , TS, 15.9S, 156.1E,  40,  994,  115,   80,  100,   90,    0,    0,    0,    0,    0,    0,    0,    0, -999
20190105, 1800,  , TS, 16.5S, 156.0E,  45,  992,   50,   80,  125,   60,    0,    0,    0,    0,    0,    0,    0,    0, -999
20190106, 0000,  , TS, 17.0S, 155.1E,  45,  992,   35,   95,  130,   70,    0,    0,    0,    0,    0,    0,    0,    0, -999
20190106, 0600,  , TS, 17.0S, 154.8E,  40,  995,   50,   95,  125,   80,    0,    0,    0,    0,    0,    0,    0,    0, -999
20190106, 1200,  , TS, 17.0S, 154.5E,  35,  996,    0,    0,  135,  150,    0,    0,    0,    0,    0,    0,    0,    0, -999
20190106, 1800,  , TS, 17.5S, 154.0E,  35,  996,   20,   80,  140,   20,    0,    0,    0,    0,    0,    0,    0,    0, -999
20190107, 0000,  , TS, 17.9S, 153.1E,  35,  995,   70,   80,  105,   50,    0,    0,    0,    0,    0,    0,    0,    0, -999
20190107, 0600,  , TS, 18.2S, 152.5E,  40,  992,   55,   70,   90,   45,    0,    0,    0,    0,    0,    0,    0,    0, -999
20190107, 1200,  , TS, 18.5S, 152.0E,  35,  996,    0,   85,  100,    0,    0,    0,    0,    0,    0,    0,    0,    0, -999
20190107, 1800,  , TS, 18.9S, 151.4E,  35, 1000,   85,   80,  105,   70,    0,    0,    0,    0,    0,    0,    0,    0, -999
20190108, 0000,  , TD, 19.3S, 150.8E,  30, 1002,    0,    0,    0,    0,    0,    0,    0,    0,    0,    0,    0,    0, -999
20190108, 0600,  , TD, 19.8S, 150.2E,  25, 1003,    0,    0,    0,    0,    0,    0,    0,    0,    0,    0,    0,    0, -999
20190108, 1200,  , TD, 19.9S, 149.6E,  25, 1004,    0,    0,    0,    0,    0,    0,    0,    0,    0,    0,    0,    0, -999
20190108, 1800,  , TD, 20.0S, 149.0E,  25, 1004,    0,    0,    0,    0,    0,    0,    0,    0,    0,    0,    0,    0, -999
20190109, 0000,  , TD, 20.0S, 148.5E,  25, 1005,    0,    0,    0,    0,    0,    0,    0,    0,    0,    0,    0,    0, -999
20190109, 0600,  , TD, 20.2S, 148.2E,  25, 1005,    0,    0,    0,    0,    0,    0,    0,    0,    0,    0,    0,    0, -999
20190109, 1200,  , DB, 20.4S, 147.6E,  20, 1007,    0,    0,    0,    0,    0,    0,    0,    0,    0,    0,    0,    0, -999
