SH081967,            UNNAMED,     17,
19661222, 1800,  , LO, 21.0S,  40.2E, -999,    0,    0,    0,    0,    0,    0,    0,    0,    0,    0,    0,    0,    0, -999
19661223, 0000,  , LO, 21.1S,  40.0E, -999,    0,    0,    0,    0,    0,    0,    0,    0,    0,    0,    0,    0,    0, -999
19661223, 0600,  , LO, 21.2S,  39.8E, -999,    0,    0,    0,    0,    0,    0,    0,    0,    0,    0,    0,    0,    0, -999
19661223, 1200,  , LO, 21.3S,  39.6E, -999,    0,    0,    0,    0,    0,    0,    0,    0,    0,    0,    0,    0,    0, -999
19661223, 1800,  , LO, 21.5S,  39.5E, -999,    0,    0,    0,    0,    0,    0,    0,    0,    0,    0,    0,    0,    0, -999
19661224, 0000,  , LO, 21.7S,  39.2E, -999,    0,    0,    0,    0,    0,    0,    0,    0,    0,    0,    0,    0,    0, -999
19661224, 0600,  , LO, 21.9S,  39.0E, -999,    0,    0,    0,    0,    0,    0,    0,    0,    0,    0,    0,    0,    0, -999
19661224, 1200,  , LO, 21.9S,  39.3E, -999,    0,    0,    0,    0,    0,    0,    0,    0,    0,    0,    0,    0,    0, -999
19661224, 1800,  , LO, 22.0S,  39.7E, -999,    0,    0,    0,    0,    0,    0,    0,    0,    0,    0,    0,    0,    0, -999
19661225, 0000,  , LO, 22.0S,  39.6E, -999,    0,    0,    0,    0,    0,    0,    0,    0,    0,    0,    0,    0,    0, -999
19661225, 0600,  , LO, 22.1S,  40.1E, -999,    0,    0,    0,    0,    0,    0,    0,    0,    0,    0,    0,    0,    0, -999
19661225, 1200,  , LO, 22.1S,  41.7E, -999,    0,    0,    0,    0,    0,    0,    0,    0,    0,    0,    0,    0,    0, -999
19661225, 1800,  , LO, 22.2S,  43.5E, -999,    0,    0,    0,    0,    0,    0,    0,    0,    0,    0,    0,    0,    0, -999
19661226, 0000,  , LO, 22.4S,  45.2E, -999,    0,    0,    0,    0,    0,    0,    0,    0,    0,    0,    0,    0,    0, -999
19661226, 0600,  , LO, 22.6S,  46.8E, -999,    0,    0,    0,    0,    0,    0,    0,    0,    0,    0,    0,    0,    0, -999
19661226, 1200,  , LO, 22.8S,  48.1E, -999,    0,    0,    0,    0,    0,    0,    0,    0,    0,    0,    0,    0,    0, -999
19661226, 1800,  , LO, 23.1S,  49.1E, -999,    0,    0,    0,    0,    0,    0,    0,    0,    0,    0,    0,    0,    0, -999
