SH091991,            UNNAMED,     32,
19910215, 1800,  , LO, 15.4S, 119.3E,  20,    0,    0,    0,    0,    0,    0,    0,    0,    0,    0,    0,    0,    0, -999
19910216, 0000,  , LO, 15.0S, 120.0E,  20,    0,    0,    0,    0,    0,    0,    0,    0,    0,    0,    0,    0,    0, -999
19910216, 0600,  , LO, 15.1S, 120.5E,  25,    0,    0,    0,    0,    0,    0,    0,    0,    0,    0,    0,    0,    0, -999
19910216, 1200,  , LO, 15.2S, 120.8E,  30,    0,    0,    0,    0,    0,    0,    0,    0,    0,    0,    0,    0,    0, -999
19910216, 1800,  , LO, 15.3S, 120.9E,  30,    0,    0,    0,    0,    0,    0,    0,    0,    0,    0,    0,    0,    0, -999
19910217, 0000,  , TS, 15.4S, 121.0E,  35,    0,    0,    0,    0,    0,    0,    0,    0,    0,    0,    0,    0,    0, -999
19910217, 0600,  , TS, 15.5S, 121.1E,  35,    0,    0,    0,    0,    0,    0,    0,    0,    0,    0,    0,    0,    0, -999
19910217, 1200,  , TS, 15.6S, 121.0E,  40,    0,    0,    0,    0,    0,    0,    0,    0,    0,    0,    0,    0,    0, -999
19910217, 1800,  , TS, 15.6S, 120.8E,  40,    0,    0,    0,    0,    0,    0,    0,    0,    0,    0,    0,    0,    0, -999
19910218, 0000,  , TS, 15.5S, 120.6E,  45,    0,    0,    0,    0,    0,    0,    0,    0,    0,    0,    0,    0,    0, -999
19910218, 0600,  , TS, 15.4S, 120.3E,  45,    0,    0,    0,    0,    0,    0,    0,    0,    0,    0,    0,    0,    0, -999
19910218, 1200,  , TS, 15.5S, 119.6E,  50,    0,    0,    0,    0,    0,    0,    0,    0,    0,    0,    0,    0,    0, -999
19910218, 1800,  , TS, 15.7S, 118.3E,  50,    0,    0,    0,    0,    0,    0,    0,    0,    0,    0,    0,    0,    0, -999
19910219, 0000,  , TS, 15.7S, 116.9E,  50,    0,    0,    0,    0,    0,    0,    0,    0,    0,    0,    0,    0,    0, -999
19910219, 0600,  , TS, 15.6S, 115.9E,  50,    0,    0,    0,    0,    0,    0,    0,    0,    0,    0,    0,    0,    0, -999
19910219, 1200,  , TS, 15.6S, 115.0E,  50,    0,    0,    0,    0,    0,    0,    0,    0,    0,    0,    0,    0,    0, -999
19910219, 1800,  , TS, 15.8S, 114.1E,  50,    0,    0,    0,    0,    0,    0,    0,    0,    0,    0,    0,    0,    0, -999
19910220, 0000,  , TS, 16.0S, 113.4E,  50,    0,    0,    0,    0,    0,    0,    0,    0,    0,    0,    0,    0,    0, -999
19910220, 0600,  , TS, 16.2S, 112.9E,  45,    0,    0,    0,    0,    0,    0,    0,    0,    0,    0,    0,    0,    0, -999
19910220, 1200,  , TS, 16.3S, 112.3E,  40,    0,    0,    0,    0,    0,    0,    0,    0,    0,    0,    0,    0,    0, -999
19910220, 1800,  , TS, 16.4S, 111.8E,  40,    0,    0,    0,    0,    0,    0,    0,    0,    0,    0,    0,    0,    0, -999
19910221, 0000,  , TS, 16.4S, 111.1E,  35,    0,    0,    0,    0,    0,    0,    0,    0,    0,    0,    0,    0,    0, -999
19910221, 0600,  , LO, 16.3S, 110.4E,  30,    0,    0,    0,    0,    0,    0,    0,    0,    0,    0,    0,    0,    0, -999
19910221, 1200,  , LO, 16.2S, 109.9E,  30,    0,    0,    0,    0,    0,    0,    0,    0,    0,    0,    0,    0,    0, -999
19910221, 1800,  , LO, 16.2S, 109.7E,  30,    0,    0,    0,    0,    0,    0,    0,    0,    0,    0,    0,    0,    0, -999
19910222, 0000,  , LO, 16.2S, 109.5E,  30,    0,    0,    0,    0,    0,    0,    0,    0,    0,    0,    0,    0,    0, -999
19910222, 0600,  , LO, 16.3S, 109.4E,  30,    0,    0,    0,    0,    0,    0,    0,    0,    0,    0,    0,    0,    0, -999
19910222, 1200,  , LO, 16.4S, 109.4E,  30,    0,    0,    0,    0,    0,    0,    0,    0,    0,    0,    0,    0,    0, -999
19910222, 1800,  , LO, 16.6S, 109.5E,  30,    0,    0,    0,    0,    0,    0,    0,    0,    0,    0,    0,    0,    0, -999
19910223, 0000,  , LO, 16.8S, 110.0E,  25,    0,    0,    0,    0,    0,    0,    0,    0,    0,    0,    0,    0,    0, -999
19910223, 0600,  , LO, 16.9S, 110.8E,  25,    0,    0,    0,    0,    0,    0,    0,    0,    0,    0,    0,    0,    0, -999
19910223, 1200,  , LO, 17.0S, 111.7E,  20,    0,    0,    0,    0,    0,    0,    0,    0,    0,    0,    0,    0,    0, -999
