SH092015,             EUNICE,     30,
20150126, 1800,  , TD, 13.6S,  63.9E,  25, 1004,    0,    0,    0,    0,    0,    0,    0,    0,    0,    0,    0,    0, -999
20150127, 0000,  , TD, 13.4S,  63.3E,  25, 1004,    0,    0,    0,    0,    0,    0,    0,    0,    0,    0,    0,    0, -999
20150127, 0600,  , TD, 13.1S,  62.9E,  30, 1000,    0,    0,    0,    0,    0,    0,    0,    0,    0,    0,    0,    0, -999
20150127, 0900,  , TD, 12.9S,  62.9E,  30, 1000,    0,    0,    0,    0,    0,    0,    0,    0,    0,    0,    0,    0, -999
20150127, 1200,  , TS, 12.8S,  63.1E,  35,  996,    0,    0,    0,    0,    0,    0,    0,    0,    0,    0,    0,    0, -999
20150127, 1800,  , TS, 12.9S,  63.6E,  40,  993,    0,    0,    0,    0,    0,    0,    0,    0,    0,    0,    0,    0, -999
20150128, 0000,  , TS, 13.2S,  64.1E,  50,  985,   35,   35,   30,   30,    0,    0,    0,    0,    0,    0,    0,    0, -999
20150128, 0600,  , TS, 13.8S,  64.5E,  60,  978,   85,   45,   60,   60,   30,   25,   20,   30,    0,    0,    0,    0, -999
20150128, 1200,  , HU, 14.2S,  64.9E,  75,  967,   60,   85,   60,   65,   30,   30,   25,   30,   15,   15,   15,   15, -999
20150128, 1800,  , HU, 14.6S,  65.4E,  90,  956,   85,   70,   70,   85,   35,   30,   30,   35,   20,   20,   20,   20, -999
20150129, 0000,  , HU, 15.0S,  65.9E,  90,  956,   85,   70,   70,   85,   35,   30,   30,   35,   20,   20,   20,   20, -999
20150129, 0600,  , HU, 15.4S,  66.4E, 100,  948,  130,  130,  135,  140,   70,   65,   65,   35,   20,   20,   20,   20, -999
20150129, 1200,  , HU, 16.2S,  66.9E, 115,  937,  140,  130,  135,  140,   70,   65,   65,   60,   30,   30,   30,   30, -999
20150129, 1800,  , XX, 17.0S,  67.3E, 135,  922,  140,  130,  135,  140,   70,   65,   65,   60,   30,   30,   30,   30, -999
20150130, 0000,  , XX, 17.8S,  67.7E, 140,  918,  140,  130,  135,  140,   70,   65,   65,   60,   30,   30,   30,   30, -999
20150130, 0600,  , XX, 18.4S,  68.0E, 140,  918,  140,  130,  135,  140,   70,   65,   65,   60,   30,   30,   30,   30, -999
20150130, 1200,  , XX, 19.2S,  68.5E, 140,  918,  140,  130,  135,  140,   70,   65,   65,   60,   30,   30,   30,   30, -999
20150130, 1800,  , XX, 19.7S,  69.1E, 135,  922,  140,  130,  135,  140,   70,   65,   65,   60,   30,   30,   30,   30, -999
20150131, 0000,  , HU, 20.0S,  70.0E, 125,  929,  140,  130,  135,  140,   70,   65,   65,   60,   30,   30,   30,   30, -999
20150131, 0600,  , HU, 20.4S,  71.2E, 120,  933,  140,  130,  135,  140,   70,   65,   65,   60,   30,   30,   30,   30, -999
20150131, 1200,  , HU, 20.6S,  72.7E, 115,  937,  115,  140,  135,  120,   70,   65,   65,   60,   30,   30,   30,   30, -999
20150131, 1800,  , HU, 20.7S,  74.5E, 100,  948,  130,  115,  115,  130,   70,   70,   70,   70,   30,   30,   30,   30, -999
20150201, 0000,  , HU, 20.8S,  76.1E,  90,  956,  130,  140,  130,  100,   70,   70,   70,   70,   30,   30,   30,   30, -999
20150201, 0600,  , HU, 21.1S,  78.4E,  80,  963,  130,  140,  130,  100,   70,   70,   70,   70,   30,   30,   30,   30, -999
20150201, 1200,  , HU, 21.4S,  80.5E,  70,  970,  100,  130,  130,  100,   60,   60,   60,   60,   30,   30,   30,   30, -999
20150201, 1800,  , HU, 22.0S,  82.5E,  65,  974,  100,  130,  130,  100,   60,   60,   60,   60,   30,   30,   30,   30, -999
20150202, 0000,  , TS, 23.4S,  85.5E,  60,  978,  100,  130,  130,  100,   60,   60,   60,   60,    0,    0,    0,    0, -999
20150202, 0600,  , TS, 26.0S,  88.7E,  55,  982,  135,  120,  105,  115,   85,   75,   65,   70,    0,    0,    0,    0, -999
20150202, 1200,  , TS, 29.2S,  91.7E,  50,  985,  130,  140,  110,  115,   80,   90,   65,   70,    0,    0,    0,    0, -999
20150202, 1800,  , EX, 32.5S,  93.4E,  50,  985,  130,  140,  110,  115,    0,    0,    0,    0,    0,    0,    0,    0, -999
