SH091966,            UNNAMED,      9,
19651230, 0000,  , LO, 10.9S,  94.0E, -999,    0,    0,    0,    0,    0,    0,    0,    0,    0,    0,    0,    0,    0, -999
19651230, 0600,  , LO, 10.9S,  93.8E, -999,    0,    0,    0,    0,    0,    0,    0,    0,    0,    0,    0,    0,    0, -999
19651230, 1200,  , LO, 11.1S,  93.1E, -999,    0,    0,    0,    0,    0,    0,    0,    0,    0,    0,    0,    0,    0, -999
19651230, 1800,  , LO, 11.6S,  91.9E, -999,    0,    0,    0,    0,    0,    0,    0,    0,    0,    0,    0,    0,    0, -999
19651231, 0000,  , LO, 12.0S,  90.8E, -999,    0,    0,    0,    0,    0,    0,    0,    0,    0,    0,    0,    0,    0, -999
19651231, 0600,  , LO, 12.4S,  90.0E, -999,    0,    0,    0,    0,    0,    0,    0,    0,    0,    0,    0,    0,    0, -999
19651231, 1200,  , LO, 12.8S,  89.2E, -999,    0,    0,    0,    0,    0,    0,    0,    0,    0,    0,    0,    0,    0, -999
19651231, 1800,  , LO, 13.2S,  88.5E, -999,    0,    0,    0,    0,    0,    0,    0,    0,    0,    0,    0,    0,    0, -999
19660101, 0000,  , LO, 13.6S,  87.8E, -999,    0,    0,    0,    0,    0,    0,    0,    0,    0,    0,    0,    0,    0, -999
