SH092023,              IRENE,     15,
20230116, 1800,  , TD, 16.4S, 157.5E,  25, 1004,    0,    0,    0,    0,    0,    0,    0,    0,    0,    0,    0,    0, -999
20230117, 0000,  , TD, 17.2S, 157.2E,  25, 1003,    0,    0,    0,    0,    0,    0,    0,    0,    0,    0,    0,    0, -999
20230117, 0600,  , TD, 17.2S, 158.4E,  30, 1001,    0,    0,    0,    0,    0,    0,    0,    0,    0,    0,    0,    0, -999
20230117, 1200,  , TD, 17.4S, 159.4E,  25,  997,    0,    0,    0,    0,    0,    0,    0,    0,    0,    0,    0,    0, -999
20230117, 1800,  , TD, 17.7S, 160.8E,  30,  998,    0,    0,    0,    0,    0,    0,    0,    0,    0,    0,    0,    0, -999
20230118, 0000,  , TS, 17.7S, 162.1E,  35,  996,   95,    0,    0,    0,    0,    0,    0,    0,    0,    0,    0,    0, -999
20230118, 0600,  , TS, 18.0S, 163.7E,  45,  996,   95,   70,    0,  110,    0,    0,    0,    0,    0,    0,    0,    0, -999
20230118, 1200,  , TS, 18.4S, 165.6E,  50,  992,  100,   70,   80,   80,   20,   20,    0,    0,    0,    0,    0,    0, -999
20230118, 1800,  , TS, 19.0S, 167.4E,  55,  990,  110,  110,   80,   90,   40,   40,    0,    0,    0,    0,    0,    0, -999
20230119, 0000,  , TS, 19.6S, 169.3E,  45,  995,  120,  105,   90,   90,    0,    0,    0,    0,    0,    0,    0,    0, -999
20230119, 0600,  , XX, 21.3S, 172.0E,  40,  996,  120,  130,   65,   65,    0,    0,    0,    0,    0,    0,    0,    0, -999
20230119, 1200,  , XX, 23.1S, 174.3E,  35,  998,  105,   85,   50,  100,    0,    0,    0,    0,    0,    0,    0,    0, -999
20230119, 1800,  , XX, 25.1S, 176.5E,  35,  998,   70,  125,   45,   35,    0,    0,    0,    0,    0,    0,    0,    0, -999
20230120, 0000,  , XX, 28.0S, 179.1E,  35, 1002,   75,    0,    0,    0,    0,    0,    0,    0,    0,    0,    0,    0, -999
20230120, 0600,  , XX, 28.3S, 179.8W,  30, 1005,    0,    0,    0,    0,    0,    0,    0,    0,    0,    0,    0,    0, -999
