SH102010,              NISHA,     17,
20100127, 0000,  , DB, 13.5S, 173.2W,  15, 1010,    0,    0,    0,    0,    0,    0,    0,    0,    0,    0,    0,    0, -999
20100127, 0600,  , TD, 14.3S, 171.4W,  25, 1007,    0,    0,    0,    0,    0,    0,    0,    0,    0,    0,    0,    0, -999
20100127, 1200,  , TS, 15.2S, 169.7W,  35,  996,    0,    0,    0,    0,    0,    0,    0,    0,    0,    0,    0,    0, -999
20100127, 1800,  , TS, 16.6S, 168.7W,  45,  989,   50,   50,   50,   50,    0,    0,    0,    0,    0,    0,    0,    0, -999
20100128, 0000,  , TS, 17.6S, 167.5W,  50,  985,   50,   50,   50,   50,    0,    0,    0,    0,    0,    0,    0,    0, -999
20100128, 0600,  , TS, 18.6S, 166.5W,  50,  985,   50,   50,   50,   50,    0,    0,    0,    0,    0,    0,    0,    0, -999
20100128, 1200,  , TS, 19.4S, 165.3W,  55,  982,   65,   60,   50,   50,    0,    0,    0,    0,    0,    0,    0,    0, -999
20100128, 1800,  , TS, 19.8S, 164.5W,  45,  989,   65,   60,   50,   50,    0,    0,    0,    0,    0,    0,    0,    0, -999
20100129, 0000,  , TS, 20.1S, 163.9W,  45,  989,   65,   60,   50,   50,    0,    0,    0,    0,    0,    0,    0,    0, -999
20100129, 0600,  , TS, 20.0S, 163.3W,  40,  993,   65,   60,   50,   50,    0,    0,    0,    0,    0,    0,    0,    0, -999
20100129, 1200,  , TS, 19.6S, 162.9W,  35,  996,   65,   60,   50,   50,    0,    0,    0,    0,    0,    0,    0,    0, -999
20100129, 1800,  , TS, 19.0S, 162.5W,  35,  996,   65,   60,   50,   50,    0,    0,    0,    0,    0,    0,    0,    0, -999
20100130, 0000,  , TS, 18.4S, 162.1W,  35,  996,   65,   60,   50,   50,    0,    0,    0,    0,    0,    0,    0,    0, -999
20100130, 0600,  , TD, 18.1S, 161.6W,  30, 1000,    0,    0,    0,    0,    0,    0,    0,    0,    0,    0,    0,    0, -999
20100130, 1200,  , TD, 18.0S, 161.1W,  25, 1004,    0,    0,    0,    0,    0,    0,    0,    0,    0,    0,    0,    0, -999
20100130, 1800,  , TD, 18.0S, 160.7W,  25, 1004,    0,    0,    0,    0,    0,    0,    0,    0,    0,    0,    0,    0, -999
20100131, 0000,  , DB, 17.7S, 160.8W,  15, 1010,    0,    0,    0,    0,    0,    0,    0,    0,    0,    0,    0,    0, -999
