SH101980,            UNNAMED,     13,
19800125, 0000,  , LO, 14.6S, 104.5E, -999,    0,    0,    0,    0,    0,    0,    0,    0,    0,    0,    0,    0,    0, -999
19800125, 0600,  , LO, 14.3S, 106.0E, -999,    0,    0,    0,    0,    0,    0,    0,    0,    0,    0,    0,    0,    0, -999
19800125, 1200,  , LO, 14.0S, 107.5E, -999,    0,    0,    0,    0,    0,    0,    0,    0,    0,    0,    0,    0,    0, -999
19800125, 1800,  , LO, 13.8S, 109.0E, -999,    0,    0,    0,    0,    0,    0,    0,    0,    0,    0,    0,    0,    0, -999
19800126, 0000,  , LO, 13.9S, 110.4E, -999,    0,    0,    0,    0,    0,    0,    0,    0,    0,    0,    0,    0,    0, -999
19800126, 0600,  , LO, 14.7S, 111.9E, -999,    0,    0,    0,    0,    0,    0,    0,    0,    0,    0,    0,    0,    0, -999
19800126, 1200,  , LO, 16.0S, 113.0E, -999,    0,    0,    0,    0,    0,    0,    0,    0,    0,    0,    0,    0,    0, -999
19800126, 1800,  , LO, 17.5S, 112.5E, -999,    0,    0,    0,    0,    0,    0,    0,    0,    0,    0,    0,    0,    0, -999
19800127, 0000,  , LO, 19.0S, 111.0E, -999,    0,    0,    0,    0,    0,    0,    0,    0,    0,    0,    0,    0,    0, -999
19800127, 0600,  , LO, 20.5S, 109.5E, -999,    0,    0,    0,    0,    0,    0,    0,    0,    0,    0,    0,    0,    0, -999
19800127, 1200,  , LO, 22.0S, 108.0E, -999,    0,    0,    0,    0,    0,    0,    0,    0,    0,    0,    0,    0,    0, -999
19800127, 1800,  , LO, 22.9S, 107.0E, -999,    0,    0,    0,    0,    0,    0,    0,    0,    0,    0,    0,    0,    0, -999
19800128, 0000,  , LO, 23.1S, 106.5E, -999,    0,    0,    0,    0,    0,    0,    0,    0,    0,    0,    0,    0,    0, -999
