SH102009,            DOMINIC,     15,
20090124, 1800,  , DB, 18.1S, 120.1E,  20, 1007,    0,    0,    0,    0,    0,    0,    0,    0,    0,    0,    0,    0, -999
20090125, 0000,  , TD, 18.4S, 118.9E,  30, 1000,    0,    0,    0,    0,    0,    0,    0,    0,    0,    0,    0,    0, -999
20090125, 0600,  , TD, 18.8S, 117.7E,  25, 1004,    0,    0,    0,    0,    0,    0,    0,    0,    0,    0,    0,    0, -999
20090125, 1200,  , TD, 18.7S, 116.7E,  25, 1002,    0,    0,    0,    0,    0,    0,    0,    0,    0,    0,    0,    0, -999
20090125, 1800,  , TS, 19.1S, 116.3E,  35,  996,    0,    0,    0,    0,    0,    0,    0,    0,    0,    0,    0,    0, -999
20090126, 0000,  , TS, 19.5S, 115.9E,  40,  993,    0,    0,    0,    0,    0,    0,    0,    0,    0,    0,    0,    0, -999
20090126, 0600,  , TS, 20.3S, 115.5E,  50,  985,    0,    0,    0,    0,    0,    0,    0,    0,    0,    0,    0,    0, -999
20090126, 1200,  , TS, 20.8S, 115.2E,  50,  985,   20,   25,   20,   20,    0,    0,    0,    0,    0,    0,    0,    0, -999
20090126, 1800,  , TS, 21.4S, 115.2E,  50,  985,   30,   30,   30,   30,    0,    0,    0,    0,    0,    0,    0,    0, -999
20090127, 0000,  , TS, 22.1S, 115.3E,  40,  993,   30,   30,   30,   30,    0,    0,    0,    0,    0,    0,    0,    0, -999
20090127, 0600,  , TD, 23.2S, 115.5E,  30, 1000,    0,    0,    0,    0,    0,    0,    0,    0,    0,    0,    0,    0, -999
20090127, 1200,  , TD, 24.4S, 116.2E,  25, 1004,    0,    0,    0,    0,    0,    0,    0,    0,    0,    0,    0,    0, -999
20090127, 1800,  , TD, 25.8S, 116.9E,  25, 1004,    0,    0,    0,    0,    0,    0,    0,    0,    0,    0,    0,    0, -999
20090128, 0000,  , DB, 27.2S, 117.8E,  20, 1007,    0,    0,    0,    0,    0,    0,    0,    0,    0,    0,    0,    0, -999
20090128, 0600,  , DB, 29.4S, 119.6E,  20, 1007,    0,    0,    0,    0,    0,    0,    0,    0,    0,    0,    0,    0, -999
