SH101953,            UNNAMED,     12,
19530126, 0600,  , LO,  8.8S,  99.9E, -999,    0,    0,    0,    0,    0,    0,    0,    0,    0,    0,    0,    0,    0, -999
19530126, 1200,  , LO,  9.1S,  99.6E, -999,    0,    0,    0,    0,    0,    0,    0,    0,    0,    0,    0,    0,    0, -999
19530126, 1800,  , LO,  9.5S,  99.4E, -999,    0,    0,    0,    0,    0,    0,    0,    0,    0,    0,    0,    0,    0, -999
19530127, 0000,  , LO, 10.0S,  99.1E, -999,    0,    0,    0,    0,    0,    0,    0,    0,    0,    0,    0,    0,    0, -999
19530127, 0600,  , LO, 10.2S,  98.7E, -999,    0,    0,    0,    0,    0,    0,    0,    0,    0,    0,    0,    0,    0, -999
19530127, 1200,  , LO, 10.3S,  98.4E, -999,    0,    0,    0,    0,    0,    0,    0,    0,    0,    0,    0,    0,    0, -999
19530127, 1800,  , LO, 10.4S,  98.0E, -999,    0,    0,    0,    0,    0,    0,    0,    0,    0,    0,    0,    0,    0, -999
19530128, 0000,  , LO, 10.5S,  97.6E, -999,    0,    0,    0,    0,    0,    0,    0,    0,    0,    0,    0,    0,    0, -999
19530128, 0600,  , LO, 10.7S,  96.9E, -999,    0,    0,    0,    0,    0,    0,    0,    0,    0,    0,    0,    0,    0, -999
19530128, 1200,  , LO, 11.1S,  96.1E, -999,    0,    0,    0,    0,    0,    0,    0,    0,    0,    0,    0,    0,    0, -999
19530128, 1800,  , LO, 11.7S,  95.4E, -999,    0,    0,    0,    0,    0,    0,    0,    0,    0,    0,    0,    0,    0, -999
19530129, 0000,  , LO, 12.4S,  94.6E, -999,    0,    0,    0,    0,    0,    0,    0,    0,    0,    0,    0,    0,    0, -999
