SH101989,            UNNAMED,     64,
19890206, 0600,  , LO, 15.5S, 163.7E,  20,    0,    0,    0,    0,    0,    0,    0,    0,    0,    0,    0,    0,    0, -999
19890206, 1200,  , LO, 15.8S, 163.2E,  20,    0,    0,    0,    0,    0,    0,    0,    0,    0,    0,    0,    0,    0, -999
19890206, 1800,  , LO, 16.2S, 162.7E,  25,    0,    0,    0,    0,    0,    0,    0,    0,    0,    0,    0,    0,    0, -999
19890207, 0000,  , LO, 16.3S, 162.4E,  25,    0,    0,    0,    0,    0,    0,    0,    0,    0,    0,    0,    0,    0, -999
19890207, 0600,  , LO, 16.5S, 162.0E,  25,    0,    0,    0,    0,    0,    0,    0,    0,    0,    0,    0,    0,    0, -999
19890207, 1200,  , LO, 16.7S, 161.8E,  25,    0,    0,    0,    0,    0,    0,    0,    0,    0,    0,    0,    0,    0, -999
19890207, 1800,  , LO, 17.0S, 161.5E,  30,    0,    0,    0,    0,    0,    0,    0,    0,    0,    0,    0,    0,    0, -999
19890208, 0000,  , LO, 17.3S, 161.4E,  30,    0,    0,    0,    0,    0,    0,    0,    0,    0,    0,    0,    0,    0, -999
19890208, 0600,  , TS, 17.7S, 161.6E,  35,    0,    0,    0,    0,    0,    0,    0,    0,    0,    0,    0,    0,    0, -999
19890208, 1200,  , TS, 18.3S, 162.3E,  45,    0,    0,    0,    0,    0,    0,    0,    0,    0,    0,    0,    0,    0, -999
19890208, 1800,  , TS, 18.5S, 163.1E,  45,    0,    0,    0,    0,    0,    0,    0,    0,    0,    0,    0,    0,    0, -999
19890209, 0000,  , TS, 18.2S, 163.7E,  55,    0,    0,    0,    0,    0,    0,    0,    0,    0,    0,    0,    0,    0, -999
19890209, 0600,  , TS, 18.1S, 164.3E,  55,    0,    0,    0,    0,    0,    0,    0,    0,    0,    0,    0,    0,    0, -999
19890209, 1200,  , TS, 18.3S, 165.0E,  60,    0,    0,    0,    0,    0,    0,    0,    0,    0,    0,    0,    0,    0, -999
19890209, 1800,  , HU, 18.5S, 165.5E,  70,    0,    0,    0,    0,    0,    0,    0,    0,    0,    0,    0,    0,    0, -999
19890210, 0000,  , HU, 18.7S, 165.6E,  80,    0,    0,    0,    0,    0,    0,    0,    0,    0,    0,    0,    0,    0, -999
19890210, 0600,  , HU, 19.2S, 165.6E,  90,    0,    0,    0,    0,    0,    0,    0,    0,    0,    0,    0,    0,    0, -999
19890210, 1200,  , HU, 19.3S, 165.5E, 110,    0,    0,    0,    0,    0,    0,    0,    0,    0,    0,    0,    0,    0, -999
19890210, 1800,  , HU, 19.7S, 165.4E, 115,    0,    0,    0,    0,    0,    0,    0,    0,    0,    0,    0,    0,    0, -999
19890211, 0000,  , HU, 20.1S, 164.9E, 115,    0,    0,    0,    0,    0,    0,    0,    0,    0,    0,    0,    0,    0, -999
19890211, 0600,  , HU, 20.5S, 164.4E, 110,    0,    0,    0,    0,    0,    0,    0,    0,    0,    0,    0,    0,    0, -999
19890211, 1200,  , HU, 20.9S, 163.6E, 105,    0,    0,    0,    0,    0,    0,    0,    0,    0,    0,    0,    0,    0, -999
19890211, 1800,  , HU, 21.0S, 162.9E, 100,    0,    0,    0,    0,    0,    0,    0,    0,    0,    0,    0,    0,    0, -999
19890212, 0000,  , HU, 20.9S, 162.5E,  95,    0,    0,    0,    0,    0,    0,    0,    0,    0,    0,    0,    0,    0, -999
19890212, 0600,  , HU, 20.7S, 162.2E,  90,    0,    0,    0,    0,    0,    0,    0,    0,    0,    0,    0,    0,    0, -999
19890212, 1200,  , HU, 20.6S, 161.5E,  80,    0,    0,    0,    0,    0,    0,    0,    0,    0,    0,    0,    0,    0, -999
19890212, 1800,  , HU, 20.4S, 161.1E,  80,    0,    0,    0,    0,    0,    0,    0,    0,    0,    0,    0,    0,    0, -999
19890213, 0000,  , HU, 20.0S, 160.6E,  80,    0,    0,    0,    0,    0,    0,    0,    0,    0,    0,    0,    0,    0, -999
19890213, 0600,  , HU, 19.7S, 160.1E,  90,    0,    0,    0,    0,    0,    0,    0,    0,    0,    0,    0,    0,    0, -999
19890213, 1200,  , HU, 19.4S, 159.7E,  95,    0,    0,    0,    0,    0,    0,    0,    0,    0,    0,    0,    0,    0, -999
19890213, 1800,  , HU, 19.3S, 159.3E, 105,    0,    0,    0,    0,    0,    0,    0,    0,    0,    0,    0,    0,    0, -999
19890214, 0000,  , HU, 19.2S, 158.8E, 115,    0,    0,    0,    0,    0,    0,    0,    0,    0,    0,    0,    0,    0, -999
19890214, 0600,  , HU, 19.0S, 158.4E, 125,    0,    0,    0,    0,    0,    0,    0,    0,    0,    0,    0,    0,    0, -999
19890214, 1200,  , HU, 19.0S, 157.9E, 130,    0,    0,    0,    0,    0,    0,    0,    0,    0,    0,    0,    0,    0, -999
19890214, 1800,  , HU, 19.1S, 157.6E, 125,    0,    0,    0,    0,    0,    0,    0,    0,    0,    0,    0,    0,    0, -999
19890215, 0000,  , HU, 19.3S, 157.4E, 120,    0,    0,    0,    0,    0,    0,    0,    0,    0,    0,    0,    0,    0, -999
19890215, 0600,  , HU, 19.4S, 157.4E, 115,    0,    0,    0,    0,    0,    0,    0,    0,    0,    0,    0,    0,    0, -999
19890215, 1200,  , HU, 19.5S, 157.5E, 115,    0,    0,    0,    0,    0,    0,    0,    0,    0,    0,    0,    0,    0, -999
19890215, 1800,  , HU, 19.6S, 157.6E, 110,    0,    0,    0,    0,    0,    0,    0,    0,    0,    0,    0,    0,    0, -999
19890216, 0000,  , HU, 19.7S, 157.7E, 110,    0,    0,    0,    0,    0,    0,    0,    0,    0,    0,    0,    0,    0, -999
19890216, 0600,  , HU, 19.8S, 157.8E, 105,    0,    0,    0,    0,    0,    0,    0,    0,    0,    0,    0,    0,    0, -999
19890216, 1200,  , HU, 19.8S, 158.2E,  95,    0,    0,    0,    0,    0,    0,    0,    0,    0,    0,    0,    0,    0, -999
19890216, 1800,  , HU, 19.9S, 158.8E,  90,    0,    0,    0,    0,    0,    0,    0,    0,    0,    0,    0,    0,    0, -999
19890217, 0000,  , HU, 20.3S, 159.5E,  80,    0,    0,    0,    0,    0,    0,    0,    0,    0,    0,    0,    0,    0, -999
19890217, 0600,  , HU, 20.7S, 160.2E,  80,    0,    0,    0,    0,    0,    0,    0,    0,    0,    0,    0,    0,    0, -999
19890217, 1200,  , HU, 21.2S, 160.9E,  80,    0,    0,    0,    0,    0,    0,    0,    0,    0,    0,    0,    0,    0, -999
19890217, 1800,  , HU, 21.7S, 161.7E,  80,    0,    0,    0,    0,    0,    0,    0,    0,    0,    0,    0,    0,    0, -999
19890218, 0000,  , HU, 22.3S, 162.6E,  70,    0,    0,    0,    0,    0,    0,    0,    0,    0,    0,    0,    0,    0, -999
19890218, 0600,  , TS, 23.0S, 163.0E,  60,    0,    0,    0,    0,    0,    0,    0,    0,    0,    0,    0,    0,    0, -999
19890218, 1200,  , TS, 23.9S, 163.9E,  55,    0,    0,    0,    0,    0,    0,    0,    0,    0,    0,    0,    0,    0, -999
19890218, 1800,  , TS, 24.7S, 164.9E,  45,    0,    0,    0,    0,    0,    0,    0,    0,    0,    0,    0,    0,    0, -999
19890219, 0000,  , TS, 25.8S, 165.4E,  35,    0,    0,    0,    0,    0,    0,    0,    0,    0,    0,    0,    0,    0, -999
19890219, 0600,  , TS, 26.5S, 165.4E,  35,    0,    0,    0,    0,    0,    0,    0,    0,    0,    0,    0,    0,    0, -999
19890219, 1200,  , TS, 27.2S, 165.2E,  35,    0,    0,    0,    0,    0,    0,    0,    0,    0,    0,    0,    0,    0, -999
19890219, 1800,  , TS, 27.8S, 164.9E,  40,    0,    0,    0,    0,    0,    0,    0,    0,    0,    0,    0,    0,    0, -999
19890220, 0000,  , TS, 28.8S, 164.3E,  45,    0,    0,    0,    0,    0,    0,    0,    0,    0,    0,    0,    0,    0, -999
19890220, 0600,  , TS, 29.7S, 163.8E,  50,    0,    0,    0,    0,    0,    0,    0,    0,    0,    0,    0,    0,    0, -999
19890220, 1200,  , TS, 30.9S, 163.2E,  60,    0,    0,    0,    0,    0,    0,    0,    0,    0,    0,    0,    0,    0, -999
19890220, 1800,  , TS, 32.2S, 163.0E,  55,    0,    0,    0,    0,    0,    0,    0,    0,    0,    0,    0,    0,    0, -999
19890221, 0000,  , TS, 33.6S, 163.0E,  55,    0,    0,    0,    0,    0,    0,    0,    0,    0,    0,    0,    0,    0, -999
19890221, 0600,  , TS, 35.5S, 163.1E,  55,    0,    0,    0,    0,    0,    0,    0,    0,    0,    0,    0,    0,    0, -999
19890221, 1200,  , TS, 37.8S, 163.3E,  55,    0,    0,    0,    0,    0,    0,    0,    0,    0,    0,    0,    0,    0, -999
19890221, 1800,  , TS, 40.3S, 164.0E,  60,    0,    0,    0,    0,    0,    0,    0,    0,    0,    0,    0,    0,    0, -999
19890222, 0000,  , TS, 43.0S, 165.0E,  60,    0,    0,    0,    0,    0,    0,    0,    0,    0,    0,    0,    0,    0, -999
