SH102002,            UNNAMED,     37,
20020116, 1200,  , TD,  6.8S,  77.9E,  25, 1002,    0,    0,    0,    0,    0,    0,    0,    0,    0,    0,    0,    0, -999
20020116, 1800,  , TD,  7.3S,  76.7E,  25, 1002,    0,    0,    0,    0,    0,    0,    0,    0,    0,    0,    0,    0, -999
20020117, 0000,  , TD,  8.2S,  75.9E,  25, 1002,    0,    0,    0,    0,    0,    0,    0,    0,    0,    0,    0,    0, -999
20020117, 0600,  , TD,  9.6S,  74.9E,  25, 1003,    0,    0,    0,    0,    0,    0,    0,    0,    0,    0,    0,    0, -999
20020117, 1200,  , TD, 10.6S,  73.5E,  30, 1000,    0,    0,    0,    0,    0,    0,    0,    0,    0,    0,    0,    0, -999
20020117, 1800,  , TS, 11.5S,  72.1E,  55,  984,    0,    0,    0,    0,    0,    0,    0,    0,    0,    0,    0,    0, -999
20020118, 0000,  , HU, 12.4S,  70.8E,  65,  976,    0,    0,    0,    0,    0,    0,    0,    0,    0,    0,    0,    0, -999
20020118, 0600,  , HU, 13.4S,  69.7E,  70,  972,    0,    0,    0,    0,    0,    0,    0,    0,    0,    0,    0,    0, -999
20020118, 1200,  , HU, 14.4S,  68.7E,  80,  963,    0,    0,    0,    0,    0,    0,    0,    0,    0,    0,    0,    0, -999
20020118, 1800,  , HU, 15.4S,  67.9E,  85,  958,    0,    0,    0,    0,    0,    0,    0,    0,    0,    0,    0,    0, -999
20020119, 0000,  , HU, 15.9S,  67.4E,  90,  954,    0,    0,    0,    0,    0,    0,    0,    0,    0,    0,    0,    0, -999
20020119, 0600,  , HU, 16.5S,  66.9E,  90,  954,    0,    0,    0,    0,    0,    0,    0,    0,    0,    0,    0,    0, -999
20020119, 1200,  , HU, 17.0S,  66.3E,  95,  949,    0,    0,    0,    0,    0,    0,    0,    0,    0,    0,    0,    0, -999
20020119, 1800,  , HU, 17.3S,  65.7E, 105,  938,    0,    0,    0,    0,    0,    0,    0,    0,    0,    0,    0,    0, -999
20020120, 0000,  , HU, 17.7S,  65.0E, 120,  922,    0,    0,    0,    0,    0,    0,    0,    0,    0,    0,    0,    0, -999
20020120, 0600,  , XX, 18.0S,  64.2E, 130,  910,    0,    0,    0,    0,    0,    0,    0,    0,    0,    0,    0,    0, -999
20020120, 1200,  , XX, 18.3S,  63.3E, 130,  910,    0,    0,    0,    0,    0,    0,    0,    0,    0,    0,    0,    0, -999
20020120, 1800,  , XX, 18.5S,  62.5E, 130,  910,    0,    0,    0,    0,    0,    0,    0,    0,    0,    0,    0,    0, -999
20020121, 0000,  , HU, 18.8S,  61.5E, 125,  916,    0,    0,    0,    0,    0,    0,    0,    0,    0,    0,    0,    0, -999
20020121, 0600,  , HU, 18.9S,  60.5E, 120,  922,    0,    0,    0,    0,    0,    0,    0,    0,    0,    0,    0,    0, -999
20020121, 1200,  , HU, 19.1S,  59.6E, 120,  922,    0,    0,    0,    0,    0,    0,    0,    0,    0,    0,    0,    0, -999
20020121, 1800,  , HU, 19.3S,  58.6E, 120,  922,    0,    0,    0,    0,    0,    0,    0,    0,    0,    0,    0,    0, -999
20020122, 0000,  , HU, 19.4S,  57.6E, 120,  922,    0,    0,    0,    0,    0,    0,    0,    0,    0,    0,    0,    0, -999
20020122, 0600,  , HU, 19.7S,  56.6E, 120,  922,    0,    0,    0,    0,    0,    0,    0,    0,    0,    0,    0,    0, -999
20020122, 1200,  , HU, 20.0S,  55.7E, 120,  922,    0,    0,    0,    0,    0,    0,    0,    0,    0,    0,    0,    0, -999
20020122, 1800,  , HU, 20.3S,  54.9E, 115,  927,    0,    0,    0,    0,    0,    0,    0,    0,    0,    0,    0,    0, -999
20020123, 0000,  , HU, 20.9S,  54.3E, 115,  927,    0,    0,    0,    0,    0,    0,    0,    0,    0,    0,    0,    0, -999
20020123, 0600,  , HU, 21.3S,  53.7E, 115,  927,    0,    0,    0,    0,    0,    0,    0,    0,    0,    0,    0,    0, -999
20020123, 1200,  , HU, 22.0S,  53.2E, 115,  927,    0,    0,    0,    0,    0,    0,    0,    0,    0,    0,    0,    0, -999
20020123, 1800,  , HU, 22.8S,  52.9E, 100,  944,    0,    0,    0,    0,    0,    0,    0,    0,    0,    0,    0,    0, -999
20020124, 0000,  , HU, 23.9S,  52.6E,  90,  954,    0,    0,    0,    0,    0,    0,    0,    0,    0,    0,    0,    0, -999
20020124, 0600,  , HU, 25.0S,  52.3E,  80,  963,    0,    0,    0,    0,    0,    0,    0,    0,    0,    0,    0,    0, -999
20020124, 1200,  , HU, 26.3S,  52.0E,  70,  972,    0,    0,    0,    0,    0,    0,    0,    0,    0,    0,    0,    0, -999
20020124, 1800,  , TS, 27.7S,  52.4E,  55,  984,    0,    0,    0,    0,    0,    0,    0,    0,    0,    0,    0,    0, -999
20020125, 0000,  , TS, 28.7S,  53.0E,  45,  991,    0,    0,    0,    0,    0,    0,    0,    0,    0,    0,    0,    0, -999
20020125, 0600,  , TS, 29.3S,  53.0E,  35,  997,    0,    0,    0,    0,    0,    0,    0,    0,    0,    0,    0,    0, -999
20020125, 1200,  , TS, 30.0S,  53.2E,  35,  997,    0,    0,    0,    0,    0,    0,    0,    0,    0,    0,    0,    0, -999
