SH112009,             HETTIE,     16,
20090126, 0000,  , DB, 15.1S, 178.3W,  20, 1007,    0,    0,    0,    0,    0,    0,    0,    0,    0,    0,    0,    0, -999
20090126, 0600,  , DB, 15.7S, 177.2W,  20, 1007,    0,    0,    0,    0,    0,    0,    0,    0,    0,    0,    0,    0, -999
20090126, 1200,  , TD, 16.6S, 176.3W,  25, 1004,    0,    0,    0,    0,    0,    0,    0,    0,    0,    0,    0,    0, -999
20090126, 1800,  , TD, 17.1S, 176.1W,  30, 1004,    0,    0,    0,    0,    0,    0,    0,    0,    0,    0,    0,    0, -999
20090127, 0000,  , TD, 17.5S, 176.1W,  30, 1000,    0,    0,    0,    0,    0,    0,    0,    0,    0,    0,    0,    0, -999
20090127, 0600,  , TD, 18.0S, 176.1W,  30, 1000,    0,    0,    0,    0,    0,    0,    0,    0,    0,    0,    0,    0, -999
20090127, 1200,  , TD, 18.9S, 176.4W,  30, 1000,    0,    0,    0,    0,    0,    0,    0,    0,    0,    0,    0,    0, -999
20090127, 1800,  , TS, 19.7S, 176.8W,  35,  996,    0,    0,    0,    0,    0,    0,    0,    0,    0,    0,    0,    0, -999
20090128, 0000,  , TD, 20.3S, 177.1W,  30, 1000,    0,    0,    0,    0,    0,    0,    0,    0,    0,    0,    0,    0, -999
20090128, 0600,  , TD, 21.0S, 177.1W,  30, 1000,    0,    0,    0,    0,    0,    0,    0,    0,    0,    0,    0,    0, -999
20090128, 1200,  , TS, 21.5S, 177.5W,  35,  996,    0,    0,    0,    0,    0,    0,    0,    0,    0,    0,    0,    0, -999
20090128, 1800,  , TS, 21.9S, 177.8W,  35,  996,    0,    0,    0,    0,    0,    0,    0,    0,    0,    0,    0,    0, -999
20090129, 0000,  , TD, 22.5S, 177.8W,  30, 1000,    0,    0,    0,    0,    0,    0,    0,    0,    0,    0,    0,    0, -999
20090129, 0600,  , TD, 23.0S, 177.9W,  25, 1004,    0,    0,    0,    0,    0,    0,    0,    0,    0,    0,    0,    0, -999
20090129, 1200,  , DB, 23.5S, 178.1W,  20, 1007,    0,    0,    0,    0,    0,    0,    0,    0,    0,    0,    0,    0, -999
20090129, 1800,  , DB, 23.9S, 178.4W,  20, 1007,    0,    0,    0,    0,    0,    0,    0,    0,    0,    0,    0,    0, -999
