SH112008,              ELISA,     16,
20080108, 0000,  , DB, 18.2S, 175.8W,  15, 1010,    0,    0,    0,    0,    0,    0,    0,    0,    0,    0,    0,    0, -999
20080108, 0600,  , DB, 18.4S, 175.7W,  15, 1010,    0,    0,    0,    0,    0,    0,    0,    0,    0,    0,    0,    0, -999
20080108, 1200,  , DB, 18.7S, 175.6W,  15, 1009,    0,    0,    0,    0,    0,    0,    0,    0,    0,    0,    0,    0, -999
20080108, 1800,  , DB, 19.0S, 175.6W,  25, 1003,    0,    0,    0,    0,    0,    0,    0,    0,    0,    0,    0,    0, -999
20080109, 0000,  , DB, 19.4S, 175.6W,  25, 1003,    0,    0,    0,    0,    0,    0,    0,    0,    0,    0,    0,    0, -999
20080109, 0600,  , DB, 19.9S, 175.6W,  25, 1004,    0,    0,    0,    0,    0,    0,    0,    0,    0,    0,    0,    0, -999
20080109, 1200,  , DB, 20.4S, 175.7W,  30, 1000,    0,    0,    0,    0,    0,    0,    0,    0,    0,    0,    0,    0, -999
20080109, 1800,  , DB, 20.9S, 175.8W,  30, 1000,    0,    0,    0,    0,    0,    0,    0,    0,    0,    0,    0,    0, -999
20080110, 0000,  , TS, 21.5S, 175.8W,  35,  996,    0,    0,    0,    0,    0,    0,    0,    0,    0,    0,    0,    0, -999
20080110, 0600,  , TS, 22.2S, 175.6W,  45,  989,   45,   45,   40,   35,    0,    0,    0,    0,    0,    0,    0,    0, -999
20080110, 1200,  , TS, 22.9S, 175.1W,  50,  985,   55,   55,   45,   45,    0,    0,    0,    0,    0,    0,    0,    0, -999
20080110, 1800,  , TS, 23.5S, 174.3W,  50,  985,   60,   60,   55,   50,    0,    0,    0,    0,    0,    0,    0,    0, -999
20080111, 0000,  , TS, 24.0S, 173.2W,  45,  989,   70,   70,   65,   60,    0,    0,    0,    0,    0,    0,    0,    0, -999
20080111, 0600,  , TS, 24.4S, 171.7W,  35,  996,   70,   65,   60,   65,    0,    0,    0,    0,    0,    0,    0,    0, -999
20080111, 1200,  , TD, 24.6S, 170.2W,  25, 1004,    0,    0,    0,    0,    0,    0,    0,    0,    0,    0,    0,    0, -999
20080111, 1800,  , TD, 24.8S, 168.7W,  25, 1004,    0,    0,    0,    0,    0,    0,    0,    0,    0,    0,    0,    0, -999
