SH112011,               YASI,     36,
20110129, 0000,  , TD, 14.4S, 173.6E,  20, 1007,    0,    0,    0,    0,    0,    0,    0,    0,    0,    0,    0,    0, -999
20110129, 0600,  , TD, 14.1S, 172.9E,  25, 1004,    0,    0,    0,    0,    0,    0,    0,    0,    0,    0,    0,    0, -999
20110129, 1200,  , TD, 13.9S, 172.0E,  30, 1000,    0,    0,    0,    0,    0,    0,    0,    0,    0,    0,    0,    0, -999
20110129, 1800,  , TD, 13.5S, 171.2E,  30, 1000,    0,    0,    0,    0,    0,    0,    0,    0,    0,    0,    0,    0, -999
20110130, 0000,  , TS, 13.3S, 170.1E,  40,  993,   50,   50,   50,   50,    0,    0,    0,    0,    0,    0,    0,    0, -999
20110130, 0600,  , TS, 13.2S, 168.8E,  45,  989,   15,   15,   15,   15,    0,    0,    0,    0,    0,    0,    0,    0, -999
20110130, 1200,  , TS, 13.4S, 167.5E,  50,  985,   30,   35,   35,   30,    0,    0,    0,    0,    0,    0,    0,    0, -999
20110130, 1800,  , TS, 13.5S, 166.1E,  60,  978,   60,   65,   65,   60,   25,   25,   25,   25,    0,    0,    0,    0, -999
20110131, 0000,  , HU, 13.6S, 164.5E,  65,  974,   70,   75,   75,   70,   30,   30,   30,   30,    0,    0,    0,    0, -999
20110131, 0600,  , HU, 13.5S, 162.5E,  75,  967,   80,   85,   85,   80,   30,   35,   35,   30,   20,   20,   20,   20, -999
20110131, 1200,  , HU, 13.5S, 160.5E,  90,  956,   90,   95,   95,   90,   40,   45,   45,   40,   30,   30,   30,   30, -999
20110131, 1800,  , HU, 13.7S, 158.5E,  90,  956,  125,  135,  135,  125,   55,   65,   65,   55,   30,   30,   30,   30, -999
20110201, 0000,  , HU, 14.1S, 156.6E,  95,  952,  150,  160,  160,  150,   65,   75,   75,   65,   35,   35,   35,   35, -999
20110201, 0600,  , HU, 14.4S, 154.9E, 100,  948,  170,  180,  180,  170,   75,   85,   85,   75,   45,   55,   55,   45, -999
20110201, 1200,  , HU, 15.0S, 153.3E, 120,  933,  180,  200,  200,  180,   90,  100,  100,   90,   40,   50,   50,   40, -999
20110201, 1800,  , HU, 15.8S, 151.6E, 125,  929,  200,  210,  200,  185,   85,   95,   95,   75,   40,   50,   50,   40, -999
20110202, 0000,  , XX, 16.4S, 149.8E, 130,  926,  200,  220,  200,  190,   85,   95,   85,   80,   45,   50,   45,   45, -999
20110202, 0600,  , XX, 17.0S, 148.1E, 135,  922,  210,  220,  200,  190,  115,  115,  110,  110,   50,   60,   60,   50, -999
20110202, 1200,  , XX, 17.5S, 146.9E, 135,  922,  210,  220,  200,  200,  125,  125,  115,  125,   80,   75,   60,   60, -999
20110202, 1800,  , HU, 18.2S, 145.2E, 110,  941,  160,  180,  140,  120,   60,   90,   75,   50,   30,   30,   30,   30, -999
20110203, 0000,  , HU, 19.4S, 143.2E,  80,  963,  160,  180,  140,  120,   60,   90,   75,   50,   25,   25,   25,   25, -999
20110203, 0600,  , TS, 19.9S, 141.6E,  50,  985,  160,  180,  140,  120,   60,   90,   75,   50,    0,    0,    0,    0, -999
20110203, 1200,  , TS, 20.4S, 140.4E,  40,  993,  160,  180,  140,  120,    0,    0,    0,    0,    0,    0,    0,    0, -999
20110203, 1800,  , TD, 21.0S, 139.4E,  30, 1000,    0,    0,    0,    0,    0,    0,    0,    0,    0,    0,    0,    0, -999
20110204, 0000,  , TD, 21.6S, 138.5E,  30, 1000,    0,    0,    0,    0,    0,    0,    0,    0,    0,    0,    0,    0, -999
20110204, 0600,  , TD, 22.4S, 137.8E,  25, 1004,    0,    0,    0,    0,    0,    0,    0,    0,    0,    0,    0,    0, -999
20110204, 1200,  , TD, 23.2S, 137.0E,  25, 1004,    0,    0,    0,    0,    0,    0,    0,    0,    0,    0,    0,    0, -999
20110204, 1800,  , TD, 24.2S, 136.4E,  25, 1004,    0,    0,    0,    0,    0,    0,    0,    0,    0,    0,    0,    0, -999
20110205, 0000,  , TD, 24.9S, 135.4E,  25, 1004,    0,    0,    0,    0,    0,    0,    0,    0,    0,    0,    0,    0, -999
20110205, 0600,  , TD, 25.3S, 135.1E,  25, 1004,    0,    0,    0,    0,    0,    0,    0,    0,    0,    0,    0,    0, -999
20110205, 1200,  , TD, 25.3S, 134.5E,  25, 1004,    0,    0,    0,    0,    0,    0,    0,    0,    0,    0,    0,    0, -999
20110205, 1800,  , TD, 25.1S, 133.8E,  25, 1004,    0,    0,    0,    0,    0,    0,    0,    0,    0,    0,    0,    0, -999
20110206, 0000,  , TD, 25.0S, 132.8E,  25, 1004,    0,    0,    0,    0,    0,    0,    0,    0,    0,    0,    0,    0, -999
20110206, 0600,  , TD, 24.8S, 131.6E,  25, 1004,    0,    0,    0,    0,    0,    0,    0,    0,    0,    0,    0,    0, -999
20110206, 1200,  , TD, 24.7S, 130.9E,  25, 1004,    0,    0,    0,    0,    0,    0,    0,    0,    0,    0,    0,    0, -999
20110206, 1800,  , TD, 24.7S, 129.8E,  25, 1004,    0,    0,    0,    0,    0,    0,    0,    0,    0,    0,    0,    0, -999
