SH111994,            UNNAMED,     45,
19940118, 1200,  , LO, 17.3S, 173.8E,  15,    0,    0,    0,    0,    0,    0,    0,    0,    0,    0,    0,    0,    0, -999
19940118, 1800,  , LO, 16.9S, 173.3E,  15,    0,    0,    0,    0,    0,    0,    0,    0,    0,    0,    0,    0,    0, -999
19940119, 0000,  , LO, 16.5S, 172.9E,  20,    0,    0,    0,    0,    0,    0,    0,    0,    0,    0,    0,    0,    0, -999
19940119, 0600,  , LO, 16.2S, 172.4E,  25,    0,    0,    0,    0,    0,    0,    0,    0,    0,    0,    0,    0,    0, -999
19940119, 1200,  , LO, 16.0S, 172.0E,  25,    0,    0,    0,    0,    0,    0,    0,    0,    0,    0,    0,    0,    0, -999
19940119, 1800,  , LO, 15.6S, 171.7E,  25,    0,    0,    0,    0,    0,    0,    0,    0,    0,    0,    0,    0,    0, -999
19940120, 0000,  , LO, 15.0S, 171.4E,  25,    0,    0,    0,    0,    0,    0,    0,    0,    0,    0,    0,    0,    0, -999
19940120, 0600,  , LO, 14.8S, 171.0E,  25,    0,    0,    0,    0,    0,    0,    0,    0,    0,    0,    0,    0,    0, -999
19940120, 1200,  , LO, 14.5S, 170.5E,  25,    0,    0,    0,    0,    0,    0,    0,    0,    0,    0,    0,    0,    0, -999
19940120, 1800,  , LO, 15.1S, 169.1E,  25,    0,    0,    0,    0,    0,    0,    0,    0,    0,    0,    0,    0,    0, -999
19940121, 0000,  , LO, 15.7S, 167.5E,  25,    0,    0,    0,    0,    0,    0,    0,    0,    0,    0,    0,    0,    0, -999
19940121, 0600,  , LO, 15.6S, 165.8E,  25,    0,    0,    0,    0,    0,    0,    0,    0,    0,    0,    0,    0,    0, -999
19940121, 1200,  , LO, 15.5S, 164.9E,  30,    0,    0,    0,    0,    0,    0,    0,    0,    0,    0,    0,    0,    0, -999
19940121, 1800,  , LO, 15.4S, 164.5E,  30,    0,    0,    0,    0,    0,    0,    0,    0,    0,    0,    0,    0,    0, -999
19940122, 0000,  , TS, 15.2S, 164.1E,  35,    0,    0,    0,    0,    0,    0,    0,    0,    0,    0,    0,    0,    0, -999
19940122, 0600,  , TS, 14.9S, 163.6E,  45,    0,    0,    0,    0,    0,    0,    0,    0,    0,    0,    0,    0,    0, -999
19940122, 1200,  , TS, 14.6S, 162.8E,  55,    0,    0,    0,    0,    0,    0,    0,    0,    0,    0,    0,    0,    0, -999
19940122, 1800,  , HU, 14.5S, 162.5E,  65,    0,    0,    0,    0,    0,    0,    0,    0,    0,    0,    0,    0,    0, -999
19940123, 0000,  , HU, 14.3S, 162.1E,  80,    0,    0,    0,    0,    0,    0,    0,    0,    0,    0,    0,    0,    0, -999
19940123, 0600,  , HU, 14.3S, 162.0E,  90,    0,    0,    0,    0,    0,    0,    0,    0,    0,    0,    0,    0,    0, -999
19940123, 1200,  , HU, 14.2S, 161.7E,  95,    0,    0,    0,    0,    0,    0,    0,    0,    0,    0,    0,    0,    0, -999
19940123, 1800,  , HU, 14.2S, 161.5E, 100,    0,    0,    0,    0,    0,    0,    0,    0,    0,    0,    0,    0,    0, -999
19940124, 0000,  , HU, 14.5S, 161.6E, 100,    0,    0,    0,    0,    0,    0,    0,    0,    0,    0,    0,    0,    0, -999
19940124, 0600,  , HU, 14.8S, 161.7E, 100,    0,    0,    0,    0,    0,    0,    0,    0,    0,    0,    0,    0,    0, -999
19940124, 1200,  , HU, 15.1S, 161.9E, 100,    0,    0,    0,    0,    0,    0,    0,    0,    0,    0,    0,    0,    0, -999
19940124, 1800,  , HU, 15.3S, 162.2E, 100,    0,    0,    0,    0,    0,    0,    0,    0,    0,    0,    0,    0,    0, -999
19940125, 0000,  , HU, 15.5S, 162.7E, 100,    0,    0,    0,    0,    0,    0,    0,    0,    0,    0,    0,    0,    0, -999
19940125, 0600,  , HU, 15.9S, 163.4E, 100,    0,    0,    0,    0,    0,    0,    0,    0,    0,    0,    0,    0,    0, -999
19940125, 1200,  , HU, 16.4S, 164.2E, 100,    0,    0,    0,    0,    0,    0,    0,    0,    0,    0,    0,    0,    0, -999
19940125, 1800,  , HU, 17.0S, 165.0E, 100,    0,    0,    0,    0,    0,    0,    0,    0,    0,    0,    0,    0,    0, -999
19940126, 0000,  , HU, 17.5S, 165.8E,  95,    0,    0,    0,    0,    0,    0,    0,    0,    0,    0,    0,    0,    0, -999
19940126, 0600,  , HU, 18.3S, 166.7E,  95,    0,    0,    0,    0,    0,    0,    0,    0,    0,    0,    0,    0,    0, -999
19940126, 1200,  , HU, 19.1S, 167.6E,  90,    0,    0,    0,    0,    0,    0,    0,    0,    0,    0,    0,    0,    0, -999
19940126, 1800,  , HU, 20.0S, 168.3E,  90,    0,    0,    0,    0,    0,    0,    0,    0,    0,    0,    0,    0,    0, -999
19940127, 0000,  , HU, 20.8S, 168.9E,  85,    0,    0,    0,    0,    0,    0,    0,    0,    0,    0,    0,    0,    0, -999
19940127, 0600,  , HU, 21.5S, 169.8E,  80,    0,    0,    0,    0,    0,    0,    0,    0,    0,    0,    0,    0,    0, -999
19940127, 1200,  , HU, 22.0S, 170.8E,  70,    0,    0,    0,    0,    0,    0,    0,    0,    0,    0,    0,    0,    0, -999
19940127, 1800,  , HU, 22.6S, 171.7E,  65,    0,    0,    0,    0,    0,    0,    0,    0,    0,    0,    0,    0,    0, -999
19940128, 0000,  , TS, 23.1S, 172.5E,  55,    0,    0,    0,    0,    0,    0,    0,    0,    0,    0,    0,    0,    0, -999
19940128, 0600,  , TS, 23.4S, 173.3E,  45,    0,    0,    0,    0,    0,    0,    0,    0,    0,    0,    0,    0,    0, -999
19940128, 1200,  , TS, 23.5S, 174.2E,  40,    0,    0,    0,    0,    0,    0,    0,    0,    0,    0,    0,    0,    0, -999
19940128, 1800,  , TS, 23.6S, 175.0E,  35,    0,    0,    0,    0,    0,    0,    0,    0,    0,    0,    0,    0,    0, -999
19940129, 0000,  , TS, 23.7S, 175.8E,  35,    0,    0,    0,    0,    0,    0,    0,    0,    0,    0,    0,    0,    0, -999
19940129, 0600,  , LO, 23.9S, 176.6E,  30,    0,    0,    0,    0,    0,    0,    0,    0,    0,    0,    0,    0,    0, -999
19940129, 1200,  , LO, 24.1S, 177.2E,  25,    0,    0,    0,    0,    0,    0,    0,    0,    0,    0,    0,    0,    0, -999
