SH112012,              CYRIL,     13,
20120205, 1200,  , DB, 17.0S, 176.0E,  20,  998,    0,    0,    0,    0,    0,    0,    0,    0,    0,    0,    0,    0, -999
20120205, 1800,  , TD, 17.1S, 177.9E,  25,  998,    0,    0,    0,    0,    0,    0,    0,    0,    0,    0,    0,    0, -999
20120206, 0000,  , TD, 17.1S, 179.8E,  25,  998,    0,    0,    0,    0,    0,    0,    0,    0,    0,    0,    0,    0, -999
20120206, 0600,  , TD, 17.5S, 178.0W,  30, 1000,    0,    0,    0,    0,    0,    0,    0,    0,    0,    0,    0,    0, -999
20120206, 1200,  , TS, 18.2S, 175.7W,  35,  996,    0,    0,    0,    0,    0,    0,    0,    0,    0,    0,    0,    0, -999
20120206, 1800,  , TS, 19.0S, 173.8W,  40,  993,   30,   15,   15,   25,    0,    0,    0,    0,    0,    0,    0,    0, -999
20120207, 0000,  , TS, 20.1S, 171.8W,  55,  982,   35,   20,   20,   30,    0,    0,    0,    0,    0,    0,    0,    0, -999
20120207, 0600,  , TS, 21.5S, 170.0W,  55,  982,   35,   20,   20,   30,   10,   10,   10,   10,    0,    0,    0,    0, -999
20120207, 1200,  , TS, 23.2S, 167.1W,  55,  982,   45,   35,   25,   35,    0,    0,    0,    0,    0,    0,    0,    0, -999
20120207, 1800,  , TS, 25.3S, 164.2W,  50,  985,   40,   30,   20,   30,    0,    0,    0,    0,    0,    0,    0,    0, -999
20120208, 0000,  , TS, 27.7S, 161.1W,  45,  989,   40,   30,   20,   30,    0,    0,    0,    0,    0,    0,    0,    0, -999
20120208, 0600,  , EX, 29.6S, 158.0W,  35,  996,   40,   30,   20,   30,    0,    0,    0,    0,    0,    0,    0,    0, -999
20120208, 1200,  , EX, 30.8S, 154.1W,  30, 1000,    0,    0,    0,    0,    0,    0,    0,    0,    0,    0,    0,    0, -999
