SH122013,               PETA,     22,
20130121, 0600,  , DB, 18.5S, 122.0E,  20, 1007,    0,    0,    0,    0,    0,    0,    0,    0,    0,    0,    0,    0, -999
20130121, 1200,  , DB, 18.9S, 121.4E,  20, 1007,    0,    0,    0,    0,    0,    0,    0,    0,    0,    0,    0,    0, -999
20130121, 1800,  , TD, 19.1S, 120.8E,  25, 1004,    0,    0,    0,    0,    0,    0,    0,    0,    0,    0,    0,    0, -999
20130122, 0000,  , TD, 19.4S, 120.2E,  25, 1004,    0,    0,    0,    0,    0,    0,    0,    0,    0,    0,    0,    0, -999
20130122, 0600,  , TD, 19.5S, 119.5E,  30, 1000,    0,    0,    0,    0,    0,    0,    0,    0,    0,    0,    0,    0, -999
20130122, 1200,  , TD, 19.8S, 118.7E,  30, 1000,    0,    0,    0,    0,    0,    0,    0,    0,    0,    0,    0,    0, -999
20130122, 1800,  , TD, 19.9S, 117.7E,  30, 1000,    0,    0,    0,    0,    0,    0,    0,    0,    0,    0,    0,    0, -999
20130123, 0000,  , TS, 20.4S, 117.6E,  35,  996,    0,    0,    0,    0,    0,    0,    0,    0,    0,    0,    0,    0, -999
20130123, 0600,  , TS, 21.1S, 117.6E,  35,  996,    0,    0,    0,    0,    0,    0,    0,    0,    0,    0,    0,    0, -999
20130123, 1200,  , TD, 21.7S, 117.3E,  30, 1000,    0,    0,    0,    0,    0,    0,    0,    0,    0,    0,    0,    0, -999
20130123, 1800,  , TD, 22.0S, 117.6E,  25, 1004,    0,    0,    0,    0,    0,    0,    0,    0,    0,    0,    0,    0, -999
20130124, 0000,  , DB, 22.5S, 117.5E,  20, 1007,    0,    0,    0,    0,    0,    0,    0,    0,    0,    0,    0,    0, -999
20130124, 0600,  , DB, 22.5S, 117.2E,  20, 1007,    0,    0,    0,    0,    0,    0,    0,    0,    0,    0,    0,    0, -999
20130124, 1200,  , DB, 21.9S, 117.1E,  20,  998,    0,    0,    0,    0,    0,    0,    0,    0,    0,    0,    0,    0, -999
20130124, 1800,  , DB, 21.0S, 115.9E,  20, 1007,    0,    0,    0,    0,    0,    0,    0,    0,    0,    0,    0,    0, -999
20130125, 0000,  , DB, 20.1S, 115.0E,  20, 1007,    0,    0,    0,    0,    0,    0,    0,    0,    0,    0,    0,    0, -999
20130125, 0600,  , DB, 19.9S, 114.4E,  20, 1007,    0,    0,    0,    0,    0,    0,    0,    0,    0,    0,    0,    0, -999
20130125, 1200,  , DB, 19.6S, 113.7E,  20, 1007,    0,    0,    0,    0,    0,    0,    0,    0,    0,    0,    0,    0, -999
20130125, 1800,  , DB, 19.3S, 113.2E,  20, 1007,    0,    0,    0,    0,    0,    0,    0,    0,    0,    0,    0,    0, -999
20130126, 0000,  , DB, 19.2S, 112.5E,  20, 1007,    0,    0,    0,    0,    0,    0,    0,    0,    0,    0,    0,    0, -999
20130126, 0600,  , DB, 19.3S, 111.5E,  20, 1007,    0,    0,    0,    0,    0,    0,    0,    0,    0,    0,    0,    0, -999
20130126, 1200,  , DB, 19.2S, 110.6E,  20, 1007,    0,    0,    0,    0,    0,    0,    0,    0,    0,    0,    0,    0, -999
