SH122012,           GIOVANNA,     54,
20120208, 1200,  , DB, 13.3S,  69.7E,  20, 1007,    0,    0,    0,    0,    0,    0,    0,    0,    0,    0,    0,    0, -999
20120208, 1800,  , TD, 13.6S,  68.5E,  25, 1004,    0,    0,    0,    0,    0,    0,    0,    0,    0,    0,    0,    0, -999
20120209, 0000,  , TD, 13.8S,  67.1E,  30, 1000,    0,    0,    0,    0,    0,    0,    0,    0,    0,    0,    0,    0, -999
20120209, 0600,  , TD, 14.0S,  66.1E,  30, 1000,    0,    0,    0,    0,    0,    0,    0,    0,    0,    0,    0,    0, -999
20120209, 1200,  , TS, 14.0S,  65.3E,  35,  996,    0,    0,    0,    0,    0,    0,    0,    0,    0,    0,    0,    0, -999
20120209, 1800,  , TS, 14.3S,  64.5E,  40,  993,   40,   40,   40,   40,    0,    0,    0,    0,    0,    0,    0,    0, -999
20120210, 0000,  , TS, 14.9S,  63.5E,  45,  989,   60,   60,   60,   60,    0,    0,    0,    0,    0,    0,    0,    0, -999
20120210, 0600,  , TS, 15.3S,  62.5E,  55,  982,   60,   70,   70,   60,   20,    0,    0,    0,    0,    0,    0,    0, -999
20120210, 1200,  , HU, 15.6S,  61.7E,  70,  970,   75,   85,   85,   75,   40,   40,   40,   40,   25,   25,   25,   25, -999
20120210, 1800,  , HU, 16.1S,  61.0E, 100,  948,   90,   95,  105,   90,   55,   60,   65,   55,   30,   30,   30,   30, -999
20120211, 0000,  , HU, 16.8S,  60.1E, 115,  937,   95,  100,  110,   95,   60,   65,   70,   60,   30,   35,   35,   30, -999
20120211, 0600,  , HU, 17.0S,  59.4E, 110,  941,   95,  110,  110,   95,   60,   70,   70,   60,   30,   35,   35,   30, -999
20120211, 1200,  , HU, 17.2S,  59.0E, 105,  944,   95,  110,  110,   95,   50,   55,   55,   50,   35,   35,   35,   35, -999
20120211, 1800,  , HU, 17.3S,  58.6E, 100,  948,   95,  110,  110,   95,   50,   55,   55,   50,   35,   35,   35,   35, -999
20120212, 0000,  , HU, 17.4S,  58.1E, 100,  948,   95,  110,  110,   95,   50,   55,   55,   50,   35,   35,   35,   35, -999
20120212, 0600,  , HU, 17.6S,  57.5E, 100,  948,  145,  160,  150,  125,   60,   90,   90,   60,   35,   35,   35,   35, -999
20120212, 1200,  , HU, 17.7S,  56.7E, 100,  948,  170,  190,  190,  170,  100,  100,  100,  100,   50,   50,   50,   50, -999
20120212, 1800,  , HU, 18.0S,  55.5E, 110,  941,  190,  200,  220,  210,  110,  120,  120,  110,   50,   50,   50,   50, -999
20120213, 0000,  , HU, 18.1S,  54.2E, 115,  937,  195,  205,  220,  210,  115,  125,  125,  115,   50,   55,   55,   50, -999
20120213, 0600,  , HU, 18.3S,  52.8E, 115,  937,  195,  205,  220,  210,  115,  125,  125,  115,   50,   55,   55,   50, -999
20120213, 1200,  , HU, 18.7S,  51.4E, 120,  933,  195,  220,  220,  195,  115,  125,  125,  115,   50,   55,   55,   50, -999
20120213, 1800,  , HU, 19.1S,  50.0E, 115,  937,  195,  220,  205,  180,  115,  125,  115,  105,   50,   55,   55,   50, -999
20120214, 0000,  , HU, 19.0S,  48.7E,  95,  952,  195,  220,  205,  180,  115,  125,  115,  105,   50,   55,   55,   50, -999
20120214, 0600,  , TS, 19.0S,  47.2E,  45,  989,   60,   60,   60,   60,    0,    0,    0,    0,    0,    0,    0,    0, -999
20120214, 1200,  , TS, 19.3S,  45.4E,  35,  996,   60,   60,   60,   60,    0,    0,    0,    0,    0,    0,    0,    0, -999
20120214, 1800,  , TS, 20.2S,  44.0E,  35,  996,   70,   60,   60,   70,    0,    0,    0,    0,    0,    0,    0,    0, -999
20120215, 0000,  , TS, 21.4S,  43.1E,  35,  996,   70,   60,   60,   70,    0,    0,    0,    0,    0,    0,    0,    0, -999
20120215, 0600,  , TS, 22.3S,  42.4E,  35,  996,   70,   60,   60,   70,    0,    0,    0,    0,    0,    0,    0,    0, -999
20120215, 1200,  , TS, 23.4S,  41.5E,  40,  993,   90,   60,   80,   90,    0,    0,    0,    0,    0,    0,    0,    0, -999
20120215, 1800,  , TS, 24.0S,  41.2E,  50,  985,   70,   85,   90,   70,    0,    0,    0,    0,    0,    0,    0,    0, -999
20120216, 0000,  , TS, 24.3S,  40.9E,  50,  985,   70,   85,   90,   70,    0,    0,    0,    0,    0,    0,    0,    0, -999
20120216, 0600,  , TS, 24.6S,  41.2E,  55,  982,   70,   85,   90,   70,   30,   30,   30,   30,    0,    0,    0,    0, -999
20120216, 1200,  , TS, 25.1S,  41.4E,  55,  982,   70,   85,   85,   70,   30,   30,   30,   30,    0,    0,    0,    0, -999
20120216, 1800,  , TS, 25.3S,  41.9E,  55,  982,   50,   75,   80,   60,    0,   30,   30,   30,    0,    0,    0,    0, -999
20120217, 0000,  , TS, 25.4S,  42.3E,  50,  985,   50,   75,   80,   60,    0,    0,    0,    0,    0,    0,    0,    0, -999
20120217, 0600,  , TS, 25.6S,  42.6E,  50,  985,   50,   75,   80,   60,    0,    0,    0,    0,    0,    0,    0,    0, -999
20120217, 1200,  , TS, 25.8S,  42.7E,  50,  985,   65,   75,   80,   70,    0,    0,    0,    0,    0,    0,    0,    0, -999
20120217, 1800,  , TS, 26.1S,  42.8E,  45,  989,   65,   75,   80,   70,    0,    0,    0,    0,    0,    0,    0,    0, -999
20120218, 0000,  , TS, 26.3S,  43.2E,  60,  978,   65,   85,   85,   60,   10,   10,   10,   10,    0,    0,    0,    0, -999
20120218, 0600,  , HU, 26.4S,  43.6E,  65,  974,   65,   85,   85,   60,   25,   25,   25,   25,    0,    0,    0,    0, -999
20120218, 1200,  , HU, 26.5S,  44.7E,  65,  974,   75,   85,   85,   65,   30,   30,   30,   30,    0,    0,    0,    0, -999
20120218, 1800,  , HU, 26.5S,  45.9E,  65,  974,  100,  110,   85,   95,   45,   45,   45,   45,    0,    0,    0,    0, -999
20120219, 0000,  , HU, 25.9S,  47.3E,  75,  967,  100,  110,   85,   95,   50,   50,   45,   40,   30,   30,   25,   25, -999
20120219, 0600,  , HU, 25.9S,  49.0E,  90,  956,   80,   80,   80,   80,   40,   40,   40,   40,   25,   25,   25,   25, -999
20120219, 1200,  , HU, 26.0S,  50.6E,  85,  959,  110,  110,   80,  100,   45,   45,   40,   40,   25,   25,   25,   25, -999
20120219, 1800,  , HU, 26.0S,  52.1E,  75,  967,  125,  135,  125,  115,   85,   85,   65,   75,   35,   35,   35,   35, -999
20120220, 0000,  , HU, 26.0S,  53.1E,  65,  974,  125,  135,  125,  115,   85,   85,   65,   75,    0,    0,    0,    0, -999
20120220, 0600,  , TS, 25.8S,  53.5E,  45,  989,  135,  135,   65,   65,    0,    0,    0,    0,    0,    0,    0,    0, -999
20120220, 1200,  , TS, 25.0S,  53.1E,  35,  996,   50,   60,   60,   50,    0,    0,    0,    0,    0,    0,    0,    0, -999
20120220, 1800,  , TD, 24.1S,  52.8E,  30, 1000,    0,    0,    0,    0,    0,    0,    0,    0,    0,    0,    0,    0, -999
20120221, 0000,  , TD, 23.4S,  52.5E,  25, 1004,    0,    0,    0,    0,    0,    0,    0,    0,    0,    0,    0,    0, -999
20120221, 0600,  , TD, 22.9S,  52.3E,  25, 1004,    0,    0,    0,    0,    0,    0,    0,    0,    0,    0,    0,    0, -999
20120221, 1200,  , DB, 22.5S,  52.2E,  20, 1007,    0,    0,    0,    0,    0,    0,    0,    0,    0,    0,    0,    0, -999
20120221, 1800,  , DB, 22.1S,  52.4E,  20, 1007,    0,    0,    0,    0,    0,    0,    0,    0,    0,    0,    0,    0, -999
