SH122023,          GABRIELLE,     28,
20230205, 0600,  , DB, 12.3S, 163.0E,  20, 1007,    0,    0,    0,    0,    0,    0,    0,    0,    0,    0,    0,    0, -999
20230205, 1200,  , DB, 12.2S, 161.5E,  15, 1010,    0,    0,    0,    0,    0,    0,    0,    0,    0,    0,    0,    0, -999
20230205, 1800,  , DB, 12.0S, 160.1E,  15, 1001,    0,    0,    0,    0,    0,    0,    0,    0,    0,    0,    0,    0, -999
20230206, 0000,  , DB, 11.9S, 158.7E,  15, 1001,    0,    0,    0,    0,    0,    0,    0,    0,    0,    0,    0,    0, -999
20230206, 0600,  , DB, 11.7S, 157.3E,  20,  996,    0,    0,    0,    0,    0,    0,    0,    0,    0,    0,    0,    0, -999
20230206, 1200,  , TD, 11.8S, 156.0E,  25,  997,    0,    0,    0,    0,    0,    0,    0,    0,    0,    0,    0,    0, -999
20230206, 1800,  , TD, 12.3S, 155.5E,  25,  997,    0,    0,    0,    0,    0,    0,    0,    0,    0,    0,    0,    0, -999
20230207, 0000,  , TD, 12.8S, 155.0E,  30,  993,    0,    0,    0,    0,    0,    0,    0,    0,    0,    0,    0,    0, -999
20230207, 0600,  , TD, 13.3S, 154.4E,  30,  991,    0,    0,    0,    0,    0,    0,    0,    0,    0,    0,    0,    0, -999
20230207, 1200,  , TS, 13.9S, 153.7E,  35,  989,   75,    0,    0,   75,    0,    0,    0,    0,    0,    0,    0,    0, -999
20230207, 1800,  , TS, 15.1S, 153.4E,  40,  993,  120,   60,    0,  150,    0,    0,    0,    0,    0,    0,    0,    0, -999
20230208, 0000,  , TS, 15.5S, 153.0E,  40,  994,  150,   70,   20,  140,    0,    0,    0,    0,    0,    0,    0,    0, -999
20230208, 0600,  , TS, 16.0S, 152.6E,  45,  988,  195,   80,   95,  130,    0,    0,    0,    0,    0,    0,    0,    0, -999
20230208, 1200,  , TS, 16.8S, 152.4E,  45,  988,  195,   90,   75,  120,    0,    0,    0,    0,    0,    0,    0,    0, -999
20230208, 1800,  , TS, 17.4S, 152.7E,  45,  989,  200,   95,   90,  100,    0,    0,    0,    0,    0,    0,    0,    0, -999
20230209, 0000,  , TS, 18.0S, 153.0E,  50,  987,  195,  120,  120,  100,   20,   10,   10,   20,    0,    0,    0,    0, -999
20230209, 0600,  , TS, 19.1S, 153.9E,  60,  978,  205,  120,  140,  100,   40,   50,   50,   30,    0,    0,    0,    0, -999
20230209, 1200,  , HU, 19.7S, 154.9E,  70,  975,  210,  150,  170,  105,   80,   75,   75,   40,   40,   40,   20,   25, -999
20230209, 1800,  , HU, 20.7S, 156.1E,  80,  968,  215,  180,  170,  110,  110,  100,   75,   45,   50,   65,   25,   25, -999
20230210, 0000,  , HU, 22.0S, 157.7E,  85,  965,  220,  220,  170,  130,  115,  100,   60,   80,   55,   55,   20,   25, -999
20230210, 0600,  , HU, 23.3S, 159.6E,  90,  958,  225,  260,  170,  140,  120,  100,   75,   80,   55,   45,   35,   45, -999
20230210, 1200,  , HU, 24.9S, 162.3E,  75,  968,  230,  270,  200,  180,  125,  115,  110,   85,   45,   40,   55,   50, -999
20230210, 1800,  , XX, 26.6S, 164.3E,  60,  975,  230,  285,  220,  220,  130,  140,  150,   85,    0,    0,    0,    0, -999
20230211, 0000,  , XX, 27.8S, 165.6E,  60,  975,  230,  320,  260,  210,  125,  135,  125,   80,    0,    0,    0,    0, -999
20230211, 0600,  , XX, 28.6S, 167.0E,  60,  971,  225,  360,  305,  200,  125,  220,  175,  110,    0,    0,    0,    0, -999
20230211, 1200,  , XX, 29.3S, 168.2E,  55,  973,  220,  330,  300,  225,  150,   50,   50,   50,    0,    0,    0,    0, -999
20230211, 1800,  , XX, 29.8S, 170.2E,  50,  975,  260,  300,  250,  260,  180,    0,    0,    0,    0,    0,    0,    0, -999
20230212, 0000,  , XX, 30.9S, 171.8E,  45,  981,  195,  290,   75,  185,    0,    0,    0,    0,    0,    0,    0,    0, -999
