SH121955,            UNNAMED,     13,
19550207, 0600,  , LO, 11.7S,  94.6E, -999,    0,    0,    0,    0,    0,    0,    0,    0,    0,    0,    0,    0,    0, -999
19550207, 1200,  , LO, 12.0S,  94.5E, -999,    0,    0,    0,    0,    0,    0,    0,    0,    0,    0,    0,    0,    0, -999
19550207, 1800,  , LO, 12.3S,  94.4E, -999,    0,    0,    0,    0,    0,    0,    0,    0,    0,    0,    0,    0,    0, -999
19550208, 0000,  , LO, 12.6S,  94.3E, -999,    0,    0,    0,    0,    0,    0,    0,    0,    0,    0,    0,    0,    0, -999
19550208, 0600,  , LO, 13.0S,  94.0E, -999,    0,    0,    0,    0,    0,    0,    0,    0,    0,    0,    0,    0,    0, -999
19550208, 1200,  , LO, 13.6S,  93.5E, -999,    0,    0,    0,    0,    0,    0,    0,    0,    0,    0,    0,    0,    0, -999
19550208, 1800,  , LO, 14.3S,  92.8E, -999,    0,    0,    0,    0,    0,    0,    0,    0,    0,    0,    0,    0,    0, -999
19550209, 0000,  , LO, 14.8S,  92.0E, -999,    0,    0,    0,    0,    0,    0,    0,    0,    0,    0,    0,    0,    0, -999
19550209, 0600,  , LO, 15.3S,  91.2E, -999,    0,    0,    0,    0,    0,    0,    0,    0,    0,    0,    0,    0,    0, -999
19550209, 1200,  , LO, 15.9S,  90.5E, -999,    0,    0,    0,    0,    0,    0,    0,    0,    0,    0,    0,    0,    0, -999
19550209, 1800,  , LO, 16.4S,  89.7E, -999,    0,    0,    0,    0,    0,    0,    0,    0,    0,    0,    0,    0,    0, -999
19550210, 0000,  , LO, 16.9S,  88.9E, -999,    0,    0,    0,    0,    0,    0,    0,    0,    0,    0,    0,    0,    0, -999
19550210, 0600,  , LO, 17.4S,  88.0E, -999,    0,    0,    0,    0,    0,    0,    0,    0,    0,    0,    0,    0,    0, -999
