SH121982,            UNNAMED,      9,
19820118, 1800,  , TS, 11.9S, 106.7E,  50,    0,    0,    0,    0,    0,    0,    0,    0,    0,    0,    0,    0,    0, -999
19820119, 0000,  , TS, 11.4S, 107.3E,  50,    0,    0,    0,    0,    0,    0,    0,    0,    0,    0,    0,    0,    0, -999
19820119, 0600,  , TS, 11.9S, 108.0E,  50,    0,    0,    0,    0,    0,    0,    0,    0,    0,    0,    0,    0,    0, -999
19820119, 1200,  , TS, 13.4S, 108.9E,  50,    0,    0,    0,    0,    0,    0,    0,    0,    0,    0,    0,    0,    0, -999
19820119, 1800,  , TS, 14.4S, 110.1E,  50,    0,    0,    0,    0,    0,    0,    0,    0,    0,    0,    0,    0,    0, -999
19820120, 0000,  , TS, 14.2S, 112.1E,  45,    0,    0,    0,    0,    0,    0,    0,    0,    0,    0,    0,    0,    0, -999
19820120, 0600,  , TS, 14.9S, 114.4E,  40,    0,    0,    0,    0,    0,    0,    0,    0,    0,    0,    0,    0,    0, -999
19820120, 1200,  , TS, 17.3S, 117.0E,  40,    0,    0,    0,    0,    0,    0,    0,    0,    0,    0,    0,    0,    0, -999
19820120, 1800,  , TS, 18.8S, 119.2E,  40,    0,    0,    0,    0,    0,    0,    0,    0,    0,    0,    0,    0,    0, -999
