SH132002,            UNNAMED,     16,
20020202, 1800,  , TD, 14.8S, 121.4E,  25, 1002,    0,    0,    0,    0,    0,    0,    0,    0,    0,    0,    0,    0, -999
20020203, 0000,  , TD, 15.3S, 121.5E,  30, 1000,    0,    0,    0,    0,    0,    0,    0,    0,    0,    0,    0,    0, -999
20020203, 0600,  , TS, 15.7S, 121.1E,  45,  991,    0,    0,    0,    0,    0,    0,    0,    0,    0,    0,    0,    0, -999
20020203, 1200,  , TS, 16.0S, 120.6E,  55,  984,    0,    0,    0,    0,    0,    0,    0,    0,    0,    0,    0,    0, -999
20020203, 1800,  , TS, 16.3S, 120.8E,  55,  984,    0,    0,    0,    0,    0,    0,    0,    0,    0,    0,    0,    0, -999
20020204, 0000,  , TS, 16.6S, 121.0E,  60,  980,    0,    0,    0,    0,    0,    0,    0,    0,    0,    0,    0,    0, -999
20020204, 0600,  , HU, 17.2S, 121.1E,  75,  967,    0,    0,    0,    0,    0,    0,    0,    0,    0,    0,    0,    0, -999
20020204, 1200,  , HU, 17.8S, 120.8E,  85,  958,    0,    0,    0,    0,    0,    0,    0,    0,    0,    0,    0,    0, -999
20020204, 1800,  , HU, 18.1S, 120.5E, 100,  944,    0,    0,    0,    0,    0,    0,    0,    0,    0,    0,    0,    0, -999
20020205, 0000,  , HU, 18.4S, 120.2E, 115,  927,    0,    0,    0,    0,    0,    0,    0,    0,    0,    0,    0,    0, -999
20020205, 0600,  , HU, 18.7S, 120.2E, 115,  927,    0,    0,    0,    0,    0,    0,    0,    0,    0,    0,    0,    0, -999
20020205, 1200,  , HU, 19.2S, 120.3E, 125,  916,    0,    0,    0,    0,    0,    0,    0,    0,    0,    0,    0,    0, -999
20020205, 1800,  , HU, 19.8S, 120.1E, 125,  916,    0,    0,    0,    0,    0,    0,    0,    0,    0,    0,    0,    0, -999
20020206, 0000,  , HU, 20.5S, 119.8E, 110,  933,    0,    0,    0,    0,    0,    0,    0,    0,    0,    0,    0,    0, -999
20020206, 0600,  , HU, 21.2S, 119.5E,  75,  967,    0,    0,    0,    0,    0,    0,    0,    0,    0,    0,    0,    0, -999
20020206, 1200,  , TS, 22.2S, 119.5E,  55,  984,    0,    0,    0,    0,    0,    0,    0,    0,    0,    0,    0,    0, -999
