SH132018,              LINDA,     19,
20180311, 0600,  , DB,  9.5S, 160.0E,  15, 1010,    0,    0,    0,    0,    0,    0,    0,    0,    0,    0,    0,    0, -999
20180311, 1200,  , DB, 10.7S, 160.0E,  15, 1010,    0,    0,    0,    0,    0,    0,    0,    0,    0,    0,    0,    0, -999
20180311, 1800,  , DB, 11.7S, 159.9E,  20, 1007,    0,    0,    0,    0,    0,    0,    0,    0,    0,    0,    0,    0, -999
20180312, 0000,  , TD, 13.0S, 159.7E,  25, 1004,    0,    0,    0,    0,    0,    0,    0,    0,    0,    0,    0,    0, -999
20180312, 0600,  , TD, 14.2S, 159.8E,  30, 1002,    0,    0,    0,    0,    0,    0,    0,    0,    0,    0,    0,    0, -999
20180312, 1200,  , TS, 15.4S, 160.1E,  35,  998,  100,  130,  130,  100,    0,    0,    0,    0,    0,    0,    0,    0, -999
20180312, 1800,  , TS, 16.6S, 160.2E,  40,  996,  110,  180,  140,  100,    0,    0,    0,    0,    0,    0,    0,    0, -999
20180313, 0000,  , TS, 17.7S, 160.0E,  45,  994,  110,  210,  160,  110,    0,    0,    0,    0,    0,    0,    0,    0, -999
20180313, 0600,  , TS, 19.1S, 159.6E,  50,  992,  120,  230,  170,  120,   61,  130,   92,   61,    0,    0,    0,    0, -999
20180313, 1200,  , TS, 20.5S, 158.8E,  55,  989,  120,  260,  180,  140,   61,  149,   99,   74,    0,    0,    0,    0, -999
20180313, 1800,  , TS, 21.2S, 157.7E,  50,  991,  140,  260,  220,  140,   74,  149,  124,   74,    0,    0,    0,    0, -999
20180314, 0000,  , TS, 21.9S, 156.9E,  45,  993,  130,  220,  180,  120,    0,    0,    0,    0,    0,    0,    0,    0, -999
20180314, 0600,  , TS, 22.5S, 156.4E,  40,  995,  100,  180,  140,  100,    0,    0,    0,    0,    0,    0,    0,    0, -999
20180314, 1200,  , TS, 22.8S, 156.2E,  40,  995,   70,  150,  120,   80,    0,    0,    0,    0,    0,    0,    0,    0, -999
20180314, 1800,  , TS, 23.1S, 156.1E,  35,  998,   70,  150,  120,   80,    0,    0,    0,    0,    0,    0,    0,    0, -999
20180315, 0000,  , TD, 23.8S, 156.3E,  30, 1000,    0,    0,    0,    0,    0,    0,    0,    0,    0,    0,    0,    0, -999
20180315, 0600,  , TD, 24.4S, 156.6E,  25, 1004,    0,    0,    0,    0,    0,    0,    0,    0,    0,    0,    0,    0, -999
20180315, 1200,  , TD, 25.0S, 157.0E,  25, 1004,    0,    0,    0,    0,    0,    0,    0,    0,    0,    0,    0,    0, -999
20180315, 1800,  , DB, 25.6S, 157.4E,  20, 1007,    0,    0,    0,    0,    0,    0,    0,    0,    0,    0,    0,    0, -999
