SH132013,            FELLENG,     41,
20130125, 1200,  , DB, 12.5S,  67.4E,  20, 1007,    0,    0,    0,    0,    0,    0,    0,    0,    0,    0,    0,    0, -999
20130125, 1800,  , TD, 12.1S,  66.9E,  25, 1004,    0,    0,    0,    0,    0,    0,    0,    0,    0,    0,    0,    0, -999
20130126, 0000,  , TD, 12.5S,  66.4E,  30, 1000,    0,    0,    0,    0,    0,    0,    0,    0,    0,    0,    0,    0, -999
20130126, 0600,  , TD, 12.7S,  65.8E,  30, 1000,    0,    0,    0,    0,    0,    0,    0,    0,    0,    0,    0,    0, -999
20130126, 1200,  , TS, 13.3S,  65.4E,  35,  996,    0,    0,    0,    0,    0,    0,    0,    0,    0,    0,    0,    0, -999
20130126, 1800,  , TS, 13.6S,  64.7E,  35,  996,    0,    0,    0,    0,    0,    0,    0,    0,    0,    0,    0,    0, -999
20130127, 0000,  , TS, 13.5S,  64.0E,  35,  996,    0,    0,    0,    0,    0,    0,    0,    0,    0,    0,    0,    0, -999
20130127, 0600,  , TS, 13.2S,  63.2E,  35,  996,    0,    0,    0,    0,    0,    0,    0,    0,    0,    0,    0,    0, -999
20130127, 1200,  , TS, 13.2S,  62.2E,  35,  996,    0,    0,    0,    0,    0,    0,    0,    0,    0,    0,    0,    0, -999
20130127, 1800,  , TS, 13.2S,  61.2E,  35,  996,    0,    0,    0,    0,    0,    0,    0,    0,    0,    0,    0,    0, -999
20130128, 0000,  , TS, 13.2S,  60.3E,  40,  993,   40,   40,   40,   40,    0,    0,    0,    0,    0,    0,    0,    0, -999
20130128, 0600,  , TS, 13.2S,  59.4E,  50,  985,   30,   40,   40,   30,    0,    0,    0,    0,    0,    0,    0,    0, -999
20130128, 1200,  , TS, 13.3S,  58.5E,  55,  982,   50,   60,   60,   50,    0,    0,    0,    0,    0,    0,    0,    0, -999
20130128, 1800,  , TS, 13.3S,  57.5E,  60,  978,   65,   90,   70,   60,   15,   15,   15,   15,    0,    0,    0,    0, -999
20130129, 0000,  , HU, 13.5S,  56.6E,  65,  974,   85,  110,   75,   70,   45,   45,   45,   45,    0,    0,    0,    0, -999
20130129, 0600,  , HU, 13.7S,  55.8E,  75,  967,   80,  100,  110,   90,   45,   50,   55,   50,   25,   25,   25,   25, -999
20130129, 1200,  , HU, 14.0S,  55.1E,  90,  956,   90,  100,  120,  110,   55,   60,   65,   65,   25,   30,   35,   35, -999
20130129, 1800,  , HU, 14.2S,  54.4E, 100,  948,  110,  120,  100,   90,   65,   65,   60,   55,   25,   30,   25,   20, -999
20130130, 0000,  , HU, 14.5S,  53.8E, 105,  944,  110,  120,  100,   90,   65,   65,   60,   55,   25,   30,   25,   20, -999
20130130, 0600,  , HU, 15.2S,  53.4E, 110,  941,  120,  130,  110,  100,   75,   75,   70,   60,   25,   30,   25,   20, -999
20130130, 1200,  , HU, 16.1S,  52.7E, 115,  937,  140,  150,  110,  100,   90,   95,   80,   70,   35,   45,   35,   30, -999
20130130, 1800,  , HU, 17.0S,  52.2E, 105,  944,  140,  140,  110,  110,   95,   95,   80,   80,   35,   35,   35,   35, -999
20130131, 0000,  , HU, 17.7S,  51.7E,  95,  952,  140,  140,  110,  110,   95,   95,   80,   80,   35,   35,   35,   35, -999
20130131, 0600,  , HU, 18.3S,  51.2E,  85,  959,  140,  140,  120,  120,   90,   90,   80,   80,   35,   35,   35,   35, -999
20130131, 1200,  , HU, 19.1S,  51.1E,  80,  963,  135,  135,  115,  115,   85,   85,   75,   75,   30,   30,   30,   30, -999
20130131, 1800,  , HU, 19.7S,  50.5E,  75,  967,  135,  135,  115,  115,   85,   85,   75,   75,   30,   30,   30,   30, -999
20130201, 0000,  , HU, 20.6S,  50.6E,  70,  970,  125,  125,  110,  110,   75,   75,   65,   65,   30,   30,   30,   30, -999
20130201, 0600,  , HU, 21.5S,  50.8E,  65,  974,  125,  125,  110,  110,   50,   50,   40,   40,   30,   30,   30,   30, -999
20130201, 1200,  , HU, 22.4S,  51.2E,  65,  974,  125,  125,  110,  110,   50,   50,   40,   40,    0,    0,    0,    0, -999
20130201, 1800,  , HU, 23.4S,  51.4E,  70,  970,  145,  160,  140,  120,   60,   65,   55,   50,   30,   30,   30,   25, -999
20130202, 0000,  , HU, 24.6S,  51.3E,  70,  970,  150,  165,  145,  120,   60,   65,   55,   50,   30,   30,   30,   25, -999
20130202, 0600,  , HU, 25.8S,  51.3E,  65,  974,  140,  155,  135,  110,   50,   55,   45,   40,    0,    0,    0,    0, -999
20130202, 1200,  , TS, 27.0S,  51.2E,  60,  978,  130,  145,  125,  100,   40,   45,   35,   30,    0,    0,    0,    0, -999
20130202, 1800,  , TS, 28.3S,  51.5E,  50,  985,  130,  145,  125,  100,    0,    0,    0,    0,    0,    0,    0,    0, -999
20130203, 0000,  , TS, 29.5S,  51.9E,  50,  985,  130,  145,  125,  100,    0,    0,    0,    0,    0,    0,    0,    0, -999
20130203, 0600,  , TS, 30.8S,  52.6E,  40,  993,   60,   75,   75,   60,    0,    0,    0,    0,    0,    0,    0,    0, -999
20130203, 1200,  , TS, 32.0S,  53.4E,  40,  993,   60,   75,   75,   60,    0,    0,    0,    0,    0,    0,    0,    0, -999
20130203, 1800,  , TS, 33.4S,  54.4E,  40,  993,   60,   75,   75,   60,    0,    0,    0,    0,    0,    0,    0,    0, -999
20130204, 0000,  , TS, 34.5S,  55.0E,  35,  996,   60,   75,   75,   60,    0,    0,    0,    0,    0,    0,    0,    0, -999
20130204, 0600,  , TS, 35.6S,  55.3E,  35,  996,   60,   75,   75,   60,    0,    0,    0,    0,    0,    0,    0,    0, -999
20130204, 1200,  , EX, 36.8S,  55.9E,  35,  996,   60,   75,   75,   60,    0,    0,    0,    0,    0,    0,    0,    0, -999
