SH142021,           FOURTEEN,     18,
20210119, 0000,  , DB, 10.9S, 127.6E,  15, 1005,    0,    0,    0,    0,    0,    0,    0,    0,    0,    0,    0,    0, -999
20210119, 0600,  , DB, 10.9S, 126.6E,  15, 1004,    0,    0,    0,    0,    0,    0,    0,    0,    0,    0,    0,    0, -999
20210119, 1200,  , DB, 11.2S, 125.4E,  15, 1006,    0,    0,    0,    0,    0,    0,    0,    0,    0,    0,    0,    0, -999
20210119, 1800,  , DB, 11.6S, 124.2E,  20, 1004,    0,    0,    0,    0,    0,    0,    0,    0,    0,    0,    0,    0, -999
20210120, 0000,  , DB, 12.0S, 123.3E,  20, 1006,    0,    0,    0,    0,    0,    0,    0,    0,    0,    0,    0,    0, -999
20210120, 0600,  , TD, 13.1S, 122.7E,  25, 1004,    0,    0,    0,    0,    0,    0,    0,    0,    0,    0,    0,    0, -999
20210120, 1200,  , TD, 13.5S, 121.4E,  30, 1002,    0,    0,    0,    0,    0,    0,    0,    0,    0,    0,    0,    0, -999
20210120, 1800,  , TD, 14.3S, 120.9E,  30, 1002,    0,    0,    0,    0,    0,    0,    0,    0,    0,    0,    0,    0, -999
20210121, 0000,  , TD, 15.2S, 120.6E,  30, 1001,    0,    0,    0,    0,    0,    0,    0,    0,    0,    0,    0,    0, -999
20210121, 0600,  , TD, 16.6S, 119.6E,  30, 1000,    0,    0,    0,    0,    0,    0,    0,    0,    0,    0,    0,    0, -999
20210121, 1200,  , TS, 17.4S, 119.8E,  35,  998,    0,    0,    0,    0,    0,    0,    0,    0,    0,    0,    0,    0, -999
20210121, 1800,  , TS, 18.3S, 120.1E,  35, 1000,    0,   80,   60,   40,    0,    0,    0,    0,    0,    0,    0,    0, -999
20210122, 0000,  , TS, 19.7S, 120.5E,  45,  995,   40,   40,   45,   45,    0,    0,    0,    0,    0,    0,    0,    0, -999
20210122, 0600,  , TS, 20.4S, 120.9E,  40,  997,   50,   30,   30,   70,    0,    0,    0,    0,    0,    0,    0,    0, -999
20210122, 1200,  , TS, 21.2S, 121.5E,  35,  997,   95,   75,   55,   45,    0,    0,    0,    0,    0,    0,    0,    0, -999
20210122, 1800,  , TD, 21.9S, 122.2E,  30, 1001,    0,    0,    0,    0,    0,    0,    0,    0,    0,    0,    0,    0, -999
20210123, 0000,  , TD, 22.6S, 123.1E,  30, 1000,    0,    0,    0,    0,    0,    0,    0,    0,    0,    0,    0,    0, -999
20210123, 0600,  , TD, 23.3S, 124.0E,  25,  998,    0,    0,    0,    0,    0,    0,    0,    0,    0,    0,    0,    0, -999
