SH141976,            UNNAMED,     29,
19760202, 1200,  , LO, 21.0S, 132.2W, -999,    0,    0,    0,    0,    0,    0,    0,    0,    0,    0,    0,    0,    0, -999
19760202, 1800,  , LO, 21.3S, 136.1W, -999,    0,    0,    0,    0,    0,    0,    0,    0,    0,    0,    0,    0,    0, -999
19760203, 0000,  , LO, 21.5S, 138.3W, -999,    0,    0,    0,    0,    0,    0,    0,    0,    0,    0,    0,    0,    0, -999
19760203, 0600,  , LO, 21.5S, 139.2W, -999,    0,    0,    0,    0,    0,    0,    0,    0,    0,    0,    0,    0,    0, -999
19760203, 1200,  , LO, 21.6S, 140.0W, -999,    0,    0,    0,    0,    0,    0,    0,    0,    0,    0,    0,    0,    0, -999
19760203, 1800,  , LO, 21.6S, 140.8W, -999,    0,    0,    0,    0,    0,    0,    0,    0,    0,    0,    0,    0,    0, -999
19760204, 0000,  , LO, 21.7S, 141.6W, -999,    0,    0,    0,    0,    0,    0,    0,    0,    0,    0,    0,    0,    0, -999
19760204, 0600,  , LO, 21.9S, 142.9W, -999,    0,    0,    0,    0,    0,    0,    0,    0,    0,    0,    0,    0,    0, -999
19760204, 1200,  , LO, 22.2S, 144.4W, -999,    0,    0,    0,    0,    0,    0,    0,    0,    0,    0,    0,    0,    0, -999
19760204, 1800,  , LO, 22.6S, 145.7W, -999,    0,    0,    0,    0,    0,    0,    0,    0,    0,    0,    0,    0,    0, -999
19760205, 0000,  , LO, 23.0S, 147.0W, -999,    0,    0,    0,    0,    0,    0,    0,    0,    0,    0,    0,    0,    0, -999
19760205, 0600,  , LO, 23.5S, 148.2W, -999,    0,    0,    0,    0,    0,    0,    0,    0,    0,    0,    0,    0,    0, -999
19760205, 1200,  , LO, 24.0S, 149.3W, -999,    0,    0,    0,    0,    0,    0,    0,    0,    0,    0,    0,    0,    0, -999
19760205, 1800,  , LO, 24.5S, 150.4W, -999,    0,    0,    0,    0,    0,    0,    0,    0,    0,    0,    0,    0,    0, -999
19760206, 0000,  , LO, 25.1S, 151.4W, -999,    0,    0,    0,    0,    0,    0,    0,    0,    0,    0,    0,    0,    0, -999
19760206, 0600,  , LO, 25.6S, 152.2W, -999,    0,    0,    0,    0,    0,    0,    0,    0,    0,    0,    0,    0,    0, -999
19760206, 1200,  , LO, 26.0S, 153.0W, -999,    0,    0,    0,    0,    0,    0,    0,    0,    0,    0,    0,    0,    0, -999
19760206, 1800,  , LO, 31.5S, 154.0W, -999,    0,    0,    0,    0,    0,    0,    0,    0,    0,    0,    0,    0,    0, -999
19760207, 0000,  , LO, 37.0S, 155.0W, -999,    0,    0,    0,    0,    0,    0,    0,    0,    0,    0,    0,    0,    0, -999
19760207, 0600,  , LO, 32.5S, 155.9W, -999,    0,    0,    0,    0,    0,    0,    0,    0,    0,    0,    0,    0,    0, -999
19760207, 1200,  , LO, 27.8S, 156.8W, -999,    0,    0,    0,    0,    0,    0,    0,    0,    0,    0,    0,    0,    0, -999
19760207, 1800,  , LO, 28.0S, 157.5W, -999,    0,    0,    0,    0,    0,    0,    0,    0,    0,    0,    0,    0,    0, -999
19760208, 0000,  , LO, 28.7S, 158.4W, -999,    0,    0,    0,    0,    0,    0,    0,    0,    0,    0,    0,    0,    0, -999
19760208, 0600,  , LO, 29.8S, 160.4W, -999,    0,    0,    0,    0,    0,    0,    0,    0,    0,    0,    0,    0,    0, -999
19760208, 1200,  , LO, 30.9S, 162.9W, -999,    0,    0,    0,    0,    0,    0,    0,    0,    0,    0,    0,    0,    0, -999
19760208, 1800,  , LO, 31.9S, 164.9W, -999,    0,    0,    0,    0,    0,    0,    0,    0,    0,    0,    0,    0,    0, -999
19760209, 0000,  , LO, 33.0S, 167.0W, -999,    0,    0,    0,    0,    0,    0,    0,    0,    0,    0,    0,    0,    0, -999
19760209, 0600,  , LO, 34.3S, 169.4W, -999,    0,    0,    0,    0,    0,    0,    0,    0,    0,    0,    0,    0,    0, -999
19760209, 1200,  , LO, 35.8S, 172.0W, -999,    0,    0,    0,    0,    0,    0,    0,    0,    0,    0,    0,    0,    0, -999
