SH142006,             CARINA,     34,
20060222, 1200,  , TD,  9.2S,  81.8E,  20, 1007,    0,    0,    0,    0,    0,    0,    0,    0,    0,    0,    0,    0, -999
20060222, 1800,  , TD,  9.6S,  81.6E,  25, 1002,    0,    0,    0,    0,    0,    0,    0,    0,    0,    0,    0,    0, -999
20060223, 0000,  , TD, 10.0S,  81.6E,  30, 1000,    0,    0,    0,    0,    0,    0,    0,    0,    0,    0,    0,    0, -999
20060223, 0600,  , TS, 10.3S,  81.5E,  35,  997,   45,   45,   60,   45,    0,    0,    0,    0,    0,    0,    0,    0, -999
20060223, 1200,  , TS, 10.6S,  81.4E,  35,  997,   45,   45,   60,   45,    0,    0,    0,    0,    0,    0,    0,    0, -999
20060223, 1800,  , TS, 10.9S,  81.3E,  35,  997,   45,   45,   60,   45,    0,    0,    0,    0,    0,    0,    0,    0, -999
20060224, 0000,  , TS, 11.2S,  81.2E,  45,  989,   65,   65,   80,   65,    0,    0,    0,    0,    0,    0,    0,    0, -999
20060224, 0600,  , TS, 11.4S,  81.1E,  50,  985,   80,   80,   80,   80,   20,   20,   20,   20,    0,    0,    0,    0, -999
20060224, 1200,  , TS, 11.7S,  81.0E,  55,  984,   80,   80,   80,   80,   20,   20,   20,   20,    0,    0,    0,    0, -999
20060224, 1800,  , TS, 12.0S,  80.8E,  60,  978,   80,   80,   80,   90,   25,   25,   25,   30,    0,    0,    0,    0, -999
20060225, 0000,  , HU, 12.2S,  80.5E,  65,  976,  110,  100,  100,  100,   45,   40,   40,   40,    0,    0,    0,    0, -999
20060225, 0600,  , XX, 12.5S,  80.3E,  70,  972,  110,  100,  100,  100,   45,   40,   40,   40,   20,   20,   20,   20, -999
20060225, 1200,  , HU, 12.8S,  80.2E,  75,  967,  100,  110,  100,  100,   45,   45,   45,   45,   20,   20,   20,   20, -999
20060225, 1800,  , HU, 13.1S,  80.1E,  75,  967,  110,  120,  120,  100,   45,   50,   50,   45,   25,   25,   25,   25, -999
20060226, 0000,  , HU, 12.9S,  79.7E,  75,  967,  110,  120,  120,  100,   45,   50,   50,   45,   25,   25,   25,   25, -999
20060226, 0600,  , HU, 13.3S,  79.8E,  75,  967,  110,  110,  110,  110,   45,   45,   45,   45,   25,   25,   25,   25, -999
20060226, 1200,  , HU, 13.5S,  80.0E,  80,  963,   80,   80,   90,   90,   35,   35,   35,   35,   20,   20,   20,   20, -999
20060226, 1800,  , HU, 13.9S,  79.9E,  90,  954,  105,  110,  115,  120,   40,   45,   50,   55,   25,   25,   25,   25, -999
20060227, 0000,  , HU, 14.5S,  79.8E,  95,  949,  105,   90,  110,  120,   50,   50,   50,   50,   30,   30,   30,   30, -999
20060227, 0600,  , HU, 14.9S,  79.8E, 100,  944,  115,  115,  115,  115,   55,   55,   55,   55,   40,   40,   40,   40, -999
20060227, 1200,  , HU, 15.4S,  79.7E, 105,  938,  115,  115,  115,  115,   55,   55,   55,   55,   40,   40,   40,   40, -999
20060227, 1800,  , HU, 15.9S,  79.5E, 115,  927,  120,  120,  120,  120,   55,   55,   55,   55,   40,   40,   40,   40, -999
20060228, 0000,  , XX, 16.1S,  79.0E, 130,  910,  130,  130,  130,  130,   55,   55,   55,   55,   45,   45,   45,   45, -999
20060228, 0600,  , XX, 16.4S,  78.6E, 130,  910,  130,  140,  150,  130,   55,   65,   60,   50,   40,   45,   40,   30, -999
20060228, 1200,  , XX, 16.6S,  78.3E, 130,  910,  130,  140,  150,  130,   55,   65,   60,   50,   40,   45,   40,   30, -999
20060228, 1800,  , HU, 16.8S,  78.0E, 125,  916,  130,  130,  130,  130,   60,   60,   60,   60,   40,   40,   40,   40, -999
20060301, 0000,  , HU, 17.1S,  77.8E, 120,  922,  130,  130,  130,  130,   60,   60,   60,   60,   35,   35,   35,   35, -999
20060301, 0600,  , HU, 17.3S,  77.3E, 115,  927,   70,  100,   90,   60,   50,   65,   55,   40,   20,   40,   30,   20, -999
20060301, 1200,  , HU, 17.7S,  76.9E, 100,  944,   60,   85,   85,   60,   40,   55,   55,   40,   10,   10,   10,   10, -999
20060301, 1800,  , HU, 18.3S,  77.0E,  75,  967,   70,   90,   80,   60,   30,   35,   35,   25,   15,   15,   15,   15, -999
20060302, 0000,  , TS, 18.8S,  77.2E,  60,  980,   70,   90,   80,   60,   20,   30,   25,   20,    0,    0,    0,    0, -999
20060302, 0600,  , TS, 19.2S,  77.8E,  40,  994,   70,   90,   80,   60,    0,    0,    0,    0,    0,    0,    0,    0, -999
20060302, 1200,  , EX, 19.5S,  78.1E,  35,  997,   70,   90,   80,   60,    0,    0,    0,    0,    0,    0,    0,    0, -999
20060302, 1800,  , EX, 19.7S,  78.4E,  35,  997,   70,   90,   80,   60,    0,    0,    0,    0,    0,    0,    0,    0, -999
