SH141989,            UNNAMED,     25,
19890223, 0000,  , LO, 28.2S, 134.5W,  30,    0,    0,    0,    0,    0,    0,    0,    0,    0,    0,    0,    0,    0, -999
19890223, 0600,  , TS, 28.3S, 135.2W,  35,    0,    0,    0,    0,    0,    0,    0,    0,    0,    0,    0,    0,    0, -999
19890223, 1200,  , TS, 28.3S, 136.0W,  40,    0,    0,    0,    0,    0,    0,    0,    0,    0,    0,    0,    0,    0, -999
19890223, 1800,  , TS, 28.2S, 136.7W,  50,    0,    0,    0,    0,    0,    0,    0,    0,    0,    0,    0,    0,    0, -999
19890224, 0000,  , TS, 28.0S, 137.4W,  55,    0,    0,    0,    0,    0,    0,    0,    0,    0,    0,    0,    0,    0, -999
19890224, 0600,  , TS, 27.4S, 138.2W,  60,    0,    0,    0,    0,    0,    0,    0,    0,    0,    0,    0,    0,    0, -999
19890224, 1200,  , HU, 27.0S, 139.1W,  65,    0,    0,    0,    0,    0,    0,    0,    0,    0,    0,    0,    0,    0, -999
19890224, 1800,  , HU, 26.9S, 139.6W,  70,    0,    0,    0,    0,    0,    0,    0,    0,    0,    0,    0,    0,    0, -999
19890225, 0000,  , HU, 26.7S, 140.1W,  80,    0,    0,    0,    0,    0,    0,    0,    0,    0,    0,    0,    0,    0, -999
19890225, 0600,  , HU, 26.5S, 140.4W,  85,    0,    0,    0,    0,    0,    0,    0,    0,    0,    0,    0,    0,    0, -999
19890225, 1200,  , HU, 26.9S, 140.6W,  90,    0,    0,    0,    0,    0,    0,    0,    0,    0,    0,    0,    0,    0, -999
19890225, 1800,  , HU, 27.4S, 140.8W,  90,    0,    0,    0,    0,    0,    0,    0,    0,    0,    0,    0,    0,    0, -999
19890226, 0000,  , HU, 28.0S, 141.0W,  80,    0,    0,    0,    0,    0,    0,    0,    0,    0,    0,    0,    0,    0, -999
19890226, 0600,  , HU, 28.7S, 141.1W,  80,    0,    0,    0,    0,    0,    0,    0,    0,    0,    0,    0,    0,    0, -999
19890226, 1200,  , HU, 29.6S, 141.4W,  75,    0,    0,    0,    0,    0,    0,    0,    0,    0,    0,    0,    0,    0, -999
19890226, 1800,  , HU, 30.5S, 141.6W,  70,    0,    0,    0,    0,    0,    0,    0,    0,    0,    0,    0,    0,    0, -999
19890227, 0000,  , HU, 31.4S, 141.8W,  65,    0,    0,    0,    0,    0,    0,    0,    0,    0,    0,    0,    0,    0, -999
19890227, 0600,  , HU, 32.0S, 141.7W,  65,    0,    0,    0,    0,    0,    0,    0,    0,    0,    0,    0,    0,    0, -999
19890227, 1200,  , TS, 32.3S, 141.2W,  60,    0,    0,    0,    0,    0,    0,    0,    0,    0,    0,    0,    0,    0, -999
19890227, 1800,  , TS, 32.5S, 140.8W,  50,    0,    0,    0,    0,    0,    0,    0,    0,    0,    0,    0,    0,    0, -999
19890228, 0000,  , TS, 32.7S, 140.3W,  45,    0,    0,    0,    0,    0,    0,    0,    0,    0,    0,    0,    0,    0, -999
19890228, 0600,  , TS, 32.9S, 139.9W,  40,    0,    0,    0,    0,    0,    0,    0,    0,    0,    0,    0,    0,    0, -999
19890228, 1200,  , TS, 33.1S, 139.5W,  40,    0,    0,    0,    0,    0,    0,    0,    0,    0,    0,    0,    0,    0, -999
19890228, 1800,  , TS, 33.4S, 139.0W,  35,    0,    0,    0,    0,    0,    0,    0,    0,    0,    0,    0,    0,    0, -999
19890301, 0000,  , LO, 33.9S, 138.4W,  30,    0,    0,    0,    0,    0,    0,    0,    0,    0,    0,    0,    0,    0, -999
