SH141981,            UNNAMED,     13,
19810131, 0000,  , LO, 19.0S, 170.7W, -999,    0,    0,    0,    0,    0,    0,    0,    0,    0,    0,    0,    0,    0, -999
19810131, 0600,  , LO, 19.2S, 170.9W, -999,    0,    0,    0,    0,    0,    0,    0,    0,    0,    0,    0,    0,    0, -999
19810131, 1200,  , LO, 19.5S, 171.2W, -999,    0,    0,    0,    0,    0,    0,    0,    0,    0,    0,    0,    0,    0, -999
19810131, 1800,  , LO, 19.7S, 171.4W, -999,    0,    0,    0,    0,    0,    0,    0,    0,    0,    0,    0,    0,    0, -999
19810201, 0000,  , LO, 20.0S, 171.7W, -999,    0,    0,    0,    0,    0,    0,    0,    0,    0,    0,    0,    0,    0, -999
19810201, 0600,  , LO, 20.2S, 172.1W, -999,    0,    0,    0,    0,    0,    0,    0,    0,    0,    0,    0,    0,    0, -999
19810201, 1200,  , LO, 20.5S, 172.6W, -999,    0,    0,    0,    0,    0,    0,    0,    0,    0,    0,    0,    0,    0, -999
19810201, 1800,  , LO, 20.7S, 173.2W, -999,    0,    0,    0,    0,    0,    0,    0,    0,    0,    0,    0,    0,    0, -999
19810202, 0000,  , LO, 20.8S, 173.9W, -999,    0,    0,    0,    0,    0,    0,    0,    0,    0,    0,    0,    0,    0, -999
19810202, 0600,  , LO, 20.9S, 174.7W, -999,    0,    0,    0,    0,    0,    0,    0,    0,    0,    0,    0,    0,    0, -999
19810202, 1200,  , LO, 21.0S, 175.5W, -999,    0,    0,    0,    0,    0,    0,    0,    0,    0,    0,    0,    0,    0, -999
19810202, 1800,  , LO, 21.2S, 176.5W, -999,    0,    0,    0,    0,    0,    0,    0,    0,    0,    0,    0,    0,    0, -999
19810203, 0000,  , LO, 21.5S, 177.6W, -999,    0,    0,    0,    0,    0,    0,    0,    0,    0,    0,    0,    0,    0, -999
