SH152010,               RENE,     39,
20100209, 0600,  , DB, 11.0S, 174.8W,  15, 1010,    0,    0,    0,    0,    0,    0,    0,    0,    0,    0,    0,    0, -999
20100209, 1200,  , DB, 11.7S, 173.9W,  15, 1009,    0,    0,    0,    0,    0,    0,    0,    0,    0,    0,    0,    0, -999
20100209, 1800,  , TD, 12.2S, 172.6W,  20, 1007,    0,    0,    0,    0,    0,    0,    0,    0,    0,    0,    0,    0, -999
20100210, 0000,  , TD, 12.6S, 171.2W,  20, 1007,    0,    0,    0,    0,    0,    0,    0,    0,    0,    0,    0,    0, -999
20100210, 0600,  , DB, 12.7S, 169.8W,  25, 1002,    0,    0,    0,    0,    0,    0,    0,    0,    0,    0,    0,    0, -999
20100210, 1200,  , TD, 12.6S, 168.9W,  30, 1000,    0,    0,    0,    0,    0,    0,    0,    0,    0,    0,    0,    0, -999
20100210, 1800,  , DB, 12.5S, 168.2W,  35,  996,    0,    0,    0,    0,    0,    0,    0,    0,    0,    0,    0,    0, -999
20100211, 0000,  , TS, 12.3S, 167.5W,  40,  993,   40,   35,   35,   40,    0,    0,    0,    0,    0,    0,    0,    0, -999
20100211, 0600,  , TS, 12.4S, 166.8W,  45,  989,   45,   40,   40,   45,    0,    0,    0,    0,    0,    0,    0,    0, -999
20100211, 1200,  , TS, 12.4S, 166.1W,  55,  982,   50,   40,   50,   55,   15,   15,   15,   15,    0,    0,    0,    0, -999
20100211, 1800,  , TS, 12.7S, 166.3W,  55,  982,   40,   40,   40,   35,   20,   20,   20,   20,    0,    0,    0,    0, -999
20100212, 0000,  , TS, 13.0S, 166.5W,  55,  982,   40,   40,   40,   35,   20,   20,   20,   20,    0,    0,    0,    0, -999
20100212, 0600,  , TS, 13.3S, 166.8W,  60,  978,   60,   55,   60,   60,   25,   25,   30,   30,    0,    0,    0,    0, -999
20100212, 1200,  , TS, 13.8S, 167.3W,  60,  978,   65,   60,   65,   65,   35,   35,   35,   35,    0,    0,    0,    0, -999
20100212, 1800,  , HU, 13.9S, 168.0W,  65,  974,   65,   60,   65,   65,   35,   35,   35,   35,    0,    0,    0,    0, -999
20100213, 0000,  , HU, 13.9S, 168.7W,  70,  970,   65,   65,   70,   70,   35,   40,   35,   40,   10,   10,   10,   10, -999
20100213, 0600,  , HU, 13.9S, 169.2W,  80,  963,   65,   65,   70,   70,   35,   40,   35,   40,   10,   10,   10,   10, -999
20100213, 1200,  , HU, 14.8S, 169.6W,  90,  956,   55,   60,   65,   55,   40,   40,   40,   40,   20,   20,   20,   20, -999
20100213, 1800,  , HU, 15.8S, 170.1W, 100,  948,   60,   65,   70,   60,   45,   45,   45,   45,   25,   25,   25,   25, -999
20100214, 0000,  , HU, 16.6S, 171.1W, 100,  948,   60,   65,   70,   60,   45,   45,   45,   45,   25,   25,   25,   25, -999
20100214, 0600,  , HU, 17.2S, 172.1W,  95,  952,   60,   65,   70,   60,   45,   45,   45,   45,   25,   25,   25,   25, -999
20100214, 1200,  , HU, 17.8S, 173.1W,  90,  956,   60,   65,   70,   60,   45,   45,   45,   45,   25,   25,   25,   25, -999
20100214, 1800,  , HU, 18.7S, 173.8W,  90,  956,   50,   55,   60,   50,   35,   35,   35,   35,   20,   20,   20,   20, -999
20100215, 0000,  , HU, 19.7S, 174.4W,  80,  963,   45,   50,   55,   45,   30,   30,   30,   30,   15,   15,   15,   15, -999
20100215, 0600,  , HU, 20.9S, 175.0W,  80,  963,   45,   50,   55,   45,   30,   30,   30,   30,   15,   15,   15,   15, -999
20100215, 1200,  , HU, 21.8S, 176.0W,  70,  970,   55,   65,   65,   55,   30,   30,   30,   30,   15,   15,   15,   15, -999
20100215, 1800,  , TS, 22.6S, 177.2W,  60,  978,   85,   90,   90,   80,   45,   50,   50,   45,    0,    0,    0,    0, -999
20100216, 0000,  , TS, 23.8S, 178.1W,  50,  985,   75,   80,   80,   70,    0,    0,    0,    0,    0,    0,    0,    0, -999
20100216, 0600,  , TS, 24.3S, 179.6W,  45,  989,   70,   75,   75,   65,    0,    0,    0,    0,    0,    0,    0,    0, -999
20100216, 1200,  , TS, 25.1S, 179.2E,  40,  993,   60,   65,   65,   55,    0,    0,    0,    0,    0,    0,    0,    0, -999
20100216, 1800,  , TS, 25.9S, 178.1E,  35,  996,   60,   65,   65,   55,    0,    0,    0,    0,    0,    0,    0,    0, -999
20100217, 0000,  , TD, 26.3S, 176.9E,  30, 1000,    0,    0,    0,    0,    0,    0,    0,    0,    0,    0,    0,    0, -999
20100217, 0600,  , TD, 26.7S, 176.1E,  30, 1000,    0,    0,    0,    0,    0,    0,    0,    0,    0,    0,    0,    0, -999
20100217, 1200,  , TD, 27.4S, 175.9E,  30, 1000,    0,    0,    0,    0,    0,    0,    0,    0,    0,    0,    0,    0, -999
20100217, 1800,  , TD, 28.3S, 175.4E,  25, 1004,    0,    0,    0,    0,    0,    0,    0,    0,    0,    0,    0,    0, -999
20100218, 0000,  , TD, 29.4S, 175.4E,  25, 1004,    0,    0,    0,    0,    0,    0,    0,    0,    0,    0,    0,    0, -999
20100218, 0600,  , TD, 30.3S, 175.8E,  25, 1004,    0,    0,    0,    0,    0,    0,    0,    0,    0,    0,    0,    0, -999
20100218, 1200,  , EX, 31.4S, 177.2E,  20, 1007,    0,    0,    0,    0,    0,    0,    0,    0,    0,    0,    0,    0, -999
20100218, 1800,  , TD, 32.8S, 179.5E,  20, 1007,    0,    0,    0,    0,    0,    0,    0,    0,    0,    0,    0,    0, -999
