SH152018,             MARCUS,     42,
20180314, 1800,  , TD,  9.1S, 129.9E,  25, 1007,    0,    0,    0,    0,    0,    0,    0,    0,    0,    0,    0,    0, -999
20180315, 0000,  , TD,  9.1S, 130.6E,  25, 1007,    0,    0,    0,    0,    0,    0,    0,    0,    0,    0,    0,    0, -999
20180315, 0600,  , TD,  9.2S, 131.3E,  30, 1006,    0,    0,    0,    0,    0,    0,    0,    0,    0,    0,    0,    0, -999
20180315, 1200,  , TS,  9.3S, 132.0E,  35, 1004,   70,   70,   70,   70,    0,    0,    0,    0,    0,    0,    0,    0, -999
20180315, 1800,  , TS,  9.8S, 132.4E,  45,  999,   70,   70,   80,   80,    0,    0,    0,    0,    0,    0,    0,    0, -999
20180316, 0000,  , TS, 10.3S, 132.5E,  50,  996,   70,   70,   80,   80,   29,   29,   36,   36,    0,    0,    0,    0, -999
20180316, 0600,  , TS, 10.9S, 132.3E,  50,  996,   70,   70,   80,   80,   29,   29,   36,   36,    0,    0,    0,    0, -999
20180316, 1200,  , TS, 11.3S, 132.0E,  50,  995,   70,   70,   80,   80,   29,   29,   36,   36,    0,    0,    0,    0, -999
20180316, 1800,  , TS, 11.7S, 131.7E,  55,  992,   80,   90,   80,   90,   36,   42,   36,   42,    0,    0,    0,    0, -999
20180317, 0000,  , TS, 12.4S, 131.0E,  60,  989,   80,   90,   80,   90,   36,   43,   36,   43,    0,    0,    0,    0, -999
20180317, 0600,  , TS, 13.0S, 130.1E,  50,  995,   80,   90,   90,   90,   36,   42,   42,   42,    0,    0,    0,    0, -999
20180317, 1200,  , TS, 13.5S, 129.4E,  55,  993,   80,   90,   90,   90,   36,   42,   42,   42,    0,    0,    0,    0, -999
20180317, 1800,  , HU, 13.9S, 128.7E,  65,  986,   80,   90,   90,   90,   37,   43,   43,   43,   18,   22,   22,   22, -999
20180318, 0000,  , HU, 14.3S, 127.8E,  70,  984,   80,   90,   90,   90,   37,   43,   43,   43,   18,   22,   22,   22, -999
20180318, 0600,  , TS, 14.6S, 126.6E,  60,  989,   80,   90,   90,   90,   36,   43,   43,   43,    0,    0,    0,    0, -999
20180318, 1200,  , TS, 14.8S, 125.4E,  55,  992,   80,   90,   90,  100,   36,   42,   42,   49,    0,    0,    0,    0, -999
20180318, 1800,  , HU, 14.9S, 124.2E,  65,  988,   80,  100,   90,  100,   37,   49,   43,   49,   18,   25,   22,   25, -999
20180319, 0000,  , HU, 14.9S, 123.5E,  70,  985,   90,  100,   90,  100,   43,   49,   43,   49,   22,   25,   22,   25, -999
20180319, 0600,  , HU, 15.4S, 122.6E,  85,  972,  100,  110,  110,  100,   50,   57,   57,   50,   26,   30,   30,   26, -999
20180319, 1200,  , HU, 15.5S, 121.2E,  95,  963,  110,  120,  130,  100,   57,   63,   70,   51,   30,   34,   37,   27, -999
20180319, 1800,  , HU, 15.1S, 119.8E, 100,  960,  120,  140,  150,  100,   64,   76,   83,   51,   34,   41,   44,   27, -999
20180320, 0000,  , HU, 15.1S, 118.4E, 100,  959,  130,  160,  150,  110,   70,   89,   83,   57,   37,   48,   44,   30, -999
20180320, 0600,  , HU, 14.6S, 116.9E, 105,  957,  130,  160,  160,  110,   70,   89,   89,   58,   37,   48,   48,   30, -999
20180320, 1200,  , HU, 14.5S, 115.3E, 115,  947,  130,  160,  160,  120,   71,   90,   90,   64,   38,   48,   48,   34, -999
20180320, 1800,  , HU, 14.5S, 113.7E, 120,  941,  130,  160,  160,  120,   71,   90,   90,   65,   38,   49,   49,   35, -999
20180321, 0000,  , HU, 14.4S, 112.3E, 125,  935,  140,  170,  170,  130,   78,   96,   96,   71,   42,   52,   52,   38, -999
20180321, 0600,  , XX, 14.7S, 110.9E, 130,  930,  140,  180,  170,  130,   78,  103,   97,   72,   42,   56,   52,   38, -999
20180321, 1200,  , XX, 15.0S, 109.6E, 140,  918,  150,  190,  170,  140,   85,  110,   97,   78,   46,   60,   53,   42, -999
20180321, 1800,  , XX, 15.5S, 108.3E, 150,  906,  160,  190,  170,  140,   91,  110,   98,   79,   50,   60,   53,   43, -999
20180322, 0000,  , XX, 15.9S, 107.4E, 140,  917,  170,  200,  180,  140,   97,  116,  104,   78,   53,   63,   56,   42, -999
20180322, 0600,  , XX, 16.6S, 106.6E, 135,  922,  170,  200,  180,  140,   97,  116,  103,   78,   53,   63,   56,   42, -999
20180322, 1200,  , HU, 17.6S, 106.3E, 125,  932,  170,  200,  180,  140,   96,  115,  103,   78,   52,   63,   56,   42, -999
20180322, 1800,  , HU, 18.7S, 106.0E, 115,  943,  180,  200,  180,  150,  102,  115,  102,   83,   55,   62,   55,   45, -999
20180323, 0000,  , HU, 19.9S, 105.8E, 105,  951,  190,  200,  180,  160,  108,  114,  102,   89,   58,   62,   55,   48, -999
20180323, 0600,  , HU, 21.3S, 105.7E,  95,  958,  190,  200,  180,  160,  107,  114,  101,   89,   58,   62,   55,   48, -999
20180323, 1200,  , HU, 22.2S, 106.0E,  80,  968,  190,  200,  170,  140,  107,  113,   94,   75,   57,   61,   50,   40, -999
20180323, 1800,  , HU, 23.7S, 106.6E,  70,  975,  180,  190,  160,  130,  100,  106,   87,   68,   53,   57,   46,   36, -999
20180324, 0000,  , TS, 25.3S, 107.3E,  60,  981,  160,  190,  150,  130,   87,  106,   80,   68,    0,    0,    0,    0, -999
20180324, 0600,  , TS, 26.8S, 107.6E,  50,  983,  150,  180,  140,  130,   80,   99,   74,   67,    0,    0,    0,    0, -999
20180324, 1200,  , TS, 27.3S, 107.7E,  45,  990,  120,  140,  120,  110,    0,    0,    0,    0,    0,    0,    0,    0, -999
20180324, 1800,  , TS, 28.2S, 108.1E,  35,  996,   90,  110,   90,   80,    0,    0,    0,    0,    0,    0,    0,    0, -999
20180325, 0000,  , XX, 28.8S, 108.4E,  30,  999,    0,    0,    0,    0,    0,    0,    0,    0,    0,    0,    0,    0, -999
