SH162022,            UNNAMED,     12,
20220225, 0000,  , TD, 11.8S,  87.9E,  25, 1004,    0,    0,    0,    0,    0,    0,    0,    0,    0,    0,    0,    0, -999
20220225, 0600,  , TD, 11.6S,  88.3E,  25, 1004,    0,    0,    0,    0,    0,    0,    0,    0,    0,    0,    0,    0, -999
20220225, 1200,  , TD, 11.4S,  88.8E,  30, 1001,    0,    0,    0,    0,    0,    0,    0,    0,    0,    0,    0,    0, -999
20220225, 1800,  , TS, 11.3S,  89.1E,  35,  996,   70,   40,   55,   70,    0,    0,    0,    0,    0,    0,    0,    0, -999
20220226, 0000,  , TS, 11.1S,  89.6E,  40,  997,   55,   40,   55,   70,    0,    0,    0,    0,    0,    0,    0,    0, -999
20220226, 0600,  , TS, 11.1S,  90.7E,  45,  989,   55,   40,   55,   70,    0,    0,    0,    0,    0,    0,    0,    0, -999
20220226, 1200,  , TS, 12.2S,  91.8E,  35,  999,   55,   45,   55,   65,    0,    0,    0,    0,    0,    0,    0,    0, -999
20220226, 1800,  , TD, 13.5S,  91.7E,  30, 1000,    0,    0,    0,    0,    0,    0,    0,    0,    0,    0,    0,    0, -999
20220227, 0000,  , TD, 14.5S,  90.6E,  30, 1000,    0,    0,    0,    0,    0,    0,    0,    0,    0,    0,    0,    0, -999
20220227, 0600,  , TD, 15.0S,  89.2E,  25, 1001,    0,    0,    0,    0,    0,    0,    0,    0,    0,    0,    0,    0, -999
20220227, 1200,  , TD, 14.7S,  87.6E,  25, 1004,    0,    0,    0,    0,    0,    0,    0,    0,    0,    0,    0,    0, -999
20220227, 1800,  , DB, 13.0S,  87.9E,  20, 1005,    0,    0,    0,    0,    0,    0,    0,    0,    0,    0,    0,    0, -999
