SH161984,            UNNAMED,     33,
19840122, 0600,  , LO,  7.9S,  85.5E,  25,    0,    0,    0,    0,    0,    0,    0,    0,    0,    0,    0,    0,    0, -999
19840122, 1200,  , LO,  8.1S,  86.8E,  25,    0,    0,    0,    0,    0,    0,    0,    0,    0,    0,    0,    0,    0, -999
19840122, 1800,  , LO,  8.5S,  88.1E,  25,    0,    0,    0,    0,    0,    0,    0,    0,    0,    0,    0,    0,    0, -999
19840123, 0000,  , LO,  9.0S,  89.3E,  25,    0,    0,    0,    0,    0,    0,    0,    0,    0,    0,    0,    0,    0, -999
19840123, 0600,  , LO,  9.7S,  90.4E,  25,    0,    0,    0,    0,    0,    0,    0,    0,    0,    0,    0,    0,    0, -999
19840123, 1200,  , LO, 10.6S,  91.0E,  25,    0,    0,    0,    0,    0,    0,    0,    0,    0,    0,    0,    0,    0, -999
19840123, 1800,  , LO, 11.6S,  90.9E,  25,    0,    0,    0,    0,    0,    0,    0,    0,    0,    0,    0,    0,    0, -999
19840124, 0000,  , LO, 12.5S,  90.5E,  25,    0,    0,    0,    0,    0,    0,    0,    0,    0,    0,    0,    0,    0, -999
19840124, 0600,  , LO, 13.4S,  89.9E,  30,    0,    0,    0,    0,    0,    0,    0,    0,    0,    0,    0,    0,    0, -999
19840124, 1200,  , LO, 14.0S,  89.2E,  30,    0,    0,    0,    0,    0,    0,    0,    0,    0,    0,    0,    0,    0, -999
19840124, 1800,  , TS, 14.3S,  88.4E,  35,    0,    0,    0,    0,    0,    0,    0,    0,    0,    0,    0,    0,    0, -999
19840125, 0000,  , TS, 14.7S,  87.5E,  35,    0,    0,    0,    0,    0,    0,    0,    0,    0,    0,    0,    0,    0, -999
19840125, 0600,  , TS, 14.9S,  86.6E,  40,    0,    0,    0,    0,    0,    0,    0,    0,    0,    0,    0,    0,    0, -999
19840125, 1200,  , TS, 14.9S,  85.8E,  40,    0,    0,    0,    0,    0,    0,    0,    0,    0,    0,    0,    0,    0, -999
19840125, 1800,  , TS, 14.9S,  85.0E,  45,    0,    0,    0,    0,    0,    0,    0,    0,    0,    0,    0,    0,    0, -999
19840126, 0000,  , TS, 14.9S,  84.3E,  50,    0,    0,    0,    0,    0,    0,    0,    0,    0,    0,    0,    0,    0, -999
19840126, 0600,  , TS, 14.9S,  83.6E,  55,    0,    0,    0,    0,    0,    0,    0,    0,    0,    0,    0,    0,    0, -999
19840126, 1200,  , TS, 14.9S,  82.8E,  60,    0,    0,    0,    0,    0,    0,    0,    0,    0,    0,    0,    0,    0, -999
19840126, 1800,  , HU, 15.0S,  82.1E,  65,    0,    0,    0,    0,    0,    0,    0,    0,    0,    0,    0,    0,    0, -999
19840127, 0000,  , HU, 15.1S,  81.4E,  70,    0,    0,    0,    0,    0,    0,    0,    0,    0,    0,    0,    0,    0, -999
19840127, 0600,  , HU, 15.2S,  80.7E,  75,    0,    0,    0,    0,    0,    0,    0,    0,    0,    0,    0,    0,    0, -999
19840127, 1200,  , HU, 15.5S,  80.0E,  75,    0,    0,    0,    0,    0,    0,    0,    0,    0,    0,    0,    0,    0, -999
19840127, 1800,  , HU, 15.8S,  79.2E,  70,    0,    0,    0,    0,    0,    0,    0,    0,    0,    0,    0,    0,    0, -999
19840128, 0000,  , HU, 16.1S,  78.2E,  65,    0,    0,    0,    0,    0,    0,    0,    0,    0,    0,    0,    0,    0, -999
19840128, 0600,  , TS, 16.3S,  77.2E,  60,    0,    0,    0,    0,    0,    0,    0,    0,    0,    0,    0,    0,    0, -999
19840128, 1200,  , TS, 16.5S,  76.2E,  60,    0,    0,    0,    0,    0,    0,    0,    0,    0,    0,    0,    0,    0, -999
19840128, 1800,  , TS, 16.7S,  75.2E,  55,    0,    0,    0,    0,    0,    0,    0,    0,    0,    0,    0,    0,    0, -999
19840129, 0000,  , TS, 17.1S,  74.2E,  50,    0,    0,    0,    0,    0,    0,    0,    0,    0,    0,    0,    0,    0, -999
19840129, 0600,  , TS, 17.8S,  73.1E,  45,    0,    0,    0,    0,    0,    0,    0,    0,    0,    0,    0,    0,    0, -999
19840129, 1200,  , TS, 18.6S,  72.0E,  45,    0,    0,    0,    0,    0,    0,    0,    0,    0,    0,    0,    0,    0, -999
19840129, 1800,  , TS, 19.4S,  70.7E,  40,    0,    0,    0,    0,    0,    0,    0,    0,    0,    0,    0,    0,    0, -999
19840130, 0000,  , TS, 19.9S,  69.3E,  35,    0,    0,    0,    0,    0,    0,    0,    0,    0,    0,    0,    0,    0, -999
19840130, 0600,  , LO, 20.3S,  67.6E,  30,    0,    0,    0,    0,    0,    0,    0,    0,    0,    0,    0,    0,    0, -999
