SH162021,               BINA,     14,
20210129, 0000,  , DB, 14.0S, 162.4E,  20, 1007,    0,    0,    0,    0,    0,    0,    0,    0,    0,    0,    0,    0, -999
20210129, 0600,  , TD, 13.8S, 163.0E,  25, 1004,    0,    0,    0,    0,    0,    0,    0,    0,    0,    0,    0,    0, -999
20210129, 1200,  , TD, 13.4S, 163.5E,  25,  999,    0,    0,    0,    0,    0,    0,    0,    0,    0,    0,    0,    0, -999
20210129, 1800,  , TD, 13.2S, 164.5E,  25, 1000,    0,    0,    0,    0,    0,    0,    0,    0,    0,    0,    0,    0, -999
20210130, 0000,  , TD, 12.9S, 166.1E,  25, 1000,    0,    0,    0,    0,    0,    0,    0,    0,    0,    0,    0,    0, -999
20210130, 0600,  , TD, 12.8S, 166.8E,  25,  999,    0,    0,    0,    0,    0,    0,    0,    0,    0,    0,    0,    0, -999
20210130, 1200,  , TD, 12.1S, 169.1E,  30,  998,    0,    0,    0,    0,    0,    0,    0,    0,    0,    0,    0,    0, -999
20210130, 1800,  , TS, 11.6S, 171.3E,  45,  990,   95,   20,    0,   20,    0,    0,    0,    0,    0,    0,    0,    0, -999
20210131, 0000,  , TS, 11.9S, 172.6E,  45,  991,   95,   25,    0,   65,    0,    0,    0,    0,    0,    0,    0,    0, -999
20210131, 0600,  , TS, 12.6S, 174.0E,  50,  988,   60,   20,   15,   40,   30,   10,   10,   20,    0,    0,    0,    0, -999
20210131, 1200,  , TS, 13.4S, 175.1E,  45,  993,   60,   20,   15,   50,    0,    0,    0,    0,    0,    0,    0,    0, -999
20210131, 1800,  , TS, 14.1S, 175.9E,  35,  994,  160,  185,    0,    0,    0,    0,    0,    0,    0,    0,    0,    0, -999
20210201, 0000,  , TD, 16.2S, 178.2E,  30,  997,    0,    0,    0,    0,    0,    0,    0,    0,    0,    0,    0,    0, -999
20210201, 0600,  , DB, 17.3S, 179.6E,  20,  998,    0,    0,    0,    0,    0,    0,    0,    0,    0,    0,    0,    0, -999
