SH172012,                LUA,     27,
20120311, 0600,  , DB, 19.0S, 113.4E,  20, 1007,    0,    0,    0,    0,    0,    0,    0,    0,    0,    0,    0,    0, -999
20120311, 1200,  , DB, 18.9S, 114.1E,  20, 1007,    0,    0,    0,    0,    0,    0,    0,    0,    0,    0,    0,    0, -999
20120311, 1800,  , TD, 18.8S, 114.7E,  25, 1004,    0,    0,    0,    0,    0,    0,    0,    0,    0,    0,    0,    0, -999
20120312, 0000,  , TD, 18.4S, 115.0E,  25, 1004,    0,    0,    0,    0,    0,    0,    0,    0,    0,    0,    0,    0, -999
20120312, 0600,  , TD, 18.4S, 115.2E,  25, 1004,    0,    0,    0,    0,    0,    0,    0,    0,    0,    0,    0,    0, -999
20120312, 1200,  , TD, 18.6S, 115.2E,  30, 1000,    0,    0,    0,    0,    0,    0,    0,    0,    0,    0,    0,    0, -999
20120312, 1800,  , TD, 18.6S, 115.1E,  30, 1000,    0,    0,    0,    0,    0,    0,    0,    0,    0,    0,    0,    0, -999
20120313, 0000,  , TD, 18.6S, 115.0E,  30, 1000,    0,    0,    0,    0,    0,    0,    0,    0,    0,    0,    0,    0, -999
20120313, 0600,  , TS, 18.6S, 114.6E,  35, 1000,    0,    0,    0,    0,    0,    0,    0,    0,    0,    0,    0,    0, -999
20120313, 1200,  , TS, 18.2S, 113.9E,  35,  996,    0,    0,    0,    0,    0,    0,    0,    0,    0,    0,    0,    0, -999
20120313, 1800,  , TS, 17.4S, 113.3E,  35,  996,    0,    0,    0,    0,    0,    0,    0,    0,    0,    0,    0,    0, -999
20120314, 0000,  , TS, 16.8S, 112.7E,  45,  989,    0,    0,    0,    0,    0,    0,    0,    0,    0,    0,    0,    0, -999
20120314, 0600,  , TS, 16.1S, 112.6E,  45,  989,   70,   50,   50,   70,    0,    0,    0,    0,    0,    0,    0,    0, -999
20120314, 1200,  , TS, 15.7S, 112.8E,  55,  982,   70,   50,   50,   70,   30,   30,   30,   30,    0,    0,    0,    0, -999
20120314, 1800,  , TS, 15.5S, 112.9E,  60,  978,   70,   50,   50,   70,   35,   35,   35,   35,    0,    0,    0,    0, -999
20120315, 0000,  , TS, 15.5S, 113.1E,  60,  978,   70,   70,   80,   90,   35,   35,   35,   35,    0,    0,    0,    0, -999
20120315, 0600,  , HU, 15.5S, 113.0E,  65,  974,  100,   80,   80,  100,   40,   40,   40,   40,    0,    0,    0,    0, -999
20120315, 1200,  , HU, 15.3S, 113.6E,  65,  974,  100,   80,   80,  100,   40,   40,   40,   40,   25,   25,   25,   25, -999
20120315, 1800,  , HU, 15.6S, 114.6E,  70,  970,  145,  120,  140,  160,   60,   50,   60,   70,   30,   30,   30,   30, -999
20120316, 0000,  , HU, 16.1S, 115.9E,  75,  967,  145,  120,  140,  160,   60,   50,   60,   70,   30,   30,   30,   30, -999
20120316, 0600,  , HU, 16.4S, 116.7E,  75,  967,  145,  120,  140,  160,   60,   50,   60,   70,   30,   30,   30,   30, -999
20120316, 1200,  , HU, 16.8S, 117.8E,  90,  956,  145,  120,  140,  160,   60,   50,   60,   70,   30,   30,   30,   30, -999
20120316, 1800,  , HU, 17.7S, 118.9E,  90,  956,  150,  140,  180,  180,   60,   60,   70,   70,   25,   25,   25,   25, -999
20120317, 0000,  , HU, 18.6S, 119.7E,  95,  952,  160,  110,  130,  180,   90,   60,   60,   90,   30,   30,   30,   30, -999
20120317, 0600,  , HU, 19.8S, 120.0E,  95,  952,  170,   60,   60,  170,   70,   40,   40,   70,   25,   25,   25,   25, -999
20120317, 1200,  , TS, 21.5S, 120.4E,  60,  978,  170,   60,   60,  170,   70,   40,   40,   70,    0,    0,    0,    0, -999
20120317, 1800,  , TS, 23.4S, 121.0E,  35,  996,  170,   60,   60,  170,    0,    0,    0,    0,    0,    0,    0,    0, -999
