SH171986,            UNNAMED,     15,
19860207, 0600,  , LO, 12.9S, 158.0E,  20,    0,    0,    0,    0,    0,    0,    0,    0,    0,    0,    0,    0,    0, -999
19860207, 1200,  , LO, 14.1S, 159.4E,  20,    0,    0,    0,    0,    0,    0,    0,    0,    0,    0,    0,    0,    0, -999
19860207, 1800,  , LO, 15.1S, 160.9E,  20,    0,    0,    0,    0,    0,    0,    0,    0,    0,    0,    0,    0,    0, -999
19860208, 0000,  , LO, 16.0S, 162.5E,  20,    0,    0,    0,    0,    0,    0,    0,    0,    0,    0,    0,    0,    0, -999
19860208, 0600,  , LO, 16.8S, 164.1E,  25,    0,    0,    0,    0,    0,    0,    0,    0,    0,    0,    0,    0,    0, -999
19860208, 1200,  , LO, 17.9S, 165.8E,  30,    0,    0,    0,    0,    0,    0,    0,    0,    0,    0,    0,    0,    0, -999
19860208, 1800,  , TS, 18.9S, 167.7E,  40,    0,    0,    0,    0,    0,    0,    0,    0,    0,    0,    0,    0,    0, -999
19860209, 0000,  , TS, 19.5S, 169.9E,  45,    0,    0,    0,    0,    0,    0,    0,    0,    0,    0,    0,    0,    0, -999
19860209, 0600,  , TS, 19.8S, 172.2E,  45,    0,    0,    0,    0,    0,    0,    0,    0,    0,    0,    0,    0,    0, -999
19860209, 1200,  , TS, 19.9S, 174.4E,  45,    0,    0,    0,    0,    0,    0,    0,    0,    0,    0,    0,    0,    0, -999
19860209, 1800,  , TS, 20.0S, 176.5E,  45,    0,    0,    0,    0,    0,    0,    0,    0,    0,    0,    0,    0,    0, -999
19860210, 0000,  , TS, 20.1S, 177.8E,  40,    0,    0,    0,    0,    0,    0,    0,    0,    0,    0,    0,    0,    0, -999
19860210, 0600,  , TS, 20.2S, 179.0E,  35,    0,    0,    0,    0,    0,    0,    0,    0,    0,    0,    0,    0,    0, -999
19860210, 1200,  , LO, 20.6S, 179.1W,  30,    0,    0,    0,    0,    0,    0,    0,    0,    0,    0,    0,    0,    0, -999
19860210, 1800,  , LO, 21.4S, 176.9W,  30,    0,    0,    0,    0,    0,    0,    0,    0,    0,    0,    0,    0,    0, -999
