SH172017,            FRANCES,     19,
20170426, 0600,  , DB,  7.6S, 132.2E,  20, 1007,    0,    0,    0,    0,    0,    0,    0,    0,    0,    0,    0,    0, -999
20170426, 1200,  , TD,  8.4S, 131.7E,  25, 1004,    0,    0,    0,    0,    0,    0,    0,    0,    0,    0,    0,    0, -999
20170426, 1800,  , TD,  9.1S, 131.1E,  30, 1005,    0,    0,    0,    0,    0,    0,    0,    0,    0,    0,    0,    0, -999
20170427, 0000,  , TS,  9.8S, 130.3E,  35, 1005,   45,   65,   60,   40,    0,    0,    0,    0,    0,    0,    0,    0, -999
20170427, 0600,  , TS, 10.3S, 129.3E,  40, 1004,   40,   65,   60,   45,    0,    0,    0,    0,    0,    0,    0,    0, -999
20170427, 1200,  , TS, 10.6S, 128.3E,  50,  985,   50,   90,  100,   50,    0,    0,    0,    0,    0,    0,    0,    0, -999
20170427, 1800,  , TS, 11.0S, 127.5E,  55,  982,   50,   90,  100,   50,    0,   20,   25,    0,    0,    0,    0,    0, -999
20170428, 0000,  , TS, 11.4S, 126.4E,  60,  978,   50,   90,  100,   50,    0,   20,   25,    0,    0,    0,    0,    0, -999
20170428, 0600,  , HU, 11.8S, 125.6E,  65,  974,   60,   90,   90,   50,   25,   25,   30,   25,   20,   20,   20,   20, -999
20170428, 1200,  , HU, 12.2S, 125.0E,  75,  967,   60,   90,   90,   50,   25,   30,   25,   20,   10,   15,   10,   10, -999
20170428, 1800,  , HU, 12.6S, 124.4E,  80,  963,   60,   90,   90,   50,   25,   30,   25,   20,   10,   15,   10,   10, -999
20170429, 0000,  , HU, 12.8S, 123.9E,  70,  985,   60,   90,   90,   50,   25,   30,   25,   20,   10,   15,   10,   10, -999
20170429, 0600,  , TS, 12.9S, 123.6E,  60,  978,   60,   90,   90,   50,   25,   30,   25,   20,    0,    0,    0,    0, -999
20170429, 1200,  , TS, 12.9S, 123.2E,  50,  985,   60,   90,   90,   50,   25,   30,   25,   20,    0,    0,    0,    0, -999
20170429, 1800,  , TS, 13.1S, 122.7E,  45,  989,   30,   55,   65,   30,    0,    0,    0,    0,    0,    0,    0,    0, -999
20170430, 0000,  , TS, 13.3S, 122.3E,  35,  996,   10,   45,   50,   10,    0,    0,    0,    0,    0,    0,    0,    0, -999
20170430, 0600,  , TD, 13.4S, 122.0E,  30, 1000,    0,    0,    0,    0,    0,    0,    0,    0,    0,    0,    0,    0, -999
20170430, 1200,  , TD, 13.6S, 121.8E,  25, 1004,    0,    0,    0,    0,    0,    0,    0,    0,    0,    0,    0,    0, -999
20170430, 1800,  , DB, 13.9S, 121.8E,  20, 1007,    0,    0,    0,    0,    0,    0,    0,    0,    0,    0,    0,    0, -999
