SH172018,               IRIS,     70,
20180322, 1800,  , LO, 12.3S, 164.0E,  25, 1004,    0,    0,    0,    0,    0,    0,    0,    0,    0,    0,    0,    0, -999
20180323, 0000,  , LO, 12.8S, 163.5E,  25, 1004,    0,    0,    0,    0,    0,    0,    0,    0,    0,    0,    0,    0, -999
20180323, 0600,  , TD, 13.3S, 162.9E,  25, 1004,    0,    0,    0,    0,    0,    0,    0,    0,    0,    0,    0,    0, -999
20180323, 1200,  , TD, 13.5S, 162.1E,  25, 1004,    0,    0,    0,    0,    0,    0,    0,    0,    0,    0,    0,    0, -999
20180323, 1800,  , TD, 13.8S, 161.2E,  30, 1002,    0,    0,    0,    0,    0,    0,    0,    0,    0,    0,    0,    0, -999
20180324, 0000,  , TD, 14.1S, 160.5E,  30, 1002,    0,    0,    0,    0,    0,    0,    0,    0,    0,    0,    0,    0, -999
20180324, 0600,  , TD, 14.4S, 159.9E,  30, 1002,    0,    0,    0,    0,    0,    0,    0,    0,    0,    0,    0,    0, -999
20180324, 1200,  , TD, 14.5S, 159.4E,  30, 1000,    0,    0,    0,    0,    0,    0,    0,    0,    0,    0,    0,    0, -999
20180324, 1800,  , TD, 14.6S, 158.8E,  30, 1000,    0,    0,    0,    0,    0,    0,    0,    0,    0,    0,    0,    0, -999
20180325, 0000,  , TD, 14.5S, 159.0E,  30, 1000,    0,    0,    0,    0,    0,    0,    0,    0,    0,    0,    0,    0, -999
20180325, 0600,  , TD, 14.9S, 158.9E,  30, 1000,    0,    0,    0,    0,    0,    0,    0,    0,    0,    0,    0,    0, -999
20180325, 1200,  , TD, 15.5S, 158.4E,  30, 1000,    0,    0,    0,    0,    0,    0,    0,    0,    0,    0,    0,    0, -999
20180325, 1800,  , TD, 16.1S, 158.3E,  30, 1000,    0,    0,    0,    0,    0,    0,    0,    0,    0,    0,    0,    0, -999
20180326, 0000,  , TD, 16.5S, 158.1E,  30, 1000,    0,    0,    0,    0,    0,    0,    0,    0,    0,    0,    0,    0, -999
20180326, 0600,  , TD, 17.2S, 158.0E,  30, 1000,    0,    0,    0,    0,    0,    0,    0,    0,    0,    0,    0,    0, -999
20180326, 1200,  , TD, 17.8S, 158.0E,  30, 1000,    0,    0,    0,    0,    0,    0,    0,    0,    0,    0,    0,    0, -999
20180326, 1800,  , TD, 18.4S, 158.0E,  25, 1004,    0,    0,    0,    0,    0,    0,    0,    0,    0,    0,    0,    0, -999
20180327, 0000,  , TD, 19.3S, 158.0E,  25, 1004,    0,    0,    0,    0,    0,    0,    0,    0,    0,    0,    0,    0, -999
20180327, 0600,  , TD, 20.2S, 158.3E,  25, 1004,    0,    0,    0,    0,    0,    0,    0,    0,    0,    0,    0,    0, -999
20180327, 1200,  , TD, 20.5S, 158.4E,  25, 1002,    0,    0,    0,    0,    0,    0,    0,    0,    0,    0,    0,    0, -999
20180327, 1800,  , TD, 21.5S, 158.9E,  25, 1002,    0,    0,    0,    0,    0,    0,    0,    0,    0,    0,    0,    0, -999
20180328, 0000,  , TD, 22.5S, 159.3E,  25, 1004,    0,    0,    0,    0,    0,    0,    0,    0,    0,    0,    0,    0, -999
20180328, 0600,  , TD, 22.7S, 159.3E,  25, 1004,    0,    0,    0,    0,    0,    0,    0,    0,    0,    0,    0,    0, -999
20180328, 1200,  , TD, 22.6S, 159.2E,  30, 1000,    0,    0,    0,    0,    0,    0,    0,    0,    0,    0,    0,    0, -999
20180328, 1800,  , TS, 22.5S, 158.1E,  35,  996,   60,  120,   90,   60,    0,    0,    0,    0,    0,    0,    0,    0, -999
20180329, 0000,  , XX, 22.3S, 156.4E,  40,  993,   60,  120,   90,   60,    0,    0,    0,    0,    0,    0,    0,    0, -999
20180329, 0300,  , XX, 21.8S, 155.6E,  40,  993,   60,  120,   90,   60,    0,    0,    0,    0,    0,    0,    0,    0, -999
20180329, 0600,  , XX, 21.0S, 155.5E,  35,  998,   80,  120,  120,  120,    0,    0,    0,    0,    0,    0,    0,    0, -999
20180329, 1200,  , XX, 20.1S, 155.6E,  30, 1000,    0,    0,    0,    0,    0,    0,    0,    0,    0,    0,    0,    0, -999
20180329, 1800,  , XX, 19.7S, 154.9E,  30, 1000,    0,    0,    0,    0,    0,    0,    0,    0,    0,    0,    0,    0, -999
20180330, 0000,  , XX, 19.2S, 154.1E,  30, 1000,    0,    0,    0,    0,    0,    0,    0,    0,    0,    0,    0,    0, -999
20180330, 0600,  , XX, 18.4S, 153.6E,  30, 1000,    0,    0,    0,    0,    0,    0,    0,    0,    0,    0,    0,    0, -999
20180330, 1200,  , XX, 17.5S, 152.9E,  30,  998,    0,    0,    0,    0,    0,    0,    0,    0,    0,    0,    0,    0, -999
20180330, 1800,  , TD, 16.8S, 151.8E,  30, 1000,    0,    0,    0,    0,    0,    0,    0,    0,    0,    0,    0,    0, -999
20180331, 0000,  , TD, 16.1S, 150.9E,  25, 1004,    0,    0,    0,    0,    0,    0,    0,    0,    0,    0,    0,    0, -999
20180331, 0600,  , TD, 15.6S, 150.2E,  25, 1004,    0,    0,    0,    0,    0,    0,    0,    0,    0,    0,    0,    0, -999
20180331, 1200,  , TD, 15.2S, 149.8E,  25, 1004,    0,    0,    0,    0,    0,    0,    0,    0,    0,    0,    0,    0, -999
20180331, 1800,  , TD, 15.0S, 149.3E,  25, 1004,    0,    0,    0,    0,    0,    0,    0,    0,    0,    0,    0,    0, -999
20180401, 0000,  , TD, 15.2S, 148.9E,  25, 1004,    0,    0,    0,    0,    0,    0,    0,    0,    0,    0,    0,    0, -999
20180401, 0600,  , TD, 15.4S, 149.0E,  25, 1004,    0,    0,    0,    0,    0,    0,    0,    0,    0,    0,    0,    0, -999
20180401, 0900,  , TD, 15.7S, 148.9E,  25, 1004,    0,    0,    0,    0,    0,    0,    0,    0,    0,    0,    0,    0, -999
20180401, 1200,  , TD, 15.9S, 148.6E,  30,  998,    0,    0,    0,    0,    0,    0,    0,    0,    0,    0,    0,    0, -999
20180401, 1800,  , TS, 16.6S, 148.3E,  35,  996,   40,   70,   70,   50,    0,    0,    0,    0,    0,    0,    0,    0, -999
20180402, 0000,  , TS, 16.8S, 148.6E,  35, 1000,   50,   80,   80,   80,    0,    0,    0,    0,    0,    0,    0,    0, -999
20180402, 0600,  , TS, 17.0S, 148.8E,  40,  995,   60,   90,   90,   80,    0,    0,    0,    0,    0,    0,    0,    0, -999
20180402, 1200,  , TS, 17.0S, 148.9E,  40,  996,   60,  110,  110,   80,    0,    0,    0,    0,    0,    0,    0,    0, -999
20180402, 1800,  , TS, 16.9S, 148.9E,  45,  993,   70,  120,  110,   80,    0,    0,    0,    0,    0,    0,    0,    0, -999
20180403, 0000,  , TS, 17.0S, 149.0E,  45,  993,   70,  120,  110,   80,    0,    0,    0,    0,    0,    0,    0,    0, -999
20180403, 0600,  , TS, 17.9S, 149.6E,  45,  994,   70,  120,  110,   80,    0,    0,    0,    0,    0,    0,    0,    0, -999
20180403, 1200,  , TS, 18.5S, 149.9E,  50,  993,   70,  120,  110,   90,   29,   61,   55,   42,    0,    0,    0,    0, -999
20180403, 1800,  , TS, 19.0S, 150.3E,  55,  988,   80,  120,  120,   90,   36,   61,   61,   42,    0,    0,    0,    0, -999
20180404, 0000,  , TS, 19.1S, 150.5E,  55,  987,   90,  130,  130,   90,   42,   68,   68,   42,    0,    0,    0,    0, -999
20180404, 0600,  , TS, 19.2S, 151.0E,  50,  990,   90,  130,  130,   90,   42,   67,   67,   42,    0,    0,    0,    0, -999
20180404, 1200,  , TS, 19.3S, 151.5E,  45,  993,   90,  150,  140,   90,    0,    0,    0,    0,    0,    0,    0,    0, -999
20180404, 1800,  , TS, 19.4S, 152.0E,  45,  992,   90,  150,  140,   90,    0,    0,    0,    0,    0,    0,    0,    0, -999
20180405, 0000,  , TS, 19.5S, 152.4E,  40,  996,   80,  140,  120,   80,    0,    0,    0,    0,    0,    0,    0,    0, -999
20180405, 0600,  , TS, 19.8S, 152.8E,  40,  995,   70,  140,  120,   70,    0,    0,    0,    0,    0,    0,    0,    0, -999
20180405, 1200,  , TS, 20.4S, 153.3E,  40,  993,   60,  170,  150,   60,    0,    0,    0,    0,    0,    0,    0,    0, -999
20180405, 1800,  , TS, 19.9S, 153.2E,  40,  993,   60,  170,  140,   60,    0,    0,    0,    0,    0,    0,    0,    0, -999
20180406, 0000,  , TS, 19.5S, 153.7E,  40,  993,   60,  130,   90,   60,    0,    0,    0,    0,    0,    0,    0,    0, -999
20180406, 0600,  , TS, 19.3S, 153.8E,  35,  996,   60,   90,   90,   60,    0,    0,    0,    0,    0,    0,    0,    0, -999
20180406, 1200,  , TD, 18.9S, 153.3E,  30, 1000,    0,    0,    0,    0,    0,    0,    0,    0,    0,    0,    0,    0, -999
20180406, 1800,  , TD, 18.3S, 153.1E,  25, 1004,    0,    0,    0,    0,    0,    0,    0,    0,    0,    0,    0,    0, -999
20180407, 0000,  , DB, 17.7S, 153.1E,  20, 1007,    0,    0,    0,    0,    0,    0,    0,    0,    0,    0,    0,    0, -999
20180407, 0600,  , DB, 17.1S, 153.1E,  20, 1006,    0,    0,    0,    0,    0,    0,    0,    0,    0,    0,    0,    0, -999
20180407, 1200,  , DB, 16.6S, 153.4E,  20, 1007,    0,    0,    0,    0,    0,    0,    0,    0,    0,    0,    0,    0, -999
20180407, 1800,  , DB, 16.2S, 153.7E,  20, 1007,    0,    0,    0,    0,    0,    0,    0,    0,    0,    0,    0,    0, -999
20180408, 0000,  , DB, 16.1S, 153.9E,  20, 1007,    0,    0,    0,    0,    0,    0,    0,    0,    0,    0,    0,    0, -999
20180408, 0600,  , DB, 15.7S, 154.1E,  20, 1007,    0,    0,    0,    0,    0,    0,    0,    0,    0,    0,    0,    0, -999
20180408, 1200,  , DB, 15.0S, 154.2E,  20, 1007,    0,    0,    0,    0,    0,    0,    0,    0,    0,    0,    0,    0, -999
