SH182015,             NATHAN,     64,
20150309, 1200,  , TD, 12.6S, 151.2E,  25, 1004,    0,    0,    0,    0,    0,    0,    0,    0,    0,    0,    0,    0, -999
20150309, 1800,  , TD, 12.7S, 150.3E,  30, 1000,    0,    0,    0,    0,    0,    0,    0,    0,    0,    0,    0,    0, -999
20150310, 0000,  , TS, 12.9S, 149.6E,  35,  996,    0,    0,    0,    0,    0,    0,    0,    0,    0,    0,    0,    0, -999
20150310, 0600,  , TS, 13.2S, 148.8E,  35,  996,    0,    0,    0,    0,    0,    0,    0,    0,    0,    0,    0,    0, -999
20150310, 1200,  , TS, 13.4S, 148.1E,  40,  993,   60,   45,   45,   60,    0,    0,    0,    0,    0,    0,    0,    0, -999
20150310, 1800,  , TS, 13.6S, 147.5E,  45,  989,   55,   50,   50,   55,    0,    0,    0,    0,    0,    0,    0,    0, -999
20150311, 0000,  , TS, 13.7S, 146.8E,  45,  989,   55,   50,   50,   55,    0,    0,    0,    0,    0,    0,    0,    0, -999
20150311, 0600,  , TS, 13.7S, 146.4E,  45,  989,   55,   50,   50,   55,    0,    0,    0,    0,    0,    0,    0,    0, -999
20150311, 1200,  , TS, 13.7S, 146.0E,  50,  985,   55,   50,   50,   55,    0,    0,    0,    0,    0,    0,    0,    0, -999
20150311, 1800,  , TS, 13.8S, 145.8E,  55,  982,   55,   50,   50,   55,   25,   25,   25,   25,    0,    0,    0,    0, -999
20150311, 2100,  , TS, 14.0S, 145.6E,  55,  982,   55,   50,   50,   55,   25,   25,   25,   25,    0,    0,    0,    0, -999
20150312, 0000,  , TS, 14.0S, 145.3E,  55,  982,   55,   50,   50,   55,   25,   25,   25,   25,    0,    0,    0,    0, -999
20150312, 0600,  , TS, 13.9S, 145.1E,  55,  982,   55,   55,   55,   55,   25,   25,   25,   25,    0,    0,    0,    0, -999
20150312, 1200,  , TS, 13.6S, 145.0E,  55,  982,   55,   55,   55,   55,   25,   25,   25,   25,    0,    0,    0,    0, -999
20150312, 1800,  , TS, 13.5S, 145.0E,  55,  982,   55,   55,   55,   55,   25,   25,   25,   25,    0,    0,    0,    0, -999
20150313, 0000,  , TS, 13.4S, 145.1E,  55,  982,   65,   55,   55,   65,   25,   25,   25,   25,    0,    0,    0,    0, -999
20150313, 0600,  , TS, 13.3S, 145.1E,  55,  982,   65,   60,   60,   65,   25,   25,   25,   25,    0,    0,    0,    0, -999
20150313, 1200,  , TS, 13.1S, 145.1E,  55,  982,   65,   60,   60,   65,   25,   25,   25,   25,    0,    0,    0,    0, -999
20150313, 1800,  , TS, 13.1S, 145.3E,  50,  985,   65,   60,   60,   65,   25,   25,   25,   25,    0,    0,    0,    0, -999
20150314, 0000,  , TS, 13.2S, 145.5E,  45,  989,   65,   60,   60,   65,    0,    0,    0,    0,    0,    0,    0,    0, -999
20150314, 0600,  , TS, 13.1S, 146.2E,  45,  989,   75,   65,   70,   70,    0,    0,    0,    0,    0,    0,    0,    0, -999
20150314, 1200,  , TS, 13.2S, 146.9E,  40,  993,   75,   65,   70,   70,    0,    0,    0,    0,    0,    0,    0,    0, -999
20150314, 1800,  , TS, 13.3S, 147.5E,  40,  993,   75,   65,   65,   75,    0,    0,    0,    0,    0,    0,    0,    0, -999
20150315, 0000,  , TS, 13.4S, 148.5E,  45,  989,   75,   65,   65,   75,    0,    0,    0,    0,    0,    0,    0,    0, -999
20150315, 0600,  , TS, 13.5S, 149.1E,  45,  989,   75,   65,   65,   75,    0,    0,    0,    0,    0,    0,    0,    0, -999
20150315, 1200,  , TS, 13.6S, 149.5E,  45,  989,   75,   65,   65,   75,    0,    0,    0,    0,    0,    0,    0,    0, -999
20150315, 1800,  , TS, 13.7S, 149.7E,  50,  985,   75,   65,   65,   75,    0,    0,    0,    0,    0,    0,    0,    0, -999
20150316, 0000,  , TS, 13.9S, 149.9E,  55,  982,   75,   65,   65,   75,   30,   30,   30,   30,    0,    0,    0,    0, -999
20150316, 0600,  , TS, 14.0S, 149.9E,  50,  985,   85,   65,   65,   90,   20,   15,   15,   30,    0,    0,    0,    0, -999
20150316, 0900,  , TS, 14.1S, 149.9E,  50,  985,   85,   65,   65,   90,   20,   15,   15,   30,    0,    0,    0,    0, -999
20150316, 1200,  , TS, 14.2S, 149.8E,  45,  989,   85,   65,   65,   90,    0,    0,    0,    0,    0,    0,    0,    0, -999
20150316, 1500,  , TS, 14.2S, 149.7E,  45,  989,   85,   65,   65,   90,    0,    0,    0,    0,    0,    0,    0,    0, -999
20150316, 1800,  , TS, 14.3S, 149.6E,  45,  989,  100,   90,   90,  100,    0,    0,    0,    0,    0,    0,    0,    0, -999
20150317, 0000,  , TS, 14.5S, 149.7E,  45,  989,  100,   90,   90,  100,    0,    0,    0,    0,    0,    0,    0,    0, -999
20150317, 0600,  , TS, 14.7S, 149.7E,  40,  993,  100,   90,   90,  100,    0,    0,    0,    0,    0,    0,    0,    0, -999
20150317, 1200,  , TS, 14.9S, 149.7E,  40,  993,   75,   75,   80,   80,    0,    0,    0,    0,    0,    0,    0,    0, -999
20150317, 1800,  , TS, 15.0S, 149.4E,  45,  989,   75,   75,   80,   80,    0,    0,    0,    0,    0,    0,    0,    0, -999
20150318, 0000,  , TS, 15.0S, 149.2E,  50,  985,   75,   75,   80,   80,    0,    0,    0,    0,    0,    0,    0,    0, -999
20150318, 0600,  , HU, 14.9S, 149.1E,  65,  974,   85,   85,   90,   90,   30,   30,   30,   30,    0,    0,    0,    0, -999
20150318, 1200,  , HU, 14.8S, 148.8E,  75,  967,   95,   95,  100,  100,   40,   40,   45,   45,   25,   25,   25,   25, -999
20150318, 1800,  , HU, 14.7S, 148.1E,  80,  963,   95,  105,  110,  100,   40,   50,   50,   45,   25,   30,   30,   25, -999
20150319, 0000,  , HU, 14.7S, 147.4E,  85,  959,   55,   60,   55,   50,   30,   35,   30,   25,   20,   20,   20,   15, -999
20150319, 0600,  , HU, 14.7S, 146.9E,  90,  956,   65,   80,   70,   65,   40,   50,   50,   40,   25,   30,   30,   25, -999
20150319, 1200,  , HU, 14.8S, 146.0E,  95,  952,   45,   60,   60,   40,   25,   35,   30,   25,   15,   15,   15,   15, -999
20150319, 1800,  , HU, 14.7S, 145.1E, 100,  948,   70,   80,   55,   65,   45,   50,   40,   40,   25,   30,   25,   25, -999
20150320, 0000,  , HU, 14.5S, 144.2E,  80,  963,   65,   75,   50,   60,   40,   45,   35,   35,   20,   25,   20,   20, -999
20150320, 0600,  , HU, 14.5S, 143.2E,  65,  974,   65,   75,   50,   60,   40,   45,   35,   35,    0,    0,    0,    0, -999
20150320, 1200,  , TS, 14.3S, 142.3E,  50,  985,   65,   75,   50,   60,    0,    0,    0,    0,    0,    0,    0,    0, -999
20150320, 1800,  , TS, 13.9S, 141.3E,  40,  993,   65,   75,   50,   60,    0,    0,    0,    0,    0,    0,    0,    0, -999
20150321, 0000,  , TS, 13.7S, 140.2E,  45,  989,   65,   75,   50,   60,    0,    0,    0,    0,    0,    0,    0,    0, -999
20150321, 0600,  , TS, 13.6S, 139.3E,  50,  985,   65,   65,   75,   70,    0,    0,    0,    0,    0,    0,    0,    0, -999
20150321, 1200,  , TS, 13.4S, 138.4E,  55,  982,   75,   75,   85,   85,    0,    0,    0,    0,    0,    0,    0,    0, -999
20150321, 1800,  , TS, 13.0S, 137.6E,  60,  978,   75,   75,   85,   85,   10,   10,   10,   10,    0,    0,    0,    0, -999
20150322, 0000,  , HU, 12.7S, 136.8E,  65,  974,   75,   75,   85,   85,   10,   10,   10,   10,    0,    0,    0,    0, -999
20150322, 0600,  , HU, 12.2S, 136.0E,  65,  974,   75,   75,   85,   85,   10,   10,   10,   10,    0,    0,    0,    0, -999
20150322, 1200,  , TS, 11.8S, 135.7E,  60,  978,   75,   75,   85,   85,   10,   10,   10,   10,    0,    0,    0,    0, -999
20150322, 1500,  , HU, 11.6S, 135.5E,  65,  974,   75,   75,   85,   85,   10,   10,   10,   10,    0,    0,    0,    0, -999
20150322, 1800,  , HU, 11.7S, 135.2E,  65,  974,   55,   55,   65,   65,   15,   15,   15,   15,    0,    0,    0,    0, -999
20150323, 0000,  , HU, 11.6S, 134.7E,  65,  974,   55,   55,   65,   65,   15,   15,   15,   15,    0,    0,    0,    0, -999
20150323, 0600,  , HU, 11.5S, 134.4E,  65,  974,   55,   55,   70,   65,   25,   25,   25,   25,    0,    0,    0,    0, -999
20150323, 1200,  , TS, 11.5S, 133.8E,  55,  982,   45,   45,   60,   55,   20,   20,   20,   20,    0,    0,    0,    0, -999
20150323, 1800,  , TS, 11.8S, 133.4E,  50,  985,   45,   50,   55,   45,    0,    0,    0,    0,    0,    0,    0,    0, -999
20150324, 0000,  , TS, 12.1S, 132.9E,  35,  996,   45,   50,   55,   45,    0,    0,    0,    0,    0,    0,    0,    0, -999
20150324, 0600,  , TD, 12.4S, 132.4E,  30, 1000,    0,    0,    0,    0,    0,    0,    0,    0,    0,    0,    0,    0, -999
