SH182013,           EIGHTEEN,     21,
20130222, 1800,  , DB, 13.2S,  99.9E,  20, 1007,    0,    0,    0,    0,    0,    0,    0,    0,    0,    0,    0,    0, -999
20130223, 0000,  , DB, 12.9S,  99.4E,  20, 1007,    0,    0,    0,    0,    0,    0,    0,    0,    0,    0,    0,    0, -999
20130223, 0600,  , TD, 12.7S,  98.8E,  25, 1004,    0,    0,    0,    0,    0,    0,    0,    0,    0,    0,    0,    0, -999
20130223, 1200,  , TD, 12.4S,  98.4E,  25, 1004,    0,    0,    0,    0,    0,    0,    0,    0,    0,    0,    0,    0, -999
20130223, 1800,  , TD, 11.5S,  98.5E,  25, 1004,    0,    0,    0,    0,    0,    0,    0,    0,    0,    0,    0,    0, -999
20130224, 0000,  , TD, 11.7S,  98.8E,  25, 1004,    0,    0,    0,    0,    0,    0,    0,    0,    0,    0,    0,    0, -999
20130224, 0600,  , TD, 12.5S,  98.5E,  25, 1004,    0,    0,    0,    0,    0,    0,    0,    0,    0,    0,    0,    0, -999
20130224, 1200,  , TS, 12.7S,  98.1E,  35,  996,    0,    0,    0,    0,    0,    0,    0,    0,    0,    0,    0,    0, -999
20130224, 1800,  , TS, 13.0S,  97.9E,  40,  993,   55,   55,   55,   55,    0,    0,    0,    0,    0,    0,    0,    0, -999
20130225, 0000,  , TS, 13.5S,  98.3E,  40,  993,   55,   55,   55,   55,    0,    0,    0,    0,    0,    0,    0,    0, -999
20130225, 0600,  , TS, 14.1S,  98.4E,  35,  996,   55,   55,   55,   55,    0,    0,    0,    0,    0,    0,    0,    0, -999
20130225, 1200,  , TS, 14.3S,  98.4E,  35,  996,   55,   55,   55,   55,    0,    0,    0,    0,    0,    0,    0,    0, -999
20130225, 1800,  , TS, 14.6S,  98.4E,  35,  996,   55,   55,   55,   55,    0,    0,    0,    0,    0,    0,    0,    0, -999
20130226, 0000,  , TS, 14.8S,  98.1E,  35,  996,   55,   55,   55,   55,    0,    0,    0,    0,    0,    0,    0,    0, -999
20130226, 0600,  , TS, 15.0S,  97.9E,  35,  996,   55,   55,   55,   55,    0,    0,    0,    0,    0,    0,    0,    0, -999
20130226, 1200,  , TD, 15.3S,  97.9E,  30, 1000,    0,    0,    0,    0,    0,    0,    0,    0,    0,    0,    0,    0, -999
20130226, 1800,  , TD, 15.3S,  98.1E,  30, 1000,    0,    0,    0,    0,    0,    0,    0,    0,    0,    0,    0,    0, -999
20130227, 0000,  , TD, 15.4S,  98.3E,  30, 1000,    0,    0,    0,    0,    0,    0,    0,    0,    0,    0,    0,    0, -999
20130227, 0600,  , TD, 15.5S,  98.4E,  30, 1000,    0,    0,    0,    0,    0,    0,    0,    0,    0,    0,    0,    0, -999
20130227, 1200,  , TD, 15.4S,  98.9E,  25, 1004,    0,    0,    0,    0,    0,    0,    0,    0,    0,    0,    0,    0, -999
20130227, 1800,  , DB, 15.2S,  99.6E,  20, 1007,    0,    0,    0,    0,    0,    0,    0,    0,    0,    0,    0,    0, -999
