SH181998,            UNNAMED,     16,
19980131, 1200,  , LO, 11.9S, 155.7W,  25,    0,    0,    0,    0,    0,    0,    0,    0,    0,    0,    0,    0,    0, -999
19980131, 1800,  , LO, 13.0S, 153.9W,  30,    0,    0,    0,    0,    0,    0,    0,    0,    0,    0,    0,    0,    0, -999
19980201, 0000,  , TS, 14.0S, 152.0W,  40,    0,    0,    0,    0,    0,    0,    0,    0,    0,    0,    0,    0,    0, -999
19980201, 0600,  , TS, 15.0S, 150.2W,  50,    0,    0,    0,    0,    0,    0,    0,    0,    0,    0,    0,    0,    0, -999
19980201, 1200,  , HU, 16.2S, 148.5W,  65,    0,    0,    0,    0,    0,    0,    0,    0,    0,    0,    0,    0,    0, -999
19980201, 1800,  , HU, 17.2S, 147.4W,  70,    0,    0,    0,    0,    0,    0,    0,    0,    0,    0,    0,    0,    0, -999
19980202, 0000,  , HU, 18.0S, 146.6W,  75,    0,    0,    0,    0,    0,    0,    0,    0,    0,    0,    0,    0,    0, -999
19980202, 0600,  , HU, 19.1S, 145.6W,  75,    0,    0,    0,    0,    0,    0,    0,    0,    0,    0,    0,    0,    0, -999
19980202, 1200,  , HU, 19.9S, 144.9W,  70,    0,    0,    0,    0,    0,    0,    0,    0,    0,    0,    0,    0,    0, -999
19980202, 1800,  , TS, 20.6S, 144.3W,  60,    0,    0,    0,    0,    0,    0,    0,    0,    0,    0,    0,    0,    0, -999
19980203, 0000,  , TS, 21.1S, 144.0W,  55,    0,    0,    0,    0,    0,    0,    0,    0,    0,    0,    0,    0,    0, -999
19980203, 0600,  , TS, 21.6S, 143.9W,  50,    0,    0,    0,    0,    0,    0,    0,    0,    0,    0,    0,    0,    0, -999
19980203, 1200,  , TS, 22.1S, 143.7W,  45,    0,    0,    0,    0,    0,    0,    0,    0,    0,    0,    0,    0,    0, -999
19980203, 1800,  , TS, 23.1S, 143.2W,  40,    0,    0,    0,    0,    0,    0,    0,    0,    0,    0,    0,    0,    0, -999
19980204, 0000,  , LO, 23.8S, 142.8W,  30,    0,    0,    0,    0,    0,    0,    0,    0,    0,    0,    0,    0,    0, -999
19980204, 0600,  , LO, 24.6S, 142.4W,  25,    0,    0,    0,    0,    0,    0,    0,    0,    0,    0,    0,    0,    0, -999
