SH182022,           EIGHTEEN,     32,
20220226, 1800,  , DB, 17.2S, 162.8E,  15, 1003,    0,    0,    0,    0,    0,    0,    0,    0,    0,    0,    0,    0, -999
20220227, 0000,  , DB, 17.9S, 163.5E,  20, 1007,    0,    0,    0,    0,    0,    0,    0,    0,    0,    0,    0,    0, -999
20220227, 0600,  , DB, 18.6S, 164.2E,  20, 1005,    0,    0,    0,    0,    0,    0,    0,    0,    0,    0,    0,    0, -999
20220227, 1200,  , TD, 19.3S, 165.0E,  25, 1003,    0,    0,    0,    0,    0,    0,    0,    0,    0,    0,    0,    0, -999
20220227, 1800,  , TD, 20.1S, 166.0E,  25, 1004,    0,    0,    0,    0,    0,    0,    0,    0,    0,    0,    0,    0, -999
20220228, 0000,  , TD, 20.9S, 166.4E,  25, 1003,    0,    0,    0,    0,    0,    0,    0,    0,    0,    0,    0,    0, -999
20220228, 0600,  , TD, 21.2S, 166.5E,  25, 1003,    0,    0,    0,    0,    0,    0,    0,    0,    0,    0,    0,    0, -999
20220228, 1200,  , TD, 21.5S, 166.6E,  25, 1005,    0,    0,    0,    0,    0,    0,    0,    0,    0,    0,    0,    0, -999
20220228, 1800,  , TD, 21.7S, 166.8E,  25, 1004,    0,    0,    0,    0,    0,    0,    0,    0,    0,    0,    0,    0, -999
20220301, 0000,  , TD, 22.1S, 167.1E,  25, 1000,    0,    0,    0,    0,    0,    0,    0,    0,    0,    0,    0,    0, -999
20220301, 0600,  , TD, 23.1S, 167.7E,  30,  996,    0,    0,    0,    0,    0,    0,    0,    0,    0,    0,    0,    0, -999
20220301, 1200,  , TD, 24.1S, 168.2E,  30,  996,    0,    0,    0,    0,    0,    0,    0,    0,    0,    0,    0,    0, -999
20220301, 1800,  , TD, 24.5S, 169.1E,  30,  994,    0,    0,    0,    0,    0,    0,    0,    0,    0,    0,    0,    0, -999
20220302, 0000,  , TD, 24.9S, 170.0E,  30,  995,    0,    0,    0,    0,    0,    0,    0,    0,    0,    0,    0,    0, -999
20220302, 0600,  , TS, 25.3S, 171.0E,  35,  991,    0,  230,  200,    0,    0,    0,    0,    0,    0,    0,    0,    0, -999
20220302, 1200,  , TS, 25.5S, 172.1E,  35,  993,    0,  200,  200,    0,    0,    0,    0,    0,    0,    0,    0,    0, -999
20220302, 1800,  , TS, 25.7S, 173.0E,  35,  993,   80,  210,  200,   60,    0,    0,    0,    0,    0,    0,    0,    0, -999
20220303, 0000,  , TS, 25.8S, 173.8E,  45,  993,   70,  105,   85,    5,    0,    0,    0,    0,    0,    0,    0,    0, -999
20220303, 0600,  , TS, 25.8S, 174.6E,  45,  985,  175,  275,  250,   70,    0,    0,    0,    0,    0,    0,    0,    0, -999
20220303, 1200,  , TS, 26.2S, 174.8E,  45,  993,   50,  205,   85,   85,    0,    0,    0,    0,    0,    0,    0,    0, -999
20220303, 1800,  , TS, 26.2S, 174.3E,  40,  992,    0,   90,   85,    0,    0,    0,    0,    0,    0,    0,    0,    0, -999
20220304, 0000,  , XX, 25.5S, 174.5E,  35,  997,    0,  120,  115,    0,    0,    0,    0,    0,    0,    0,    0,    0, -999
20220304, 0600,  , XX, 25.3S, 175.1E,  30,  992,    0,    0,    0,    0,    0,    0,    0,    0,    0,    0,    0,    0, -999
20220304, 1200,  , XX, 25.5S, 175.6E,  30, 1002,    0,    0,    0,    0,    0,    0,    0,    0,    0,    0,    0,    0, -999
20220304, 1800,  , XX, 25.7S, 175.5E,  25, 1001,    0,    0,    0,    0,    0,    0,    0,    0,    0,    0,    0,    0, -999
20220305, 0000,  , XX, 25.2S, 175.1E,  25,  999,    0,    0,    0,    0,    0,    0,    0,    0,    0,    0,    0,    0, -999
20220305, 0600,  , XX, 25.3S, 174.6E,  25, 1001,    0,    0,    0,    0,    0,    0,    0,    0,    0,    0,    0,    0, -999
20220305, 1200,  , XX, 25.5S, 174.1E,  25, 1004,    0,    0,    0,    0,    0,    0,    0,    0,    0,    0,    0,    0, -999
20220305, 1800,  , XX, 25.7S, 173.8E,  25, 1004,    0,    0,    0,    0,    0,    0,    0,    0,    0,    0,    0,    0, -999
20220306, 0000,  , XX, 26.1S, 172.9E,  25, 1002,    0,    0,    0,    0,    0,    0,    0,    0,    0,    0,    0,    0, -999
20220306, 0600,  , XX, 26.4S, 172.0E,  25, 1001,    0,    0,    0,    0,    0,    0,    0,    0,    0,    0,    0,    0, -999
20220306, 1200,  , XX, 26.6S, 171.0E,  25, 1004,    0,    0,    0,    0,    0,    0,    0,    0,    0,    0,    0,    0, -999
