SH181983,            UNNAMED,     27,
19830322, 1800,  , LO, 11.2S, 179.7W,  25,    0,    0,    0,    0,    0,    0,    0,    0,    0,    0,    0,    0,    0, -999
19830323, 0000,  , LO, 11.5S, 179.1E,  25,    0,    0,    0,    0,    0,    0,    0,    0,    0,    0,    0,    0,    0, -999
19830323, 0600,  , LO, 11.7S, 178.1E,  25,    0,    0,    0,    0,    0,    0,    0,    0,    0,    0,    0,    0,    0, -999
19830323, 1200,  , LO, 11.8S, 177.3E,  25,    0,    0,    0,    0,    0,    0,    0,    0,    0,    0,    0,    0,    0, -999
19830323, 1800,  , LO, 11.9S, 176.8E,  25,    0,    0,    0,    0,    0,    0,    0,    0,    0,    0,    0,    0,    0, -999
19830324, 0000,  , LO, 12.3S, 176.8E,  25,    0,    0,    0,    0,    0,    0,    0,    0,    0,    0,    0,    0,    0, -999
19830324, 0600,  , LO, 12.8S, 177.0E,  25,    0,    0,    0,    0,    0,    0,    0,    0,    0,    0,    0,    0,    0, -999
19830324, 1200,  , LO, 13.0S, 177.4E,  30,    0,    0,    0,    0,    0,    0,    0,    0,    0,    0,    0,    0,    0, -999
19830324, 1800,  , TS, 13.3S, 177.8E,  35,    0,    0,    0,    0,    0,    0,    0,    0,    0,    0,    0,    0,    0, -999
19830325, 0000,  , TS, 13.9S, 178.3E,  40,    0,    0,    0,    0,    0,    0,    0,    0,    0,    0,    0,    0,    0, -999
19830325, 0600,  , TS, 14.4S, 178.8E,  50,    0,    0,    0,    0,    0,    0,    0,    0,    0,    0,    0,    0,    0, -999
19830325, 1200,  , TS, 14.8S, 179.5E,  55,    0,    0,    0,    0,    0,    0,    0,    0,    0,    0,    0,    0,    0, -999
19830325, 1800,  , HU, 15.2S, 179.9W,  65,    0,    0,    0,    0,    0,    0,    0,    0,    0,    0,    0,    0,    0, -999
19830326, 0000,  , HU, 15.6S, 179.5W,  70,    0,    0,    0,    0,    0,    0,    0,    0,    0,    0,    0,    0,    0, -999
19830326, 0600,  , HU, 16.0S, 179.1W,  70,    0,    0,    0,    0,    0,    0,    0,    0,    0,    0,    0,    0,    0, -999
19830326, 1200,  , HU, 16.3S, 178.6W,  75,    0,    0,    0,    0,    0,    0,    0,    0,    0,    0,    0,    0,    0, -999
19830326, 1800,  , HU, 16.7S, 178.2W,  80,    0,    0,    0,    0,    0,    0,    0,    0,    0,    0,    0,    0,    0, -999
19830327, 0000,  , HU, 17.2S, 177.9W,  85,    0,    0,    0,    0,    0,    0,    0,    0,    0,    0,    0,    0,    0, -999
19830327, 0600,  , HU, 17.8S, 177.8W,  90,    0,    0,    0,    0,    0,    0,    0,    0,    0,    0,    0,    0,    0, -999
19830327, 1200,  , HU, 18.5S, 177.8W,  90,    0,    0,    0,    0,    0,    0,    0,    0,    0,    0,    0,    0,    0, -999
19830327, 1800,  , HU, 19.2S, 178.0W,  85,    0,    0,    0,    0,    0,    0,    0,    0,    0,    0,    0,    0,    0, -999
19830328, 0000,  , HU, 20.1S, 178.6W,  85,    0,    0,    0,    0,    0,    0,    0,    0,    0,    0,    0,    0,    0, -999
19830328, 0600,  , HU, 21.2S, 179.1W,  80,    0,    0,    0,    0,    0,    0,    0,    0,    0,    0,    0,    0,    0, -999
19830328, 1200,  , HU, 22.5S, 179.2W,  75,    0,    0,    0,    0,    0,    0,    0,    0,    0,    0,    0,    0,    0, -999
19830328, 1800,  , HU, 23.8S, 179.2W,  70,    0,    0,    0,    0,    0,    0,    0,    0,    0,    0,    0,    0,    0, -999
19830329, 0000,  , HU, 24.8S, 179.1W,  65,    0,    0,    0,    0,    0,    0,    0,    0,    0,    0,    0,    0,    0, -999
19830329, 0600,  , TS, 25.6S, 178.8W,  60,    0,    0,    0,    0,    0,    0,    0,    0,    0,    0,    0,    0,    0, -999
