SH192005,            UNNAMED,     30,
20050213, 0000,  , TD,  9.3S, 178.3W,  25, 1002,    0,    0,    0,    0,    0,    0,    0,    0,    0,    0,    0,    0, -999
20050213, 0600,  , TD,  9.3S, 178.2W,  30, 1000,    0,    0,    0,    0,    0,    0,    0,    0,    0,    0,    0,    0, -999
20050213, 1200,  , TS,  9.3S, 178.1W,  35,  997,    0,    0,    0,    0,    0,    0,    0,    0,    0,    0,    0,    0, -999
20050213, 1800,  , TS,  9.3S, 178.0W,  40,  994,   50,   60,   60,   50,    0,    0,    0,    0,    0,    0,    0,    0, -999
20050214, 0000,  , HU,  9.3S, 177.7W,  70,  972,   80,   90,   90,   80,   25,   25,   25,   25,   10,   10,   10,   10, -999
20050214, 0600,  , HU,  9.3S, 177.4W,  90,  954,   80,   90,   90,   80,   30,   30,   30,   30,   15,   15,   15,   15, -999
20050214, 1200,  , HU,  9.5S, 176.9W, 105,  938,   80,   90,   90,   80,   30,   30,   30,   30,   15,   15,   15,   15, -999
20050214, 1800,  , HU, 10.0S, 176.0W, 120,  922,   80,   90,   90,   80,   30,   30,   30,   30,   20,   20,   20,   20, -999
20050215, 0000,  , HU, 10.8S, 175.2W, 125,  916,   85,   95,   95,   85,   30,   30,   30,   30,   20,   20,   20,   20, -999
20050215, 0600,  , HU, 11.5S, 174.6W, 125,  916,   80,   90,   90,   80,   30,   30,   30,   30,   20,   20,   20,   20, -999
20050215, 1200,  , XX, 12.0S, 174.1W, 130,  910,   95,   85,   85,   95,   35,   35,   35,   35,   25,   25,   25,   25, -999
20050215, 1800,  , XX, 12.1S, 173.6W, 135,  904,  115,  105,  105,  115,   40,   40,   40,   40,   25,   25,   25,   25, -999
20050216, 0000,  , XX, 12.2S, 172.5W, 140,  898,  120,  120,  105,  120,   45,   45,   45,   45,   25,   25,   25,   25, -999
20050216, 0600,  , XX, 12.7S, 171.2W, 145,  892,   95,  110,  110,   95,   45,   45,   45,   45,   35,   35,   35,   35, -999
20050216, 1200,  , XX, 13.4S, 170.0W, 145,  892,  100,  120,  120,  100,   45,   45,   45,   45,   35,   35,   35,   35, -999
20050216, 1800,  , XX, 14.5S, 168.9W, 140,  898,   95,  105,  105,   95,   40,   40,   40,   40,   25,   25,   25,   25, -999
20050217, 0000,  , XX, 15.5S, 168.1W, 140,  898,   95,  105,  105,   95,   40,   40,   40,   40,   25,   25,   25,   25, -999
20050217, 0600,  , XX, 16.5S, 167.3W, 130,  910,   95,  105,  105,   95,   40,   40,   40,   40,   25,   25,   25,   25, -999
20050217, 1200,  , HU, 17.6S, 166.5W, 125,  916,   95,  105,  105,   95,   40,   40,   40,   40,   25,   25,   25,   25, -999
20050217, 1800,  , HU, 18.5S, 165.6W, 120,  922,  115,  105,  105,  115,   45,   40,   40,   45,   25,   25,   25,   25, -999
20050218, 0000,  , HU, 19.7S, 164.3W, 120,  922,  120,  110,  110,  120,   45,   40,   40,   45,   25,   25,   25,   25, -999
20050218, 0600,  , HU, 21.2S, 162.9W, 115,  927,  120,  110,  110,  120,   45,   40,   40,   45,   25,   25,   25,   25, -999
20050218, 1200,  , HU, 22.9S, 161.8W, 100,  944,  160,  140,  140,  160,   40,   40,   40,   40,   25,   25,   25,   25, -999
20050218, 1800,  , HU, 24.7S, 160.8W,  90,  954,  120,  140,  120,  140,   60,   50,   50,   60,   40,   40,   40,   40, -999
20050219, 0000,  , HU, 26.3S, 160.7W,  90,  954,  120,  140,  120,  140,   60,   50,   50,   60,   40,   40,   40,   40, -999
20050219, 0600,  , HU, 27.9S, 160.9W,  65,  976,   90,  100,  100,   90,   35,   35,   25,   25,    0,    0,    0,    0, -999
20050219, 1200,  , TS, 29.5S, 161.2W,  55,  984,   75,   85,   75,   70,   25,   25,   25,   25,    0,    0,    0,    0, -999
20050219, 1800,  , TS, 31.0S, 161.3W,  45,  991,   75,   85,   75,   70,    0,    0,    0,    0,    0,    0,    0,    0, -999
20050220, 0000,  , TS, 32.5S, 160.9W,  45,  991,   75,   85,   75,   70,    0,    0,    0,    0,    0,    0,    0,    0, -999
20050220, 0600,  , TD, 33.9S, 160.4W,  25, 1002,    0,    0,    0,    0,    0,    0,    0,    0,    0,    0,    0,    0, -999
