SH192001,            UNNAMED,     31,
20010403, 1800,  , TD, 11.8S, 171.5E,  25,    0,    0,    0,    0,    0,    0,    0,    0,    0,    0,    0,    0,    0, -999
20010404, 0000,  , TD, 11.9S, 170.5E,  25,    0,    0,    0,    0,    0,    0,    0,    0,    0,    0,    0,    0,    0, -999
20010404, 0600,  , TD, 12.2S, 169.5E,  25,    0,    0,    0,    0,    0,    0,    0,    0,    0,    0,    0,    0,    0, -999
20010404, 1200,  , TD, 12.5S, 168.8E,  25,    0,    0,    0,    0,    0,    0,    0,    0,    0,    0,    0,    0,    0, -999
20010404, 1800,  , TD, 12.9S, 168.2E,  25,    0,    0,    0,    0,    0,    0,    0,    0,    0,    0,    0,    0,    0, -999
20010405, 0000,  , TD, 13.2S, 167.7E,  25,    0,    0,    0,    0,    0,    0,    0,    0,    0,    0,    0,    0,    0, -999
20010405, 0600,  , TD, 13.4S, 167.2E,  25,    0,    0,    0,    0,    0,    0,    0,    0,    0,    0,    0,    0,    0, -999
20010405, 1200,  , TD, 13.4S, 166.7E,  25,    0,    0,    0,    0,    0,    0,    0,    0,    0,    0,    0,    0,    0, -999
20010405, 1800,  , TS, 13.4S, 166.1E,  35,    0,    0,    0,    0,    0,    0,    0,    0,    0,    0,    0,    0,    0, -999
20010406, 0000,  , TD, 13.5S, 165.6E,  30,    0,    0,    0,    0,    0,    0,    0,    0,    0,    0,    0,    0,    0, -999
20010406, 0600,  , TS, 13.8S, 165.3E,  40,    0,    0,    0,    0,    0,    0,    0,    0,    0,    0,    0,    0,    0, -999
20010406, 1200,  , TS, 14.1S, 165.3E,  45,    0,    0,    0,    0,    0,    0,    0,    0,    0,    0,    0,    0,    0, -999
20010406, 1800,  , TS, 14.5S, 165.6E,  50,    0,    0,    0,    0,    0,    0,    0,    0,    0,    0,    0,    0,    0, -999
20010407, 0000,  , TS, 15.0S, 166.0E,  55,    0,    0,    0,    0,    0,    0,    0,    0,    0,    0,    0,    0,    0, -999
20010407, 0600,  , TS, 15.8S, 166.7E,  60,    0,    0,    0,    0,    0,    0,    0,    0,    0,    0,    0,    0,    0, -999
20010407, 1200,  , HU, 16.8S, 167.2E,  65,    0,    0,    0,    0,    0,    0,    0,    0,    0,    0,    0,    0,    0, -999
20010407, 1800,  , HU, 17.8S, 167.4E,  65,    0,    0,    0,    0,    0,    0,    0,    0,    0,    0,    0,    0,    0, -999
20010408, 0000,  , HU, 18.7S, 167.6E,  65,    0,    0,    0,    0,    0,    0,    0,    0,    0,    0,    0,    0,    0, -999
20010408, 0600,  , HU, 19.5S, 168.3E,  65,    0,    0,    0,    0,    0,    0,    0,    0,    0,    0,    0,    0,    0, -999
20010408, 1200,  , HU, 20.2S, 169.0E,  70,    0,    0,    0,    0,    0,    0,    0,    0,    0,    0,    0,    0,    0, -999
20010408, 1800,  , TS, 20.6S, 169.5E,  60,    0,    0,    0,    0,    0,    0,    0,    0,    0,    0,    0,    0,    0, -999
20010409, 0000,  , TS, 21.2S, 170.1E,  60,    0,    0,    0,    0,    0,    0,    0,    0,    0,    0,    0,    0,    0, -999
20010409, 0600,  , TS, 22.0S, 170.5E,  55,    0,    0,    0,    0,    0,    0,    0,    0,    0,    0,    0,    0,    0, -999
20010409, 1200,  , TS, 22.6S, 170.3E,  50,    0,    0,    0,    0,    0,    0,    0,    0,    0,    0,    0,    0,    0, -999
20010409, 1800,  , TS, 23.2S, 170.1E,  50,    0,    0,    0,    0,    0,    0,    0,    0,    0,    0,    0,    0,    0, -999
20010410, 0000,  , TS, 23.8S, 170.0E,  45,    0,    0,    0,    0,    0,    0,    0,    0,    0,    0,    0,    0,    0, -999
20010410, 0600,  , TS, 24.5S, 170.0E,  40,    0,    0,    0,    0,    0,    0,    0,    0,    0,    0,    0,    0,    0, -999
20010410, 1200,  , TS, 25.1S, 170.1E,  35,    0,    0,    0,    0,    0,    0,    0,    0,    0,    0,    0,    0,    0, -999
20010410, 1800,  , TS, 25.5S, 170.1E,  35,    0,    0,    0,    0,    0,    0,    0,    0,    0,    0,    0,    0,    0, -999
20010411, 0000,  , TD, 25.9S, 170.0E,  30,    0,    0,    0,    0,    0,    0,    0,    0,    0,    0,    0,    0,    0, -999
20010411, 0600,  , TD, 26.4S, 169.5E,  30,    0,    0,    0,    0,    0,    0,    0,    0,    0,    0,    0,    0,    0, -999
