SH191970,            UNNAMED,     11,
19700214, 1200,  , LO, 24.7S, 178.1E, -999,    0,    0,    0,    0,    0,    0,    0,    0,    0,    0,    0,    0,    0, -999
19700214, 1800,  , LO, 25.7S, 179.8W, -999,    0,    0,    0,    0,    0,    0,    0,    0,    0,    0,    0,    0,    0, -999
19700215, 0000,  , LO, 26.4S, 178.0W, -999,    0,    0,    0,    0,    0,    0,    0,    0,    0,    0,    0,    0,    0, -999
19700215, 0600,  , LO, 26.9S, 176.5W, -999,    0,    0,    0,    0,    0,    0,    0,    0,    0,    0,    0,    0,    0, -999
19700215, 1200,  , LO, 27.4S, 175.0W, -999,    0,    0,    0,    0,    0,    0,    0,    0,    0,    0,    0,    0,    0, -999
19700215, 1800,  , LO, 27.7S, 173.5W, -999,    0,    0,    0,    0,    0,    0,    0,    0,    0,    0,    0,    0,    0, -999
19700216, 0000,  , LO, 28.1S, 172.0W, -999,    0,    0,    0,    0,    0,    0,    0,    0,    0,    0,    0,    0,    0, -999
19700216, 0600,  , LO, 28.6S, 170.6W, -999,    0,    0,    0,    0,    0,    0,    0,    0,    0,    0,    0,    0,    0, -999
19700216, 1200,  , LO, 29.3S, 169.4W, -999,    0,    0,    0,    0,    0,    0,    0,    0,    0,    0,    0,    0,    0, -999
19700216, 1800,  , LO, 30.1S, 168.3W, -999,    0,    0,    0,    0,    0,    0,    0,    0,    0,    0,    0,    0,    0, -999
19700217, 0000,  , LO, 31.0S, 167.4W, -999,    0,    0,    0,    0,    0,    0,    0,    0,    0,    0,    0,    0,    0, -999
