SH201952,            UNNAMED,      9,
19520318, 0600,  , LO, 22.0S,  43.2E, -999,    0,    0,    0,    0,    0,    0,    0,    0,    0,    0,    0,    0,    0, -999
19520318, 1200,  , LO, 22.2S,  43.1E, -999,    0,    0,    0,    0,    0,    0,    0,    0,    0,    0,    0,    0,    0, -999
19520318, 1800,  , LO, 22.5S,  43.1E, -999,    0,    0,    0,    0,    0,    0,    0,    0,    0,    0,    0,    0,    0, -999
19520319, 0000,  , LO, 23.0S,  43.1E, -999,    0,    0,    0,    0,    0,    0,    0,    0,    0,    0,    0,    0,    0, -999
19520319, 0600,  , LO, 23.6S,  43.3E, -999,    0,    0,    0,    0,    0,    0,    0,    0,    0,    0,    0,    0,    0, -999
19520319, 1200,  , LO, 24.1S,  44.3E, -999,    0,    0,    0,    0,    0,    0,    0,    0,    0,    0,    0,    0,    0, -999
19520319, 1800,  , LO, 24.5S,  45.5E, -999,    0,    0,    0,    0,    0,    0,    0,    0,    0,    0,    0,    0,    0, -999
19520320, 0000,  , LO, 24.7S,  46.4E, -999,    0,    0,    0,    0,    0,    0,    0,    0,    0,    0,    0,    0,    0, -999
19520320, 0600,  , LO, 24.8S,  47.3E, -999,    0,    0,    0,    0,    0,    0,    0,    0,    0,    0,    0,    0,    0, -999
