SH211983,            UNNAMED,     31,
19830407, 0000,  , LO, 10.3S, 135.6W,  25,    0,    0,    0,    0,    0,    0,    0,    0,    0,    0,    0,    0,    0, -999
19830407, 0600,  , LO, 10.6S, 136.3W,  27,    0,    0,    0,    0,    0,    0,    0,    0,    0,    0,    0,    0,    0, -999
19830407, 1200,  , LO, 11.0S, 137.0W,  30,    0,    0,    0,    0,    0,    0,    0,    0,    0,    0,    0,    0,    0, -999
19830407, 1800,  , LO, 11.2S, 137.7W,  32,    0,    0,    0,    0,    0,    0,    0,    0,    0,    0,    0,    0,    0, -999
19830408, 0000,  , TS, 11.4S, 138.4W,  35,    0,    0,    0,    0,    0,    0,    0,    0,    0,    0,    0,    0,    0, -999
19830408, 0600,  , TS, 11.6S, 139.8W,  37,    0,    0,    0,    0,    0,    0,    0,    0,    0,    0,    0,    0,    0, -999
19830408, 1200,  , TS, 11.9S, 141.8W,  40,    0,    0,    0,    0,    0,    0,    0,    0,    0,    0,    0,    0,    0, -999
19830408, 1800,  , TS, 12.2S, 143.3W,  42,    0,    0,    0,    0,    0,    0,    0,    0,    0,    0,    0,    0,    0, -999
19830409, 0000,  , TS, 12.5S, 144.7W,  45,    0,    0,    0,    0,    0,    0,    0,    0,    0,    0,    0,    0,    0, -999
19830409, 0600,  , TS, 12.7S, 145.5W,  47,    0,    0,    0,    0,    0,    0,    0,    0,    0,    0,    0,    0,    0, -999
19830409, 1200,  , TS, 12.9S, 146.0W,  50,    0,    0,    0,    0,    0,    0,    0,    0,    0,    0,    0,    0,    0, -999
19830409, 1800,  , TS, 13.0S, 146.4W,  53,    0,    0,    0,    0,    0,    0,    0,    0,    0,    0,    0,    0,    0, -999
19830410, 0000,  , TS, 13.2S, 146.8W,  60,    0,    0,    0,    0,    0,    0,    0,    0,    0,    0,    0,    0,    0, -999
19830410, 0600,  , HU, 13.3S, 147.1W,  69,    0,    0,    0,    0,    0,    0,    0,    0,    0,    0,    0,    0,    0, -999
19830410, 1200,  , HU, 13.5S, 147.5W,  79,    0,    0,    0,    0,    0,    0,    0,    0,    0,    0,    0,    0,    0, -999
19830410, 1800,  , HU, 13.6S, 147.7W,  88,    0,    0,    0,    0,    0,    0,    0,    0,    0,    0,    0,    0,    0, -999
19830411, 0000,  , HU, 13.8S, 148.0W,  95,    0,    0,    0,    0,    0,    0,    0,    0,    0,    0,    0,    0,    0, -999
19830411, 0600,  , HU, 13.9S, 148.1W,  98,    0,    0,    0,    0,    0,    0,    0,    0,    0,    0,    0,    0,    0, -999
19830411, 1200,  , HU, 14.2S, 148.3W, 100,    0,    0,    0,    0,    0,    0,    0,    0,    0,    0,    0,    0,    0, -999
19830411, 1800,  , HU, 14.5S, 148.4W, 100,    0,    0,    0,    0,    0,    0,    0,    0,    0,    0,    0,    0,    0, -999
19830412, 0000,  , HU, 15.1S, 148.6W, 100,    0,    0,    0,    0,    0,    0,    0,    0,    0,    0,    0,    0,    0, -999
19830412, 0600,  , HU, 15.9S, 148.7W,  97,    0,    0,    0,    0,    0,    0,    0,    0,    0,    0,    0,    0,    0, -999
19830412, 1200,  , HU, 16.9S, 149.0W,  95,    0,    0,    0,    0,    0,    0,    0,    0,    0,    0,    0,    0,    0, -999
19830412, 1800,  , HU, 17.7S, 149.0W,  92,    0,    0,    0,    0,    0,    0,    0,    0,    0,    0,    0,    0,    0, -999
19830413, 0000,  , HU, 18.8S, 148.2W,  90,    0,    0,    0,    0,    0,    0,    0,    0,    0,    0,    0,    0,    0, -999
19830413, 0600,  , HU, 20.3S, 146.3W,  86,    0,    0,    0,    0,    0,    0,    0,    0,    0,    0,    0,    0,    0, -999
19830413, 1200,  , HU, 22.2S, 144.4W,  80,    0,    0,    0,    0,    0,    0,    0,    0,    0,    0,    0,    0,    0, -999
19830413, 1800,  , HU, 23.9S, 142.6W,  70,    0,    0,    0,    0,    0,    0,    0,    0,    0,    0,    0,    0,    0, -999
19830414, 0000,  , TS, 25.7S, 140.8W,  60,    0,    0,    0,    0,    0,    0,    0,    0,    0,    0,    0,    0,    0, -999
19830414, 0600,  , TS, 27.6S, 138.8W,  50,    0,    0,    0,    0,    0,    0,    0,    0,    0,    0,    0,    0,    0, -999
19830414, 1200,  , TS, 29.7S, 136.8W,  40,    0,    0,    0,    0,    0,    0,    0,    0,    0,    0,    0,    0,    0, -999
