SH212012,          TWENTYONE,     12,
20120628, 0000,  , DB, 10.6S, 152.7E,  20, 1007,    0,    0,    0,    0,    0,    0,    0,    0,    0,    0,    0,    0, -999
20120628, 0600,  , DB, 10.7S, 153.1E,  20, 1007,    0,    0,    0,    0,    0,    0,    0,    0,    0,    0,    0,    0, -999
20120628, 1200,  , TD, 10.8S, 153.5E,  25, 1004,    0,    0,    0,    0,    0,    0,    0,    0,    0,    0,    0,    0, -999
20120628, 1800,  , TD, 11.1S, 153.8E,  25, 1004,    0,    0,    0,    0,    0,    0,    0,    0,    0,    0,    0,    0, -999
20120629, 0000,  , TD, 11.3S, 154.1E,  30, 1000,    0,    0,    0,    0,    0,    0,    0,    0,    0,    0,    0,    0, -999
20120629, 0600,  , TD, 11.6S, 154.6E,  30, 1000,    0,    0,    0,    0,    0,    0,    0,    0,    0,    0,    0,    0, -999
20120629, 1200,  , TS, 11.7S, 154.9E,  35,  996,    0,    0,    0,    0,    0,    0,    0,    0,    0,    0,    0,    0, -999
20120629, 1800,  , TS, 11.5S, 155.0E,  35,  996,   40,   40,   30,   30,    0,    0,    0,    0,    0,    0,    0,    0, -999
20120630, 0000,  , TD, 11.0S, 154.8E,  30, 1000,    0,    0,    0,    0,    0,    0,    0,    0,    0,    0,    0,    0, -999
20120630, 0600,  , TD, 10.7S, 154.5E,  25, 1004,    0,    0,    0,    0,    0,    0,    0,    0,    0,    0,    0,    0, -999
20120630, 1200,  , TD, 10.4S, 154.3E,  25, 1004,    0,    0,    0,    0,    0,    0,    0,    0,    0,    0,    0,    0, -999
20120630, 1800,  , DB, 10.0S, 154.1E,  15, 1010,    0,    0,    0,    0,    0,    0,    0,    0,    0,    0,    0,    0, -999
