SH211999,            UNNAMED,     18,
19990212, 1200,  , LO, 19.4S,  37.6E,  20,    0,    0,    0,    0,    0,    0,    0,    0,    0,    0,    0,    0,    0, -999
19990212, 1800,  , LO, 19.8S,  38.0E,  25,    0,    0,    0,    0,    0,    0,    0,    0,    0,    0,    0,    0,    0, -999
19990213, 0000,  , LO, 20.8S,  38.3E,  30,    0,    0,    0,    0,    0,    0,    0,    0,    0,    0,    0,    0,    0, -999
19990213, 0600,  , LO, 21.7S,  37.9E,  30,    0,    0,    0,    0,    0,    0,    0,    0,    0,    0,    0,    0,    0, -999
19990213, 1200,  , TS, 22.3S,  37.7E,  35,    0,    0,    0,    0,    0,    0,    0,    0,    0,    0,    0,    0,    0, -999
19990213, 1800,  , TS, 23.2S,  37.8E,  40,    0,    0,    0,    0,    0,    0,    0,    0,    0,    0,    0,    0,    0, -999
19990214, 0000,  , TS, 23.4S,  38.4E,  40,    0,    0,    0,    0,    0,    0,    0,    0,    0,    0,    0,    0,    0, -999
19990214, 0600,  , TS, 23.1S,  39.1E,  45,    0,    0,    0,    0,    0,    0,    0,    0,    0,    0,    0,    0,    0, -999
19990214, 1200,  , TS, 22.8S,  39.6E,  40,    0,    0,    0,    0,    0,    0,    0,    0,    0,    0,    0,    0,    0, -999
19990214, 1800,  , TS, 22.0S,  40.2E,  35,    0,    0,    0,    0,    0,    0,    0,    0,    0,    0,    0,    0,    0, -999
19990215, 0000,  , TS, 20.8S,  40.5E,  35,    0,    0,    0,    0,    0,    0,    0,    0,    0,    0,    0,    0,    0, -999
19990215, 0600,  , LO, 19.8S,  40.7E,  30,    0,    0,    0,    0,    0,    0,    0,    0,    0,    0,    0,    0,    0, -999
19990215, 1200,  , LO, 19.3S,  40.4E,  30,    0,    0,    0,    0,    0,    0,    0,    0,    0,    0,    0,    0,    0, -999
19990215, 1800,  , LO, 18.7S,  39.9E,  30,    0,    0,    0,    0,    0,    0,    0,    0,    0,    0,    0,    0,    0, -999
19990216, 0000,  , LO, 18.6S,  39.6E,  30,    0,    0,    0,    0,    0,    0,    0,    0,    0,    0,    0,    0,    0, -999
19990216, 0600,  , LO, 18.5S,  39.2E,  25,    0,    0,    0,    0,    0,    0,    0,    0,    0,    0,    0,    0,    0, -999
19990216, 1200,  , LO, 18.5S,  38.9E,  25,    0,    0,    0,    0,    0,    0,    0,    0,    0,    0,    0,    0,    0, -999
19990216, 1800,  , LO, 18.5S,  38.5E,  25,    0,    0,    0,    0,    0,    0,    0,    0,    0,    0,    0,    0,    0, -999
