SH211988,            UNNAMED,     13,
19880517, 1800,  , LO,  9.0S,  91.0E,  25,    0,    0,    0,    0,    0,    0,    0,    0,    0,    0,    0,    0,    0, -999
19880518, 0000,  , LO,  9.4S,  92.4E,  25,    0,    0,    0,    0,    0,    0,    0,    0,    0,    0,    0,    0,    0, -999
19880518, 0600,  , LO, 10.2S,  93.7E,  25,    0,    0,    0,    0,    0,    0,    0,    0,    0,    0,    0,    0,    0, -999
19880518, 1200,  , LO, 11.0S,  95.0E,  25,    0,    0,    0,    0,    0,    0,    0,    0,    0,    0,    0,    0,    0, -999
19880518, 1800,  , LO, 11.9S,  96.0E,  30,    0,    0,    0,    0,    0,    0,    0,    0,    0,    0,    0,    0,    0, -999
19880519, 0000,  , TS, 12.7S,  96.5E,  35,    0,    0,    0,    0,    0,    0,    0,    0,    0,    0,    0,    0,    0, -999
19880519, 0600,  , TS, 14.2S,  96.9E,  35,    0,    0,    0,    0,    0,    0,    0,    0,    0,    0,    0,    0,    0, -999
19880519, 1200,  , TS, 16.0S,  97.9E,  35,    0,    0,    0,    0,    0,    0,    0,    0,    0,    0,    0,    0,    0, -999
19880519, 1800,  , LO, 17.6S,  99.3E,  30,    0,    0,    0,    0,    0,    0,    0,    0,    0,    0,    0,    0,    0, -999
19880520, 0000,  , LO, 19.2S, 101.1E,  30,    0,    0,    0,    0,    0,    0,    0,    0,    0,    0,    0,    0,    0, -999
19880520, 0600,  , LO, 21.0S, 103.0E,  30,    0,    0,    0,    0,    0,    0,    0,    0,    0,    0,    0,    0,    0, -999
19880520, 1200,  , LO, 22.9S, 105.0E,  25,    0,    0,    0,    0,    0,    0,    0,    0,    0,    0,    0,    0,    0, -999
19880520, 1800,  , LO, 25.3S, 108.0E,  25,    0,    0,    0,    0,    0,    0,    0,    0,    0,    0,    0,    0,    0, -999
