SH212005,            UNNAMED,      9,
20050304, 1800,  , DB, 15.7S, 167.3W,  20, 1004,    0,    0,    0,    0,    0,    0,    0,    0,    0,    0,    0,    0, -999
20050305, 0000,  , TD, 16.8S, 166.9W,  25, 1002,    0,    0,    0,    0,    0,    0,    0,    0,    0,    0,    0,    0, -999
20050305, 0600,  , TD, 17.9S, 166.1W,  30, 1000,    0,    0,    0,    0,    0,    0,    0,    0,    0,    0,    0,    0, -999
20050305, 1200,  , TD, 19.1S, 165.4W,  30, 1000,    0,    0,    0,    0,    0,    0,    0,    0,    0,    0,    0,    0, -999
20050305, 1800,  , TD, 20.3S, 164.7W,  30, 1000,    0,    0,    0,    0,    0,    0,    0,    0,    0,    0,    0,    0, -999
20050306, 0000,  , TS, 21.7S, 163.8W,  35,  997,    0,    0,    0,    0,    0,    0,    0,    0,    0,    0,    0,    0, -999
20050306, 0600,  , TS, 23.0S, 162.8W,  35,  997,    0,    0,    0,    0,    0,    0,    0,    0,    0,    0,    0,    0, -999
20050306, 1200,  , TS, 24.0S, 161.2W,  35,  997,    0,    0,    0,    0,    0,    0,    0,    0,    0,    0,    0,    0, -999
20050306, 1800,  , TD, 24.6S, 159.1W,  30, 1000,    0,    0,    0,    0,    0,    0,    0,    0,    0,    0,    0,    0, -999
