SH221981,            UNNAMED,     35,
19810301, 1200,  , LO, 22.0S,  47.1E,  10,    0,    0,    0,    0,    0,    0,    0,    0,    0,    0,    0,    0,    0, -999
19810301, 1800,  , LO, 21.7S,  47.3E,  15,    0,    0,    0,    0,    0,    0,    0,    0,    0,    0,    0,    0,    0, -999
19810302, 0000,  , LO, 21.3S,  47.5E,  15,    0,    0,    0,    0,    0,    0,    0,    0,    0,    0,    0,    0,    0, -999
19810302, 0600,  , LO, 20.9S,  47.7E,  15,    0,    0,    0,    0,    0,    0,    0,    0,    0,    0,    0,    0,    0, -999
19810302, 1200,  , LO, 20.5S,  47.9E,  15,    0,    0,    0,    0,    0,    0,    0,    0,    0,    0,    0,    0,    0, -999
19810302, 1800,  , LO, 20.2S,  48.2E,  15,    0,    0,    0,    0,    0,    0,    0,    0,    0,    0,    0,    0,    0, -999
19810303, 0000,  , LO, 19.8S,  48.5E,  20,    0,    0,    0,    0,    0,    0,    0,    0,    0,    0,    0,    0,    0, -999
19810303, 0600,  , LO, 19.4S,  48.9E,  20,    0,    0,    0,    0,    0,    0,    0,    0,    0,    0,    0,    0,    0, -999
19810303, 1200,  , LO, 18.9S,  49.5E,  20,    0,    0,    0,    0,    0,    0,    0,    0,    0,    0,    0,    0,    0, -999
19810303, 1800,  , LO, 18.5S,  50.2E,  20,    0,    0,    0,    0,    0,    0,    0,    0,    0,    0,    0,    0,    0, -999
19810304, 0000,  , LO, 18.0S,  50.9E,  25,    0,    0,    0,    0,    0,    0,    0,    0,    0,    0,    0,    0,    0, -999
19810304, 0600,  , LO, 17.6S,  51.7E,  25,    0,    0,    0,    0,    0,    0,    0,    0,    0,    0,    0,    0,    0, -999
19810304, 1200,  , LO, 17.4S,  52.4E,  25,    0,    0,    0,    0,    0,    0,    0,    0,    0,    0,    0,    0,    0, -999
19810304, 1800,  , LO, 17.4S,  53.0E,  25,    0,    0,    0,    0,    0,    0,    0,    0,    0,    0,    0,    0,    0, -999
19810305, 0000,  , LO, 17.9S,  53.5E,  30,    0,    0,    0,    0,    0,    0,    0,    0,    0,    0,    0,    0,    0, -999
19810305, 0600,  , LO, 18.6S,  53.8E,  30,    0,    0,    0,    0,    0,    0,    0,    0,    0,    0,    0,    0,    0, -999
19810305, 1200,  , TS, 19.3S,  54.2E,  35,    0,    0,    0,    0,    0,    0,    0,    0,    0,    0,    0,    0,    0, -999
19810305, 1800,  , TS, 20.0S,  54.8E,  35,    0,    0,    0,    0,    0,    0,    0,    0,    0,    0,    0,    0,    0, -999
19810306, 0000,  , TS, 20.7S,  55.7E,  40,    0,    0,    0,    0,    0,    0,    0,    0,    0,    0,    0,    0,    0, -999
19810306, 0600,  , TS, 21.4S,  56.8E,  45,    0,    0,    0,    0,    0,    0,    0,    0,    0,    0,    0,    0,    0, -999
19810306, 1200,  , TS, 22.2S,  58.0E,  55,    0,    0,    0,    0,    0,    0,    0,    0,    0,    0,    0,    0,    0, -999
19810306, 1800,  , TS, 23.4S,  59.4E,  60,    0,    0,    0,    0,    0,    0,    0,    0,    0,    0,    0,    0,    0, -999
19810307, 0000,  , HU, 24.6S,  60.9E,  65,    0,    0,    0,    0,    0,    0,    0,    0,    0,    0,    0,    0,    0, -999
19810307, 0600,  , HU, 25.5S,  62.6E,  70,    0,    0,    0,    0,    0,    0,    0,    0,    0,    0,    0,    0,    0, -999
19810307, 1200,  , HU, 26.2S,  64.4E,  75,    0,    0,    0,    0,    0,    0,    0,    0,    0,    0,    0,    0,    0, -999
19810307, 1800,  , HU, 26.8S,  66.1E,  80,    0,    0,    0,    0,    0,    0,    0,    0,    0,    0,    0,    0,    0, -999
19810308, 0000,  , HU, 27.3S,  67.5E,  75,    0,    0,    0,    0,    0,    0,    0,    0,    0,    0,    0,    0,    0, -999
19810308, 0600,  , HU, 27.6S,  68.3E,  70,    0,    0,    0,    0,    0,    0,    0,    0,    0,    0,    0,    0,    0, -999
19810308, 1200,  , TS, 27.8S,  68.7E,  60,    0,    0,    0,    0,    0,    0,    0,    0,    0,    0,    0,    0,    0, -999
19810308, 1800,  , TS, 28.0S,  69.1E,  55,    0,    0,    0,    0,    0,    0,    0,    0,    0,    0,    0,    0,    0, -999
19810309, 0000,  , TS, 28.2S,  69.5E,  45,    0,    0,    0,    0,    0,    0,    0,    0,    0,    0,    0,    0,    0, -999
19810309, 0600,  , TS, 28.5S,  69.8E,  40,    0,    0,    0,    0,    0,    0,    0,    0,    0,    0,    0,    0,    0, -999
19810309, 1200,  , LO, 28.8S,  70.1E,  30,    0,    0,    0,    0,    0,    0,    0,    0,    0,    0,    0,    0,    0, -999
19810309, 1800,  , LO, 29.3S,  70.1E,  25,    0,    0,    0,    0,    0,    0,    0,    0,    0,    0,    0,    0,    0, -999
19810310, 0000,  , LO, 29.9S,  69.9E,  25,    0,    0,    0,    0,    0,    0,    0,    0,    0,    0,    0,    0,    0, -999
