SH222014,             IVANOE,     12,
20140403, 1800,  , TD, 13.4S,  81.0E,  25, 1004,    0,    0,    0,    0,    0,    0,    0,    0,    0,    0,    0,    0, -999
20140404, 0000,  , TD, 14.6S,  79.9E,  25, 1004,    0,    0,    0,    0,    0,    0,    0,    0,    0,    0,    0,    0, -999
20140404, 0600,  , TD, 15.4S,  79.4E,  30, 1000,    0,    0,    0,    0,    0,    0,    0,    0,    0,    0,    0,    0, -999
20140404, 1200,  , TS, 16.2S,  79.4E,  35,  996,    0,    0,    0,    0,    0,    0,    0,    0,    0,    0,    0,    0, -999
20140404, 1800,  , TS, 17.1S,  80.4E,  35,  996,    0,    0,    0,    0,    0,    0,    0,    0,    0,    0,    0,    0, -999
20140405, 0000,  , TS, 18.4S,  81.3E,  45,  989,    0,    0,    0,    0,    0,    0,    0,    0,    0,    0,    0,    0, -999
20140405, 0600,  , TS, 20.0S,  82.5E,  45,  989,   45,   50,   60,   60,    0,    0,    0,    0,    0,    0,    0,    0, -999
20140405, 1200,  , TS, 21.4S,  83.6E,  45,  989,   45,   50,   50,   45,    0,    0,    0,    0,    0,    0,    0,    0, -999
20140405, 1800,  , TS, 23.3S,  84.9E,  45,  989,   60,   85,   70,   60,    0,    0,    0,    0,    0,    0,    0,    0, -999
20140406, 0000,  , TS, 25.5S,  86.3E,  45,  989,   80,   90,   70,   60,    0,    0,    0,    0,    0,    0,    0,    0, -999
20140406, 0600,  , TS, 27.9S,  87.8E,  40,  993,   80,   90,   70,   60,    0,    0,    0,    0,    0,    0,    0,    0, -999
20140406, 1200,  , TS, 30.2S,  89.1E,  35,  996,   80,   90,   70,   60,    0,    0,    0,    0,    0,    0,    0,    0, -999
