SH222020,             HEROLD,     36,
20200312, 0600,  , DB, 14.0S,  54.4E,  20, 1004,    0,    0,    0,    0,    0,    0,    0,    0,    0,    0,    0,    0, -999
20200312, 1200,  , DB, 14.0S,  53.9E,  20, 1004,    0,    0,    0,    0,    0,    0,    0,    0,    0,    0,    0,    0, -999
20200312, 1800,  , TD, 14.1S,  53.4E,  25, 1003,    0,    0,    0,    0,    0,    0,    0,    0,    0,    0,    0,    0, -999
20200313, 0000,  , TD, 14.1S,  52.9E,  30, 1002,    0,    0,    0,    0,    0,    0,    0,    0,    0,    0,    0,    0, -999
20200313, 0600,  , TS, 14.3S,  52.4E,  35,  999,   35,    0,    0,   50,    0,    0,    0,    0,    0,    0,    0,    0, -999
20200313, 1200,  , TS, 14.7S,  52.0E,  40, 1001,   50,   20,   25,   65,    0,    0,    0,    0,    0,    0,    0,    0, -999
20200313, 1800,  , TS, 14.9S,  51.4E,  45,  999,   65,   20,   30,   85,    0,    0,    0,    0,    0,    0,    0,    0, -999
20200314, 0000,  , TS, 15.2S,  51.0E,  55,  992,   75,   45,   40,   75,   25,   25,   20,   20,    0,    0,    0,    0, -999
20200314, 0600,  , TS, 15.1S,  50.9E,  60,  992,   75,   65,   45,   75,   25,   25,   25,   25,    0,    0,    0,    0, -999
20200314, 1200,  , TS, 15.0S,  51.0E,  60,  987,   70,   50,   50,   70,   25,   25,   25,   25,    0,    0,    0,    0, -999
20200314, 1800,  , TS, 15.0S,  51.2E,  60,  988,   65,   40,   50,   65,   25,   25,   25,   40,    0,    0,    0,    0, -999
20200315, 0000,  , HU, 15.0S,  51.4E,  65,  984,   70,   45,   70,   60,   30,   30,   25,   35,   20,   15,   15,   15, -999
20200315, 0600,  , HU, 15.0S,  51.7E,  65,  986,   70,   50,   45,   60,   35,   30,   25,   35,   20,   20,   15,   20, -999
20200315, 1200,  , HU, 15.2S,  52.0E,  65,  983,   75,   50,   65,   65,   40,   30,   35,   40,   20,   20,   20,   20, -999
20200315, 1800,  , HU, 15.3S,  52.6E,  70,  982,   75,   55,   75,   65,   40,   35,   45,   45,   20,   20,   20,   20, -999
20200316, 0000,  , HU, 15.4S,  53.3E,  65,  983,   80,   60,   85,   60,   45,   40,   55,   50,   25,   25,   20,   20, -999
20200316, 0600,  , HU, 15.6S,  54.1E,  70,  982,  100,   50,   60,   75,   45,   25,   25,   25,   20,   15,   15,   15, -999
20200316, 1200,  , HU, 16.0S,  55.2E,  75,  977,   85,   70,   70,   80,   50,   35,   35,   35,   25,   20,   20,   20, -999
20200316, 1800,  , HU, 16.7S,  56.7E,  80,  974,   80,   80,   75,   80,   50,   40,   45,   45,   30,   25,   20,   25, -999
20200317, 0000,  , HU, 17.9S,  58.4E,  90,  968,   90,   80,   85,   85,   70,   50,   50,   50,   40,   25,   20,   30, -999
20200317, 0300,  , HU, 18.5S,  59.3E, 100,  960,   95,   85,   95,   90,   60,   45,   60,   55,   40,   20,   20,   30, -999
20200317, 0600,  , HU, 19.0S,  60.3E, 100,  963,  100,   85,  100,   90,   50,   35,   65,   65,   25,   15,   20,   30, -999
20200317, 1200,  , HU, 20.0S,  62.0E,  90,  970,  105,   80,   90,   85,   50,   40,   60,   55,   25,   15,   20,   30, -999
20200317, 1800,  , HU, 20.9S,  63.5E,  80,  976,  100,   75,   90,   75,   40,   35,   50,   45,   20,   20,   15,   25, -999
20200318, 0000,  , HU, 21.8S,  65.0E,  70,  983,  100,   70,   85,   70,   40,   35,   45,   40,   15,   15,   15,   15, -999
20200318, 0600,  , TS, 22.7S,  66.1E,  60,  989,  100,   70,   85,   65,   35,   35,   45,   35,    0,    0,    0,    0, -999
20200318, 1200,  , TS, 23.4S,  67.4E,  55,  991,   95,   70,   55,   75,   35,   30,   35,   30,    0,    0,    0,    0, -999
20200318, 1800,  , TS, 24.1S,  68.7E,  45,  997,   95,   60,   50,   80,    0,    0,    0,    0,    0,    0,    0,    0, -999
20200319, 0000,  , TS, 24.8S,  69.9E,  45,  996,   85,   55,   40,   80,    0,    0,    0,    0,    0,    0,    0,    0, -999
20200319, 0600,  , TS, 25.4S,  71.1E,  40, 1000,   80,   60,    0,    0,    0,    0,    0,    0,    0,    0,    0,    0, -999
20200319, 1200,  , TS, 26.0S,  72.0E,  35, 1002,   60,   40,    0,    0,    0,    0,    0,    0,    0,    0,    0,    0, -999
20200319, 1800,  , TD, 26.7S,  72.9E,  30, 1001,    0,    0,    0,    0,    0,    0,    0,    0,    0,    0,    0,    0, -999
20200320, 0000,  , TD, 27.3S,  73.5E,  25, 1003,    0,    0,    0,    0,    0,    0,    0,    0,    0,    0,    0,    0, -999
20200320, 0600,  , XX, 28.6S,  74.4E,  25, 1007,    0,    0,    0,    0,    0,    0,    0,    0,    0,    0,    0,    0, -999
20200320, 1200,  , XX, 29.8S,  75.5E,  25, 1004,    0,    0,    0,    0,    0,    0,    0,    0,    0,    0,    0,    0, -999
20200320, 1800,  , XX, 31.6S,  76.8E,  25, 1003,    0,    0,    0,    0,    0,    0,    0,    0,    0,    0,    0,    0, -999
