SH222003,            UNNAMED,     46,
20030304, 0000,  , TD, 20.1S, 152.4E,  20, 1004,    0,    0,    0,    0,    0,    0,    0,    0,    0,    0,    0,    0, -999
20030304, 0600,  , TD, 20.8S, 153.1E,  25, 1002,    0,    0,    0,    0,    0,    0,    0,    0,    0,    0,    0,    0, -999
20030304, 1200,  , TD, 21.3S, 154.0E,  30, 1000,    0,    0,    0,    0,    0,    0,    0,    0,    0,    0,    0,    0, -999
20030304, 1800,  , TD, 20.8S, 154.6E,  30, 1000,    0,    0,    0,    0,    0,    0,    0,    0,    0,    0,    0,    0, -999
20030305, 0000,  , TD, 20.3S, 155.0E,  30, 1000,    0,    0,    0,    0,    0,    0,    0,    0,    0,    0,    0,    0, -999
20030305, 0600,  , TS, 19.7S, 155.1E,  35,  997,   40,  120,  120,   40,    0,    0,    0,    0,    0,    0,    0,    0, -999
20030305, 1200,  , TS, 19.0S, 155.3E,  35,  997,    0,    0,    0,    0,    0,    0,    0,    0,    0,    0,    0,    0, -999
20030305, 1800,  , TS, 18.3S, 155.0E,  35,  997,    0,    0,    0,    0,    0,    0,    0,    0,    0,    0,    0,    0, -999
20030306, 0000,  , TD, 17.6S, 154.4E,  30, 1000,    0,    0,    0,    0,    0,    0,    0,    0,    0,    0,    0,    0, -999
20030306, 0600,  , TD, 16.8S, 153.9E,  30, 1000,    0,    0,    0,    0,    0,    0,    0,    0,    0,    0,    0,    0, -999
20030306, 1200,  , TD, 16.2S, 153.8E,  30, 1000,    0,    0,    0,    0,    0,    0,    0,    0,    0,    0,    0,    0, -999
20030306, 1800,  , TD, 15.6S, 153.8E,  30, 1000,    0,    0,    0,    0,    0,    0,    0,    0,    0,    0,    0,    0, -999
20030307, 0000,  , TD, 15.0S, 153.7E,  30, 1000,    0,    0,    0,    0,    0,    0,    0,    0,    0,    0,    0,    0, -999
20030307, 0600,  , TD, 14.4S, 153.6E,  25, 1002,    0,    0,    0,    0,    0,    0,    0,    0,    0,    0,    0,    0, -999
20030307, 1200,  , TD, 13.8S, 153.5E,  25, 1002,    0,    0,    0,    0,    0,    0,    0,    0,    0,    0,    0,    0, -999
20030307, 1800,  , TD, 13.9S, 153.1E,  25, 1002,    0,    0,    0,    0,    0,    0,    0,    0,    0,    0,    0,    0, -999
20030308, 0000,  , TD, 14.0S, 153.7E,  25, 1002,    0,    0,    0,    0,    0,    0,    0,    0,    0,    0,    0,    0, -999
20030308, 0600,  , TD, 13.6S, 154.1E,  25, 1002,    0,    0,    0,    0,    0,    0,    0,    0,    0,    0,    0,    0, -999
20030308, 1200,  , TD, 12.9S, 154.3E,  25, 1002,    0,    0,    0,    0,    0,    0,    0,    0,    0,    0,    0,    0, -999
20030308, 1800,  , TD, 12.4S, 154.7E,  25, 1002,    0,    0,    0,    0,    0,    0,    0,    0,    0,    0,    0,    0, -999
20030309, 0000,  , TD, 12.3S, 155.3E,  25, 1002,    0,    0,    0,    0,    0,    0,    0,    0,    0,    0,    0,    0, -999
20030309, 0600,  , TD, 12.3S, 154.4E,  25, 1002,    0,    0,    0,    0,    0,    0,    0,    0,    0,    0,    0,    0, -999
20030309, 1200,  , TD, 12.4S, 155.6E,  25, 1002,    0,    0,    0,    0,    0,    0,    0,    0,    0,    0,    0,    0, -999
20030309, 1800,  , TD, 12.4S, 156.5E,  25, 1002,    0,    0,    0,    0,    0,    0,    0,    0,    0,    0,    0,    0, -999
20030310, 0000,  , TD, 12.3S, 157.3E,  25, 1002,    0,    0,    0,    0,    0,    0,    0,    0,    0,    0,    0,    0, -999
20030310, 0600,  , TD, 12.1S, 157.8E,  30, 1000,    0,    0,    0,    0,    0,    0,    0,    0,    0,    0,    0,    0, -999
20030310, 1200,  , TS, 12.2S, 158.3E,  35,  997,    0,    0,    0,    0,    0,    0,    0,    0,    0,    0,    0,    0, -999
20030310, 1800,  , TS, 12.7S, 158.2E,  35,  997,    0,    0,    0,    0,    0,    0,    0,    0,    0,    0,    0,    0, -999
20030311, 0000,  , TS, 13.0S, 158.5E,  40,  994,   55,   55,   55,   55,    0,    0,    0,    0,    0,    0,    0,    0, -999
20030311, 0600,  , TS, 13.4S, 158.9E,  45,  994,   55,   55,   55,   55,    0,    0,    0,    0,    0,    0,    0,    0, -999
20030311, 1200,  , TS, 14.2S, 159.3E,  50,  987,  120,   60,  120,  120,    0,    0,    0,    0,    0,    0,    0,    0, -999
20030311, 1800,  , TS, 15.2S, 159.6E,  55,  984,  120,   60,  120,  120,    0,    0,    0,    0,    0,    0,    0,    0, -999
20030312, 0000,  , HU, 16.2S, 159.7E,  65,  976,   80,   80,   80,  120,    0,    0,    0,    0,    0,    0,    0,    0, -999
20030312, 0600,  , HU, 17.1S, 159.9E,  65,  976,   80,   80,   80,  120,    0,    0,    0,    0,    0,    0,    0,    0, -999
20030312, 1200,  , HU, 17.9S, 160.4E,  90,  954,  120,   80,   80,  120,    0,    0,    0,    0,    0,    0,    0,    0, -999
20030312, 1800,  , HU, 18.8S, 160.8E, 115,  927,  120,   90,   90,  120,    0,    0,    0,    0,    0,    0,    0,    0, -999
20030313, 0000,  , XX, 19.6S, 161.3E, 130,  910,  120,   90,   90,  120,    0,    0,    0,    0,    0,    0,    0,    0, -999
20030313, 0600,  , XX, 20.2S, 162.0E, 130,  910,  120,  120,   90,   90,    0,    0,    0,    0,    0,    0,    0,    0, -999
20030313, 1200,  , XX, 20.7S, 162.9E, 130,  910,  120,  120,   90,   90,    0,    0,    0,    0,    0,    0,    0,    0, -999
20030313, 1800,  , HU, 21.1S, 164.2E, 125,  916,  120,  120,   95,   95,    0,    0,    0,    0,    0,    0,    0,    0, -999
20030314, 0000,  , HU, 22.1S, 166.1E, 100,  944,  120,  120,  100,  100,    0,    0,    0,    0,    0,    0,    0,    0, -999
20030314, 0600,  , HU, 23.1S, 168.7E,  90,  954,  120,  120,  100,  100,    0,    0,    0,    0,    0,    0,    0,    0, -999
20030314, 1200,  , HU, 24.5S, 171.1E,  80,  963,  120,  120,  100,  100,    0,    0,    0,    0,    0,    0,    0,    0, -999
20030314, 1800,  , HU, 25.9S, 173.5E,  70,  972,  120,  120,  100,  100,    0,    0,    0,    0,    0,    0,    0,    0, -999
20030315, 0000,  , TS, 27.5S, 176.1E,  60,  980,  130,  130,  110,  110,    0,    0,    0,    0,    0,    0,    0,    0, -999
20030315, 0600,  , TD, 28.8S, 179.0E,  30, 1000,  130,  130,  110,  110,    0,    0,    0,    0,    0,    0,    0,    0, -999
