SH231962,            UNNAMED,     16,
19620301, 1800,  , LO, 15.0S, 101.0E,  20,    0,    0,    0,    0,    0,    0,    0,    0,    0,    0,    0,    0,    0, -999
19620302, 0000,  , LO, 15.0S, 101.0E,  10,    0,    0,    0,    0,    0,    0,    0,    0,    0,    0,    0,    0,    0, -999
19620302, 0600,  , LO, 15.2S, 100.6E,  10,    0,    0,    0,    0,    0,    0,    0,    0,    0,    0,    0,    0,    0, -999
19620302, 1200,  , LO, 15.5S, 100.1E,  20,    0,    0,    0,    0,    0,    0,    0,    0,    0,    0,    0,    0,    0, -999
19620302, 1800,  , LO, 15.8S,  99.6E,  25,    0,    0,    0,    0,    0,    0,    0,    0,    0,    0,    0,    0,    0, -999
19620303, 0000,  , LO, 16.0S,  99.1E,  20,    0,    0,    0,    0,    0,    0,    0,    0,    0,    0,    0,    0,    0, -999
19620303, 0600,  , LO, 16.0S,  98.8E,  20,    0,    0,    0,    0,    0,    0,    0,    0,    0,    0,    0,    0,    0, -999
19620303, 1200,  , LO, 16.0S,  98.6E,  10,    0,    0,    0,    0,    0,    0,    0,    0,    0,    0,    0,    0,    0, -999
19620303, 1800,  , LO, 16.0S,  98.3E,  10,    0,    0,    0,    0,    0,    0,    0,    0,    0,    0,    0,    0,    0, -999
19620304, 0000,  , LO, 16.0S,  98.0E,  10,    0,    0,    0,    0,    0,    0,    0,    0,    0,    0,    0,    0,    0, -999
19620304, 0600,  , LO, 16.0S,  97.6E,  10,    0,    0,    0,    0,    0,    0,    0,    0,    0,    0,    0,    0,    0, -999
19620304, 1200,  , LO, 16.0S,  96.6E,  10,    0,    0,    0,    0,    0,    0,    0,    0,    0,    0,    0,    0,    0, -999
19620304, 1800,  , LO, 16.0S,  95.8E,  10,    0,    0,    0,    0,    0,    0,    0,    0,    0,    0,    0,    0,    0, -999
19620305, 0000,  , LO, 16.0S,  95.2E,  10,    0,    0,    0,    0,    0,    0,    0,    0,    0,    0,    0,    0,    0, -999
19620305, 0600,  , LO, 16.0S,  94.6E,  10,    0,    0,    0,    0,    0,    0,    0,    0,    0,    0,    0,    0,    0, -999
19620305, 1200,  , LO, 16.0S,  94.1E,  15,    0,    0,    0,    0,    0,    0,    0,    0,    0,    0,    0,    0,    0, -999
