SH232003,            UNNAMED,     50,
20030303, 1800,  , TD, 10.7S,  78.4E,  15, 1006,    0,    0,    0,    0,    0,    0,    0,    0,    0,    0,    0,    0, -999
20030304, 0000,  , TD, 10.9S,  78.5E,  15, 1006,    0,    0,    0,    0,    0,    0,    0,    0,    0,    0,    0,    0, -999
20030304, 0600,  , TD, 11.2S,  78.6E,  25, 1002,    0,    0,    0,    0,    0,    0,    0,    0,    0,    0,    0,    0, -999
20030304, 1200,  , TD, 11.5S,  78.7E,  25, 1002,    0,    0,    0,    0,    0,    0,    0,    0,    0,    0,    0,    0, -999
20030304, 1800,  , TD, 11.5S,  78.4E,  30, 1000,    0,    0,    0,    0,    0,    0,    0,    0,    0,    0,    0,    0, -999
20030305, 0000,  , TS, 11.5S,  78.0E,  35,  997,    0,    0,    0,    0,    0,    0,    0,    0,    0,    0,    0,    0, -999
20030305, 0600,  , TD, 11.3S,  77.5E,  30, 1000,    0,    0,    0,    0,    0,    0,    0,    0,    0,    0,    0,    0, -999
20030305, 1200,  , TS, 11.1S,  77.0E,  35,  997,    0,    0,    0,    0,    0,    0,    0,    0,    0,    0,    0,    0, -999
20030305, 1800,  , TS, 10.9S,  76.7E,  40,  994,   85,   85,   85,   85,    0,    0,    0,    0,    0,    0,    0,    0, -999
20030306, 0000,  , TS, 11.1S,  76.5E,  40,  994,   85,   90,   90,   85,    0,    0,    0,    0,    0,    0,    0,    0, -999
20030306, 0600,  , TS, 11.2S,  76.2E,  45,  991,   85,   90,   90,   90,    0,    0,    0,    0,    0,    0,    0,    0, -999
20030306, 1200,  , TS, 11.5S,  75.7E,  55,  984,   85,   90,   90,   90,    0,    0,    0,    0,    0,    0,    0,    0, -999
20030306, 1800,  , TS, 11.8S,  75.0E,  55,  984,   90,  100,  100,  100,    0,    0,    0,    0,    0,    0,    0,    0, -999
20030307, 0000,  , HU, 12.1S,  74.3E,  65,  976,   90,  100,  100,  100,    0,    0,    0,    0,    0,    0,    0,    0, -999
20030307, 0600,  , HU, 12.5S,  73.6E,  75,  967,  100,  120,  120,  120,    0,    0,    0,    0,    0,    0,    0,    0, -999
20030307, 1200,  , HU, 13.0S,  72.8E, 100,  944,  100,  120,  120,  120,    0,    0,    0,    0,    0,    0,    0,    0, -999
20030307, 1800,  , HU, 13.4S,  72.0E, 105,  938,  120,  100,  100,  120,    0,    0,    0,    0,    0,    0,    0,    0, -999
20030308, 0000,  , XX, 13.7S,  71.2E, 130,  910,  120,  120,  130,  130,    0,    0,    0,    0,    0,    0,    0,    0, -999
20030308, 0600,  , XX, 14.0S,  70.4E, 140,  898,  115,  115,  130,  130,    0,    0,    0,    0,    0,    0,    0,    0, -999
20030308, 1200,  , XX, 14.4S,  69.7E, 130,  910,  120,  120,  130,  130,    0,    0,    0,    0,    0,    0,    0,    0, -999
20030308, 1800,  , XX, 14.8S,  69.2E, 130,  910,  120,  120,  130,  130,    0,    0,    0,    0,    0,    0,    0,    0, -999
20030309, 0000,  , HU, 15.3S,  68.8E, 120,  922,  120,  120,  130,  130,    0,    0,    0,    0,    0,    0,    0,    0, -999
20030309, 0600,  , HU, 15.7S,  68.3E, 120,  922,  120,  120,  130,  130,    0,    0,    0,    0,    0,    0,    0,    0, -999
20030309, 1200,  , HU, 16.1S,  67.9E, 115,  927,  110,  130,  130,  110,    0,    0,    0,    0,    0,    0,    0,    0, -999
20030309, 1800,  , HU, 16.4S,  67.5E, 115,  927,  110,  110,  130,  110,    0,    0,    0,    0,    0,    0,    0,    0, -999
20030310, 0000,  , HU, 16.7S,  67.1E, 115,  927,  105,  105,  120,  105,    0,    0,    0,    0,    0,    0,    0,    0, -999
20030310, 0600,  , HU, 17.0S,  66.7E, 115,  927,  105,  105,  120,  105,    0,    0,    0,    0,    0,    0,    0,    0, -999
20030310, 1200,  , HU, 17.4S,  66.4E, 100,  944,  105,  105,  120,  105,    0,    0,    0,    0,    0,    0,    0,    0, -999
20030310, 1800,  , HU, 17.7S,  66.0E, 100,  944,  105,  105,  120,  105,    0,    0,    0,    0,    0,    0,    0,    0, -999
20030311, 0000,  , HU, 17.9S,  65.6E, 100,  944,  120,  120,  100,  100,    0,    0,    0,    0,    0,    0,    0,    0, -999
20030311, 0600,  , HU, 18.1S,  65.2E, 100,  944,  120,  120,  100,  100,    0,    0,    0,    0,    0,    0,    0,    0, -999
20030311, 1200,  , HU, 18.4S,  64.9E, 100,  944,  120,  120,  100,  100,    0,    0,    0,    0,    0,    0,    0,    0, -999
20030311, 1800,  , HU, 18.6S,  64.6E, 100,  944,  120,  120,  100,  100,    0,    0,    0,    0,    0,    0,    0,    0, -999
20030312, 0000,  , HU, 18.8S,  64.3E, 105,  938,  100,  150,  100,  100,    0,    0,    0,    0,    0,    0,    0,    0, -999
20030312, 0600,  , HU, 19.1S,  64.1E, 105,  938,  100,  150,  100,  100,    0,    0,    0,    0,    0,    0,    0,    0, -999
20030312, 1200,  , HU, 19.5S,  63.9E, 105,  938,  100,  150,  100,  100,    0,    0,    0,    0,    0,    0,    0,    0, -999
20030312, 1800,  , HU, 20.0S,  63.9E,  90,  954,  100,  125,  100,  100,    0,    0,    0,    0,    0,    0,    0,    0, -999
20030313, 0000,  , HU, 20.5S,  64.1E,  90,  954,  100,  125,  100,  100,    0,    0,    0,    0,    0,    0,    0,    0, -999
20030313, 0600,  , HU, 21.1S,  64.3E,  90,  954,  100,  125,  100,  100,    0,    0,    0,    0,    0,    0,    0,    0, -999
20030313, 1200,  , HU, 21.8S,  64.5E,  85,  958,  100,  125,  100,  100,    0,    0,    0,    0,    0,    0,    0,    0, -999
20030313, 1800,  , HU, 22.4S,  64.8E,  80,  963,  110,  135,  110,  110,    0,    0,    0,    0,    0,    0,    0,    0, -999
20030314, 0000,  , HU, 23.2S,  64.9E,  65,  976,  110,  135,  110,  110,    0,    0,    0,    0,    0,    0,    0,    0, -999
20030314, 0600,  , HU, 24.0S,  65.1E,  65,  976,  150,  150,  110,  110,    0,    0,    0,    0,    0,    0,    0,    0, -999
20030314, 1200,  , TS, 24.8S,  65.2E,  55,  984,   90,  120,   90,   90,    0,    0,    0,    0,    0,    0,    0,    0, -999
20030314, 1800,  , TS, 25.6S,  65.3E,  50,  987,   90,  120,   90,   90,    0,    0,    0,    0,    0,    0,    0,    0, -999
20030315, 0000,  , TS, 26.5S,  65.6E,  40,  994,   90,  120,   90,   90,    0,    0,    0,    0,    0,    0,    0,    0, -999
20030315, 0600,  , TS, 27.5S,  66.1E,  35,  997,   90,  120,   90,   90,    0,    0,    0,    0,    0,    0,    0,    0, -999
20030315, 1200,  , TD, 28.7S,  66.2E,  30, 1000,    0,    0,    0,    0,    0,    0,    0,    0,    0,    0,    0,    0, -999
20030315, 1800,  , TD, 29.6S,  66.4E,  25, 1002,    0,    0,    0,    0,    0,    0,    0,    0,    0,    0,    0,    0, -999
20030316, 0000,  , TD, 30.4S,  66.7E,  25, 1002,    0,    0,    0,    0,    0,    0,    0,    0,    0,    0,    0,    0, -999
