SH232020,             GRETEL,     14,
20200313, 1200,  , XX, 16.5S, 152.9E,  30,  997,    0,    0,    0,    0,    0,    0,    0,    0,    0,    0,    0,    0, -999
20200313, 1800,  , XX, 16.5S, 153.8E,  35,  996,  100,    0,    0,  100,    0,    0,    0,    0,    0,    0,    0,    0, -999
20200314, 0000,  , TS, 16.7S, 154.8E,  35,  991,  110,    0,    0,  110,    0,    0,    0,    0,    0,    0,    0,    0, -999
20200314, 0600,  , TS, 17.2S, 156.5E,  35,  988,  120,    0,    0,  120,    0,    0,    0,    0,    0,    0,    0,    0, -999
20200314, 1200,  , TS, 17.9S, 158.3E,  40,  987,  130,    0,  130,  130,    0,    0,    0,    0,    0,    0,    0,    0, -999
20200314, 1800,  , TS, 18.9S, 160.2E,  45,  987,  150,   60,  130,  105,    0,    0,    0,    0,    0,    0,    0,    0, -999
20200315, 0000,  , TS, 20.2S, 161.8E,  55,  982,  160,  115,  125,   80,   65,   55,   50,   45,    0,    0,    0,    0, -999
20200315, 0600,  , HU, 21.7S, 163.4E,  65,  974,  280,  160,  170,  115,  100,   50,   55,  100,   55,    0,    0,    0, -999
20200315, 1200,  , TS, 23.1S, 165.5E,  60,  978,  285,  190,  170,  100,  110,   50,   55,   60,    0,    0,    0,    0, -999
20200315, 1800,  , TS, 24.9S, 167.7E,  55,  977,  290,  220,  205,  115,  115,   50,   60,   70,    0,    0,    0,    0, -999
20200316, 0000,  , TS, 26.8S, 169.7E,  50,  978,  295,  250,  210,  125,  120,   55,   70,   80,    0,    0,    0,    0, -999
20200316, 0600,  , TS, 28.3S, 171.9E,  55,  974,  300,  300,  205,  140,  130,   60,   80,   70,    0,    0,    0,    0, -999
20200316, 1200,  , XX, 30.1S, 174.0E,  55,  971,  250,  270,  240,  250,  140,   65,   70,   60,    0,    0,    0,    0, -999
20200316, 1800,  , XX, 31.4S, 177.0E,  55,  982,  280,  250,  280,  260,  165,   70,   60,   50,    0,    0,    0,    0, -999
