SH231984,            UNNAMED,     11,
19840212, 1200,  , LO, 20.3S,  41.1E,  30,    0,    0,    0,    0,    0,    0,    0,    0,    0,    0,    0,    0,    0, -999
19840212, 1800,  , LO, 21.3S,  41.1E,  30,    0,    0,    0,    0,    0,    0,    0,    0,    0,    0,    0,    0,    0, -999
19840213, 0000,  , TS, 22.2S,  41.0E,  35,    0,    0,    0,    0,    0,    0,    0,    0,    0,    0,    0,    0,    0, -999
19840213, 0600,  , TS, 23.0S,  40.9E,  35,    0,    0,    0,    0,    0,    0,    0,    0,    0,    0,    0,    0,    0, -999
19840213, 1200,  , TS, 23.8S,  40.8E,  40,    0,    0,    0,    0,    0,    0,    0,    0,    0,    0,    0,    0,    0, -999
19840213, 1800,  , TS, 24.5S,  40.5E,  40,    0,    0,    0,    0,    0,    0,    0,    0,    0,    0,    0,    0,    0, -999
19840214, 0000,  , TS, 25.0S,  40.1E,  45,    0,    0,    0,    0,    0,    0,    0,    0,    0,    0,    0,    0,    0, -999
19840214, 0600,  , TS, 25.4S,  39.6E,  45,    0,    0,    0,    0,    0,    0,    0,    0,    0,    0,    0,    0,    0, -999
19840214, 1200,  , TS, 25.8S,  39.2E,  45,    0,    0,    0,    0,    0,    0,    0,    0,    0,    0,    0,    0,    0, -999
19840214, 1800,  , TS, 26.1S,  38.8E,  45,    0,    0,    0,    0,    0,    0,    0,    0,    0,    0,    0,    0,    0, -999
19840215, 0000,  , TS, 26.3S,  38.4E,  40,    0,    0,    0,    0,    0,    0,    0,    0,    0,    0,    0,    0,    0, -999
