SH231996,            UNNAMED,     45,
19960319, 0600,  , LO, 11.9S, 169.9E,  15,    0,    0,    0,    0,    0,    0,    0,    0,    0,    0,    0,    0,    0, -999
19960319, 1200,  , LO, 12.0S, 170.1E,  15,    0,    0,    0,    0,    0,    0,    0,    0,    0,    0,    0,    0,    0, -999
19960319, 1800,  , LO, 12.1S, 170.3E,  15,    0,    0,    0,    0,    0,    0,    0,    0,    0,    0,    0,    0,    0, -999
19960320, 0000,  , LO, 12.2S, 170.5E,  20,    0,    0,    0,    0,    0,    0,    0,    0,    0,    0,    0,    0,    0, -999
19960320, 0600,  , LO, 12.3S, 170.5E,  20,    0,    0,    0,    0,    0,    0,    0,    0,    0,    0,    0,    0,    0, -999
19960320, 1200,  , LO, 12.4S, 170.5E,  20,    0,    0,    0,    0,    0,    0,    0,    0,    0,    0,    0,    0,    0, -999
19960320, 1800,  , LO, 12.5S, 170.3E,  25,    0,    0,    0,    0,    0,    0,    0,    0,    0,    0,    0,    0,    0, -999
19960321, 0000,  , LO, 12.5S, 170.0E,  25,    0,    0,    0,    0,    0,    0,    0,    0,    0,    0,    0,    0,    0, -999
19960321, 0600,  , LO, 12.5S, 169.8E,  25,    0,    0,    0,    0,    0,    0,    0,    0,    0,    0,    0,    0,    0, -999
19960321, 1200,  , LO, 12.6S, 169.5E,  25,    0,    0,    0,    0,    0,    0,    0,    0,    0,    0,    0,    0,    0, -999
19960321, 1800,  , LO, 12.7S, 169.3E,  25,    0,    0,    0,    0,    0,    0,    0,    0,    0,    0,    0,    0,    0, -999
19960322, 0000,  , LO, 12.8S, 169.4E,  25,    0,    0,    0,    0,    0,    0,    0,    0,    0,    0,    0,    0,    0, -999
19960322, 0600,  , LO, 13.0S, 169.6E,  30,    0,    0,    0,    0,    0,    0,    0,    0,    0,    0,    0,    0,    0, -999
19960322, 1200,  , LO, 13.3S, 169.9E,  30,    0,    0,    0,    0,    0,    0,    0,    0,    0,    0,    0,    0,    0, -999
19960322, 1800,  , LO, 13.8S, 170.0E,  30,    0,    0,    0,    0,    0,    0,    0,    0,    0,    0,    0,    0,    0, -999
19960323, 0000,  , TS, 14.4S, 170.0E,  35,    0,    0,    0,    0,    0,    0,    0,    0,    0,    0,    0,    0,    0, -999
19960323, 0600,  , TS, 15.1S, 169.8E,  35,    0,    0,    0,    0,    0,    0,    0,    0,    0,    0,    0,    0,    0, -999
19960323, 1200,  , TS, 15.6S, 169.6E,  35,    0,    0,    0,    0,    0,    0,    0,    0,    0,    0,    0,    0,    0, -999
19960323, 1800,  , TS, 16.0S, 169.1E,  40,    0,    0,    0,    0,    0,    0,    0,    0,    0,    0,    0,    0,    0, -999
19960324, 0000,  , TS, 16.1S, 168.5E,  45,    0,    0,    0,    0,    0,    0,    0,    0,    0,    0,    0,    0,    0, -999
19960324, 0600,  , TS, 16.2S, 167.9E,  55,    0,    0,    0,    0,    0,    0,    0,    0,    0,    0,    0,    0,    0, -999
19960324, 1200,  , TS, 16.4S, 167.3E,  55,    0,    0,    0,    0,    0,    0,    0,    0,    0,    0,    0,    0,    0, -999
19960324, 1800,  , HU, 16.7S, 166.6E,  75,    0,    0,    0,    0,    0,    0,    0,    0,    0,    0,    0,    0,    0, -999
19960325, 0000,  , HU, 16.9S, 165.9E,  65,    0,    0,    0,    0,    0,    0,    0,    0,    0,    0,    0,    0,    0, -999
19960325, 0600,  , HU, 17.1S, 165.3E,  70,    0,    0,    0,    0,    0,    0,    0,    0,    0,    0,    0,    0,    0, -999
19960325, 1200,  , HU, 17.3S, 164.7E,  75,    0,    0,    0,    0,    0,    0,    0,    0,    0,    0,    0,    0,    0, -999
19960325, 1800,  , HU, 17.6S, 164.3E,  80,    0,    0,    0,    0,    0,    0,    0,    0,    0,    0,    0,    0,    0, -999
19960326, 0000,  , HU, 18.0S, 164.1E,  90,    0,    0,    0,    0,    0,    0,    0,    0,    0,    0,    0,    0,    0, -999
19960326, 0600,  , HU, 18.4S, 164.1E,  95,    0,    0,    0,    0,    0,    0,    0,    0,    0,    0,    0,    0,    0, -999
19960326, 1200,  , HU, 18.9S, 164.3E, 100,    0,    0,    0,    0,    0,    0,    0,    0,    0,    0,    0,    0,    0, -999
19960326, 1800,  , HU, 19.6S, 164.7E, 105,    0,    0,    0,    0,    0,    0,    0,    0,    0,    0,    0,    0,    0, -999
19960327, 0000,  , HU, 20.5S, 165.3E, 105,    0,    0,    0,    0,    0,    0,    0,    0,    0,    0,    0,    0,    0, -999
19960327, 0600,  , HU, 21.5S, 165.8E, 100,    0,    0,    0,    0,    0,    0,    0,    0,    0,    0,    0,    0,    0, -999
19960327, 1200,  , HU, 22.1S, 166.1E, 105,    0,    0,    0,    0,    0,    0,    0,    0,    0,    0,    0,    0,    0, -999
19960327, 1800,  , HU, 23.2S, 166.8E,  95,    0,    0,    0,    0,    0,    0,    0,    0,    0,    0,    0,    0,    0, -999
19960328, 0000,  , HU, 24.2S, 167.6E,  75,    0,    0,    0,    0,    0,    0,    0,    0,    0,    0,    0,    0,    0, -999
19960328, 0600,  , HU, 25.2S, 168.4E,  65,    0,    0,    0,    0,    0,    0,    0,    0,    0,    0,    0,    0,    0, -999
19960328, 1200,  , TS, 26.1S, 169.2E,  55,    0,    0,    0,    0,    0,    0,    0,    0,    0,    0,    0,    0,    0, -999
19960328, 1800,  , TS, 27.2S, 170.6E,  45,    0,    0,    0,    0,    0,    0,    0,    0,    0,    0,    0,    0,    0, -999
19960329, 0000,  , TS, 28.3S, 172.1E,  40,    0,    0,    0,    0,    0,    0,    0,    0,    0,    0,    0,    0,    0, -999
19960329, 0600,  , TS, 29.6S, 173.8E,  35,    0,    0,    0,    0,    0,    0,    0,    0,    0,    0,    0,    0,    0, -999
19960329, 1200,  , LO, 30.8S, 175.5E,  30,    0,    0,    0,    0,    0,    0,    0,    0,    0,    0,    0,    0,    0, -999
19960329, 1800,  , LO, 31.7S, 177.2E,  25,    0,    0,    0,    0,    0,    0,    0,    0,    0,    0,    0,    0,    0, -999
19960330, 0000,  , LO, 32.5S, 179.0E,  25,    0,    0,    0,    0,    0,    0,    0,    0,    0,    0,    0,    0,    0, -999
19960330, 0600,  , LO, 33.2S, 179.2W,  20,    0,    0,    0,    0,    0,    0,    0,    0,    0,    0,    0,    0,    0, -999
