SH231957,            UNNAMED,     17,
19570224, 1800,  , LO, 14.0S, 178.0W,  15,    0,    0,    0,    0,    0,    0,    0,    0,    0,    0,    0,    0,    0, -999
19570225, 0000,  , LO, 14.8S, 178.5W,  20,    0,    0,    0,    0,    0,    0,    0,    0,    0,    0,    0,    0,    0, -999
19570225, 0600,  , LO, 15.5S, 179.0W,  25,    0,    0,    0,    0,    0,    0,    0,    0,    0,    0,    0,    0,    0, -999
19570225, 1200,  , LO, 16.0S, 179.7W,  30,    0,    0,    0,    0,    0,    0,    0,    0,    0,    0,    0,    0,    0, -999
19570225, 1800,  , LO, 16.5S, 179.7E,  30,    0,    0,    0,    0,    0,    0,    0,    0,    0,    0,    0,    0,    0, -999
19570226, 0000,  , TS, 17.5S, 179.1E,  35,    0,    0,    0,    0,    0,    0,    0,    0,    0,    0,    0,    0,    0, -999
19570226, 0600,  , TS, 18.5S, 178.5E,  40,    0,    0,    0,    0,    0,    0,    0,    0,    0,    0,    0,    0,    0, -999
19570226, 1200,  , TS, 19.4S, 177.9E,  35,    0,    0,    0,    0,    0,    0,    0,    0,    0,    0,    0,    0,    0, -999
19570226, 1800,  , LO, 20.3S, 177.3E,  30,    0,    0,    0,    0,    0,    0,    0,    0,    0,    0,    0,    0,    0, -999
19570227, 0000,  , TS, 20.9S, 178.0E,  35,    0,    0,    0,    0,    0,    0,    0,    0,    0,    0,    0,    0,    0, -999
19570227, 0600,  , TS, 21.5S, 179.0E,  35,    0,    0,    0,    0,    0,    0,    0,    0,    0,    0,    0,    0,    0, -999
19570227, 1200,  , TS, 23.1S, 178.7E,  40,    0,    0,    0,    0,    0,    0,    0,    0,    0,    0,    0,    0,    0, -999
19570227, 1800,  , TS, 24.8S, 178.5E,  45,    0,    0,    0,    0,    0,    0,    0,    0,    0,    0,    0,    0,    0, -999
19570228, 0000,  , TS, 25.6S, 179.0E,  50,    0,    0,    0,    0,    0,    0,    0,    0,    0,    0,    0,    0,    0, -999
19570228, 0600,  , TS, 26.5S, 180.0E,  50,    0,    0,    0,    0,    0,    0,    0,    0,    0,    0,    0,    0,    0, -999
19570228, 1200,  , TS, 27.4S, 178.3W,  45,    0,    0,    0,    0,    0,    0,    0,    0,    0,    0,    0,    0,    0, -999
19570228, 1800,  , LO, 28.4S, 176.0W,  30,    0,    0,    0,    0,    0,    0,    0,    0,    0,    0,    0,    0,    0, -999
