SH242014,               JACK,     18,
20140418, 0600,  , TD, 11.9S,  92.8E,  25, 1004,    0,    0,    0,    0,    0,    0,    0,    0,    0,    0,    0,    0, -999
20140418, 1200,  , TD, 12.1S,  92.1E,  30, 1000,    0,    0,    0,    0,    0,    0,    0,    0,    0,    0,    0,    0, -999
20140418, 1800,  , TS, 12.5S,  91.5E,  40,  993,   35,   35,   35,    0,    0,    0,    0,    0,    0,    0,    0,    0, -999
20140419, 0000,  , TS, 12.9S,  91.2E,  45,  989,   50,   50,   50,   35,    0,    0,    0,    0,    0,    0,    0,    0, -999
20140419, 0600,  , TS, 13.5S,  90.9E,  55,  982,   50,   60,   55,   45,   25,   25,   25,   25,    0,    0,    0,    0, -999
20140419, 1200,  , HU, 13.9S,  90.7E,  65,  974,   60,   75,   65,   55,   30,   35,   30,   30,    0,    0,    0,    0, -999
20140419, 1800,  , HU, 14.3S,  90.7E,  85,  959,  100,  110,  100,   90,   45,   50,   50,   45,   30,   30,   30,   30, -999
20140420, 0000,  , HU, 14.6S,  90.7E,  90,  956,  110,  120,  100,   90,   55,   60,   60,   50,   30,   35,   30,   30, -999
20140420, 0600,  , HU, 14.8S,  90.7E,  90,  956,  115,  125,  115,   95,   60,   70,   65,   60,   35,   45,   40,   35, -999
20140420, 1200,  , HU, 14.9S,  90.9E,  85,  959,  115,  125,  115,   95,   60,   70,   65,   60,   35,   45,   40,   35, -999
20140420, 1800,  , HU, 15.3S,  91.5E,  80,  963,  115,  125,  100,   90,   55,   65,   65,   60,   35,   40,   40,   35, -999
20140421, 0000,  , HU, 15.5S,  92.0E,  65,  974,  100,  115,  115,   80,   55,   60,   60,   50,   30,   35,   35,   30, -999
20140421, 0600,  , TS, 16.1S,  92.5E,  60,  978,  100,  115,  115,   80,   55,   60,   60,   50,    0,    0,    0,    0, -999
20140421, 1200,  , TS, 16.6S,  93.2E,  50,  985,  100,  115,  115,   80,   55,   60,   60,   50,    0,    0,    0,    0, -999
20140421, 1800,  , TS, 16.9S,  93.5E,  40,  993,   80,   95,   85,   75,    0,    0,    0,    0,    0,    0,    0,    0, -999
20140422, 0000,  , TD, 17.2S,  94.1E,  30, 1000,    0,    0,    0,    0,    0,    0,    0,    0,    0,    0,    0,    0, -999
20140422, 0600,  , DB, 17.9S,  95.2E,  20, 1007,    0,    0,    0,    0,    0,    0,    0,    0,    0,    0,    0,    0, -999
20140422, 1200,  , DB, 19.3S,  95.5E,  20, 1007,    0,    0,    0,    0,    0,    0,    0,    0,    0,    0,    0,    0, -999
