SH251969,            UNNAMED,     11,
19690225, 0000,  , LO, 13.0S, 178.1E, -999,    0,    0,    0,    0,    0,    0,    0,    0,    0,    0,    0,    0,    0, -999
19690225, 0600,  , LO, 14.1S, 179.7E, -999,    0,    0,    0,    0,    0,    0,    0,    0,    0,    0,    0,    0,    0, -999
19690225, 1200,  , LO, 15.3S, 179.0W, -999,    0,    0,    0,    0,    0,    0,    0,    0,    0,    0,    0,    0,    0, -999
19690225, 1800,  , LO, 16.6S, 177.9W, -999,    0,    0,    0,    0,    0,    0,    0,    0,    0,    0,    0,    0,    0, -999
19690226, 0000,  , LO, 18.0S, 176.9W, -999,    0,    0,    0,    0,    0,    0,    0,    0,    0,    0,    0,    0,    0, -999
19690226, 0600,  , LO, 19.3S, 175.9W, -999,    0,    0,    0,    0,    0,    0,    0,    0,    0,    0,    0,    0,    0, -999
19690226, 1200,  , LO, 20.6S, 175.0W, -999,    0,    0,    0,    0,    0,    0,    0,    0,    0,    0,    0,    0,    0, -999
19690226, 1800,  , LO, 21.8S, 174.5W, -999,    0,    0,    0,    0,    0,    0,    0,    0,    0,    0,    0,    0,    0, -999
19690227, 0000,  , LO, 23.0S, 174.0W, -999,    0,    0,    0,    0,    0,    0,    0,    0,    0,    0,    0,    0,    0, -999
19690227, 0600,  , LO, 24.2S, 173.4W, -999,    0,    0,    0,    0,    0,    0,    0,    0,    0,    0,    0,    0,    0, -999
19690227, 1200,  , LO, 25.5S, 172.7W, -999,    0,    0,    0,    0,    0,    0,    0,    0,    0,    0,    0,    0,    0, -999
