SH251947,            UNNAMED,     11,
19470410, 1200,  , LO, 16.0S, 137.9E, -999,    0,    0,    0,    0,    0,    0,    0,    0,    0,    0,    0,    0,    0, -999
19470410, 1800,  , LO, 16.1S, 138.1E, -999,    0,    0,    0,    0,    0,    0,    0,    0,    0,    0,    0,    0,    0, -999
19470411, 0000,  , LO, 16.3S, 138.3E, -999,    0,    0,    0,    0,    0,    0,    0,    0,    0,    0,    0,    0,    0, -999
19470411, 0600,  , LO, 16.5S, 138.6E, -999,    0,    0,    0,    0,    0,    0,    0,    0,    0,    0,    0,    0,    0, -999
19470411, 1200,  , LO, 16.8S, 138.9E, -999,    0,    0,    0,    0,    0,    0,    0,    0,    0,    0,    0,    0,    0, -999
19470411, 1800,  , LO, 17.0S, 139.2E, -999,    0,    0,    0,    0,    0,    0,    0,    0,    0,    0,    0,    0,    0, -999
19470412, 0000,  , LO, 17.3S, 139.7E, -999,    0,    0,    0,    0,    0,    0,    0,    0,    0,    0,    0,    0,    0, -999
19470412, 0600,  , LO, 17.9S, 140.3E, -999,    0,    0,    0,    0,    0,    0,    0,    0,    0,    0,    0,    0,    0, -999
19470412, 1200,  , LO, 18.6S, 141.0E, -999,    0,    0,    0,    0,    0,    0,    0,    0,    0,    0,    0,    0,    0, -999
19470412, 1800,  , LO, 19.1S, 141.7E, -999,    0,    0,    0,    0,    0,    0,    0,    0,    0,    0,    0,    0,    0, -999
19470413, 0000,  , LO, 19.4S, 142.4E, -999,    0,    0,    0,    0,    0,    0,    0,    0,    0,    0,    0,    0,    0, -999
