SH251959,            UNNAMED,     47,
19590305, 1200,  , LO,  9.9S, 164.0E, -999,    0,    0,    0,    0,    0,    0,    0,    0,    0,    0,    0,    0,    0, -999
19590305, 1800,  , LO,  9.9S, 163.5E, -999,    0,    0,    0,    0,    0,    0,    0,    0,    0,    0,    0,    0,    0, -999
19590306, 0000,  , LO, 10.0S, 163.2E, -999,    0,    0,    0,    0,    0,    0,    0,    0,    0,    0,    0,    0,    0, -999
19590306, 0600,  , LO, 10.1S, 163.0E, -999,    0,    0,    0,    0,    0,    0,    0,    0,    0,    0,    0,    0,    0, -999
19590306, 1200,  , LO, 10.3S, 162.8E, -999,    0,    0,    0,    0,    0,    0,    0,    0,    0,    0,    0,    0,    0, -999
19590306, 1800,  , LO, 10.4S, 162.5E, -999,    0,    0,    0,    0,    0,    0,    0,    0,    0,    0,    0,    0,    0, -999
19590307, 0000,  , LO, 10.5S, 162.2E, -999,    0,    0,    0,    0,    0,    0,    0,    0,    0,    0,    0,    0,    0, -999
19590307, 0600,  , LO, 10.7S, 162.0E, -999,    0,    0,    0,    0,    0,    0,    0,    0,    0,    0,    0,    0,    0, -999
19590307, 1200,  , LO, 10.9S, 161.7E, -999,    0,    0,    0,    0,    0,    0,    0,    0,    0,    0,    0,    0,    0, -999
19590307, 1800,  , LO, 10.9S, 161.5E, -999,    0,    0,    0,    0,    0,    0,    0,    0,    0,    0,    0,    0,    0, -999
19590308, 0000,  , LO, 11.1S, 161.2E, -999,    0,    0,    0,    0,    0,    0,    0,    0,    0,    0,    0,    0,    0, -999
19590308, 0600,  , LO, 11.6S, 160.7E, -999,    0,    0,    0,    0,    0,    0,    0,    0,    0,    0,    0,    0,    0, -999
19590308, 1200,  , LO, 12.2S, 160.1E, -999,    0,    0,    0,    0,    0,    0,    0,    0,    0,    0,    0,    0,    0, -999
19590308, 1800,  , LO, 12.8S, 159.7E, -999,    0,    0,    0,    0,    0,    0,    0,    0,    0,    0,    0,    0,    0, -999
19590309, 0000,  , LO, 13.4S, 159.4E, -999,    0,    0,    0,    0,    0,    0,    0,    0,    0,    0,    0,    0,    0, -999
19590309, 0600,  , LO, 14.0S, 159.3E, -999,    0,    0,    0,    0,    0,    0,    0,    0,    0,    0,    0,    0,    0, -999
19590309, 1200,  , LO, 14.7S, 159.1E, -999,    0,    0,    0,    0,    0,    0,    0,    0,    0,    0,    0,    0,    0, -999
19590309, 1800,  , LO, 15.2S, 159.0E, -999,    0,    0,    0,    0,    0,    0,    0,    0,    0,    0,    0,    0,    0, -999
19590310, 0000,  , LO, 15.8S, 158.8E, -999,    0,    0,    0,    0,    0,    0,    0,    0,    0,    0,    0,    0,    0, -999
19590310, 0600,  , LO, 16.6S, 158.4E, -999,    0,    0,    0,    0,    0,    0,    0,    0,    0,    0,    0,    0,    0, -999
19590310, 1200,  , LO, 17.5S, 158.1E, -999,    0,    0,    0,    0,    0,    0,    0,    0,    0,    0,    0,    0,    0, -999
19590310, 1800,  , LO, 18.2S, 158.3E, -999,    0,    0,    0,    0,    0,    0,    0,    0,    0,    0,    0,    0,    0, -999
19590311, 0000,  , LO, 18.8S, 158.9E, -999,    0,    0,    0,    0,    0,    0,    0,    0,    0,    0,    0,    0,    0, -999
19590311, 0600,  , LO, 19.1S, 159.7E, -999,    0,    0,    0,    0,    0,    0,    0,    0,    0,    0,    0,    0,    0, -999
19590311, 1200,  , LO, 19.2S, 160.6E, -999,    0,    0,    0,    0,    0,    0,    0,    0,    0,    0,    0,    0,    0, -999
19590311, 1800,  , LO, 19.2S, 161.4E, -999,    0,    0,    0,    0,    0,    0,    0,    0,    0,    0,    0,    0,    0, -999
19590312, 0000,  , LO, 19.2S, 162.3E, -999,    0,    0,    0,    0,    0,    0,    0,    0,    0,    0,    0,    0,    0, -999
19590312, 0600,  , LO, 19.2S, 163.2E, -999,    0,    0,    0,    0,    0,    0,    0,    0,    0,    0,    0,    0,    0, -999
19590312, 1200,  , LO, 19.2S, 164.2E, -999,    0,    0,    0,    0,    0,    0,    0,    0,    0,    0,    0,    0,    0, -999
19590312, 1800,  , LO, 19.2S, 165.1E, -999,    0,    0,    0,    0,    0,    0,    0,    0,    0,    0,    0,    0,    0, -999
19590313, 0000,  , LO, 19.3S, 166.0E, -999,    0,    0,    0,    0,    0,    0,    0,    0,    0,    0,    0,    0,    0, -999
19590313, 0600,  , LO, 20.5S, 168.4E, -999,    0,    0,    0,    0,    0,    0,    0,    0,    0,    0,    0,    0,    0, -999
19590313, 1200,  , LO, 23.0S, 171.0E, -999,    0,    0,    0,    0,    0,    0,    0,    0,    0,    0,    0,    0,    0, -999
19590313, 1800,  , LO, 25.9S, 171.8E, -999,    0,    0,    0,    0,    0,    0,    0,    0,    0,    0,    0,    0,    0, -999
19590314, 0000,  , LO, 28.8S, 171.8E, -999,    0,    0,    0,    0,    0,    0,    0,    0,    0,    0,    0,    0,    0, -999
19590314, 0600,  , LO, 31.1S, 171.2E, -999,    0,    0,    0,    0,    0,    0,    0,    0,    0,    0,    0,    0,    0, -999
19590314, 1200,  , LO, 33.1S, 170.0E, -999,    0,    0,    0,    0,    0,    0,    0,    0,    0,    0,    0,    0,    0, -999
19590314, 1800,  , LO, 34.5S, 166.3E, -999,    0,    0,    0,    0,    0,    0,    0,    0,    0,    0,    0,    0,    0, -999
19590315, 0000,  , LO, 34.9S, 163.1E, -999,    0,    0,    0,    0,    0,    0,    0,    0,    0,    0,    0,    0,    0, -999
19590315, 0600,  , LO, 34.1S, 162.9E, -999,    0,    0,    0,    0,    0,    0,    0,    0,    0,    0,    0,    0,    0, -999
19590315, 1200,  , LO, 33.2S, 163.5E, -999,    0,    0,    0,    0,    0,    0,    0,    0,    0,    0,    0,    0,    0, -999
19590315, 1800,  , LO, 32.9S, 164.4E, -999,    0,    0,    0,    0,    0,    0,    0,    0,    0,    0,    0,    0,    0, -999
19590316, 0000,  , LO, 33.0S, 165.7E, -999,    0,    0,    0,    0,    0,    0,    0,    0,    0,    0,    0,    0,    0, -999
19590316, 0600,  , LO, 33.6S, 167.8E, -999,    0,    0,    0,    0,    0,    0,    0,    0,    0,    0,    0,    0,    0, -999
19590316, 1200,  , LO, 34.5S, 170.0E, -999,    0,    0,    0,    0,    0,    0,    0,    0,    0,    0,    0,    0,    0, -999
19590316, 1800,  , LO, 35.7S, 171.3E, -999,    0,    0,    0,    0,    0,    0,    0,    0,    0,    0,    0,    0,    0, -999
19590317, 0000,  , LO, 37.3S, 172.0E, -999,    0,    0,    0,    0,    0,    0,    0,    0,    0,    0,    0,    0,    0, -999
