SH252005,            UNNAMED,     36,
20050329, 1200,  , DB,  9.8S,  85.0E,  15, 1006,    0,    0,    0,    0,    0,    0,    0,    0,    0,    0,    0,    0, -999
20050329, 1800,  , DB, 10.1S,  84.8E,  20, 1004,    0,    0,    0,    0,    0,    0,    0,    0,    0,    0,    0,    0, -999
20050330, 0000,  , DB, 10.5S,  84.8E,  20, 1004,    0,    0,    0,    0,    0,    0,    0,    0,    0,    0,    0,    0, -999
20050330, 0600,  , DB, 11.0S,  84.7E,  20, 1004,    0,    0,    0,    0,    0,    0,    0,    0,    0,    0,    0,    0, -999
20050330, 1200,  , DB, 11.1S,  84.2E,  20, 1004,    0,    0,    0,    0,    0,    0,    0,    0,    0,    0,    0,    0, -999
20050330, 1800,  , DB, 11.2S,  83.6E,  20, 1004,    0,    0,    0,    0,    0,    0,    0,    0,    0,    0,    0,    0, -999
20050331, 0000,  , DB, 11.1S,  82.7E,  20, 1004,    0,    0,    0,    0,    0,    0,    0,    0,    0,    0,    0,    0, -999
20050331, 0600,  , DB, 11.1S,  81.4E,  20, 1004,    0,    0,    0,    0,    0,    0,    0,    0,    0,    0,    0,    0, -999
20050331, 1200,  , DB, 11.3S,  80.3E,  20, 1004,    0,    0,    0,    0,    0,    0,    0,    0,    0,    0,    0,    0, -999
20050331, 1800,  , DB, 11.4S,  79.4E,  20, 1004,    0,    0,    0,    0,    0,    0,    0,    0,    0,    0,    0,    0, -999
20050401, 0000,  , DB, 11.5S,  78.8E,  20, 1004,    0,    0,    0,    0,    0,    0,    0,    0,    0,    0,    0,    0, -999
20050401, 0600,  , DB, 11.8S,  78.1E,  20, 1004,    0,    0,    0,    0,    0,    0,    0,    0,    0,    0,    0,    0, -999
20050401, 1200,  , DB, 12.1S,  77.0E,  20, 1004,    0,    0,    0,    0,    0,    0,    0,    0,    0,    0,    0,    0, -999
20050401, 1800,  , DB, 12.4S,  76.0E,  25, 1002,    0,    0,    0,    0,    0,    0,    0,    0,    0,    0,    0,    0, -999
20050402, 0000,  , TD, 12.8S,  75.1E,  25, 1002,    0,    0,    0,    0,    0,    0,    0,    0,    0,    0,    0,    0, -999
20050402, 0600,  , TD, 13.5S,  74.8E,  25, 1002,    0,    0,    0,    0,    0,    0,    0,    0,    0,    0,    0,    0, -999
20050402, 1200,  , TD, 14.1S,  74.4E,  25, 1002,    0,    0,    0,    0,    0,    0,    0,    0,    0,    0,    0,    0, -999
20050402, 1800,  , TD, 14.5S,  73.6E,  25, 1002,    0,    0,    0,    0,    0,    0,    0,    0,    0,    0,    0,    0, -999
20050403, 0000,  , TD, 14.6S,  72.5E,  25, 1002,    0,    0,    0,    0,    0,    0,    0,    0,    0,    0,    0,    0, -999
20050403, 0600,  , TD, 14.8S,  71.2E,  25, 1002,    0,    0,    0,    0,    0,    0,    0,    0,    0,    0,    0,    0, -999
20050403, 1200,  , TS, 15.1S,  70.6E,  30, 1000,    0,    0,    0,    0,    0,    0,    0,    0,    0,    0,    0,    0, -999
20050403, 1800,  , TS, 15.8S,  70.0E,  35,  997,    0,    0,    0,    0,    0,    0,    0,    0,    0,    0,    0,    0, -999
20050404, 0000,  , TS, 16.7S,  69.7E,  40,  994,   65,   65,   85,   85,    0,    0,    0,    0,    0,    0,    0,    0, -999
20050404, 0600,  , TS, 17.4S,  69.1E,  40,  994,   65,   65,   85,   85,    0,    0,    0,    0,    0,    0,    0,    0, -999
20050404, 1200,  , TS, 17.8S,  68.1E,  35,  999,   65,   65,   85,   85,    0,    0,    0,    0,    0,    0,    0,    0, -999
20050404, 1800,  , TS, 18.5S,  67.3E,  40,  994,   65,   65,   75,   75,    0,    0,    0,    0,    0,    0,    0,    0, -999
20050405, 0000,  , TS, 19.1S,  66.4E,  40,  994,   65,   65,   75,   75,    0,    0,    0,    0,    0,    0,    0,    0, -999
20050405, 0600,  , TS, 19.8S,  65.9E,  35,  997,   65,   65,   75,   75,    0,    0,    0,    0,    0,    0,    0,    0, -999
20050405, 1200,  , TS, 20.5S,  65.6E,  35,  997,   65,   65,   75,   75,    0,    0,    0,    0,    0,    0,    0,    0, -999
20050405, 1800,  , TS, 21.5S,  65.6E,  40,  994,   60,   60,   50,   50,    0,    0,    0,    0,    0,    0,    0,    0, -999
20050406, 0000,  , TS, 22.9S,  66.0E,  50,  987,   60,   60,   50,   50,    0,    0,    0,    0,    0,    0,    0,    0, -999
20050406, 0600,  , TS, 24.5S,  66.6E,  55,  984,   50,   60,   50,   50,   15,   15,   15,   15,    0,    0,    0,    0, -999
20050406, 1200,  , TS, 26.3S,  67.4E,  55,  984,   50,   60,   50,   50,   15,   15,   15,   15,    0,    0,    0,    0, -999
20050406, 1800,  , TS, 28.2S,  68.5E,  55,  984,   60,   80,   70,   60,   20,   20,   20,   20,    0,    0,    0,    0, -999
20050407, 0000,  , TS, 30.1S,  69.5E,  45,  991,   50,   80,   60,   50,    0,    0,    0,    0,    0,    0,    0,    0, -999
20050407, 0600,  , TS, 32.3S,  70.0E,  45,  991,   50,   80,   60,   50,    0,    0,    0,    0,    0,    0,    0,    0, -999
