SH261949,            UNNAMED,     11,
19490609, 1200,  , LO, 23.4S, 105.4E, -999,    0,    0,    0,    0,    0,    0,    0,    0,    0,    0,    0,    0,    0, -999
19490609, 1800,  , LO, 23.5S, 105.7E, -999,    0,    0,    0,    0,    0,    0,    0,    0,    0,    0,    0,    0,    0, -999
19490610, 0000,  , LO, 23.7S, 106.1E, -999,    0,    0,    0,    0,    0,    0,    0,    0,    0,    0,    0,    0,    0, -999
19490610, 0600,  , LO, 24.0S, 106.5E, -999,    0,    0,    0,    0,    0,    0,    0,    0,    0,    0,    0,    0,    0, -999
19490610, 1200,  , LO, 24.4S, 107.0E, -999,    0,    0,    0,    0,    0,    0,    0,    0,    0,    0,    0,    0,    0, -999
19490610, 1800,  , LO, 24.8S, 107.5E, -999,    0,    0,    0,    0,    0,    0,    0,    0,    0,    0,    0,    0,    0, -999
19490611, 0000,  , LO, 24.9S, 108.2E, -999,    0,    0,    0,    0,    0,    0,    0,    0,    0,    0,    0,    0,    0, -999
19490611, 0600,  , LO, 23.8S, 109.4E, -999,    0,    0,    0,    0,    0,    0,    0,    0,    0,    0,    0,    0,    0, -999
19490611, 1200,  , LO, 22.2S, 110.7E, -999,    0,    0,    0,    0,    0,    0,    0,    0,    0,    0,    0,    0,    0, -999
19490611, 1800,  , LO, 21.0S, 111.2E, -999,    0,    0,    0,    0,    0,    0,    0,    0,    0,    0,    0,    0,    0, -999
19490612, 0000,  , LO, 19.9S, 111.2E, -999,    0,    0,    0,    0,    0,    0,    0,    0,    0,    0,    0,    0,    0, -999
