SH261989,            UNNAMED,     30,
19890416, 0600,  , LO, 10.6S, 127.6E,  20,    0,    0,    0,    0,    0,    0,    0,    0,    0,    0,    0,    0,    0, -999
19890416, 1200,  , LO, 11.1S, 127.5E,  20,    0,    0,    0,    0,    0,    0,    0,    0,    0,    0,    0,    0,    0, -999
19890416, 1800,  , LO, 11.7S, 127.3E,  25,    0,    0,    0,    0,    0,    0,    0,    0,    0,    0,    0,    0,    0, -999
19890417, 0000,  , LO, 12.1S, 127.0E,  25,    0,    0,    0,    0,    0,    0,    0,    0,    0,    0,    0,    0,    0, -999
19890417, 0600,  , LO, 12.5S, 126.5E,  25,    0,    0,    0,    0,    0,    0,    0,    0,    0,    0,    0,    0,    0, -999
19890417, 1200,  , LO, 12.7S, 126.1E,  25,    0,    0,    0,    0,    0,    0,    0,    0,    0,    0,    0,    0,    0, -999
19890417, 1800,  , LO, 13.0S, 125.6E,  30,    0,    0,    0,    0,    0,    0,    0,    0,    0,    0,    0,    0,    0, -999
19890418, 0000,  , LO, 13.1S, 125.1E,  30,    0,    0,    0,    0,    0,    0,    0,    0,    0,    0,    0,    0,    0, -999
19890418, 0600,  , TS, 13.1S, 124.4E,  35,    0,    0,    0,    0,    0,    0,    0,    0,    0,    0,    0,    0,    0, -999
19890418, 1200,  , TS, 13.1S, 123.7E,  35,    0,    0,    0,    0,    0,    0,    0,    0,    0,    0,    0,    0,    0, -999
19890418, 1800,  , TS, 13.0S, 123.0E,  45,    0,    0,    0,    0,    0,    0,    0,    0,    0,    0,    0,    0,    0, -999
19890419, 0000,  , TS, 12.8S, 122.3E,  50,    0,    0,    0,    0,    0,    0,    0,    0,    0,    0,    0,    0,    0, -999
19890419, 0600,  , TS, 12.5S, 121.6E,  55,    0,    0,    0,    0,    0,    0,    0,    0,    0,    0,    0,    0,    0, -999
19890419, 1200,  , HU, 12.3S, 121.0E,  65,    0,    0,    0,    0,    0,    0,    0,    0,    0,    0,    0,    0,    0, -999
19890419, 1800,  , HU, 12.0S, 120.5E,  70,    0,    0,    0,    0,    0,    0,    0,    0,    0,    0,    0,    0,    0, -999
19890420, 0000,  , HU, 12.0S, 119.9E,  75,    0,    0,    0,    0,    0,    0,    0,    0,    0,    0,    0,    0,    0, -999
19890420, 0600,  , HU, 12.0S, 119.3E,  80,    0,    0,    0,    0,    0,    0,    0,    0,    0,    0,    0,    0,    0, -999
19890420, 1200,  , HU, 12.3S, 118.7E,  85,    0,    0,    0,    0,    0,    0,    0,    0,    0,    0,    0,    0,    0, -999
19890420, 1800,  , HU, 12.8S, 118.1E,  95,    0,    0,    0,    0,    0,    0,    0,    0,    0,    0,    0,    0,    0, -999
19890421, 0000,  , HU, 13.4S, 117.7E, 105,    0,    0,    0,    0,    0,    0,    0,    0,    0,    0,    0,    0,    0, -999
19890421, 0600,  , HU, 13.9S, 117.2E, 110,    0,    0,    0,    0,    0,    0,    0,    0,    0,    0,    0,    0,    0, -999
19890421, 1200,  , HU, 14.6S, 116.8E, 115,    0,    0,    0,    0,    0,    0,    0,    0,    0,    0,    0,    0,    0, -999
19890421, 1800,  , HU, 15.5S, 116.4E, 120,    0,    0,    0,    0,    0,    0,    0,    0,    0,    0,    0,    0,    0, -999
19890422, 0000,  , HU, 16.4S, 116.3E, 125,    0,    0,    0,    0,    0,    0,    0,    0,    0,    0,    0,    0,    0, -999
19890422, 0600,  , HU, 17.4S, 116.2E, 140,    0,    0,    0,    0,    0,    0,    0,    0,    0,    0,    0,    0,    0, -999
19890422, 1200,  , HU, 18.6S, 116.3E, 140,    0,    0,    0,    0,    0,    0,    0,    0,    0,    0,    0,    0,    0, -999
19890422, 1800,  , HU, 20.1S, 116.3E, 125,    0,    0,    0,    0,    0,    0,    0,    0,    0,    0,    0,    0,    0, -999
19890423, 0000,  , HU, 22.0S, 116.6E, 100,    0,    0,    0,    0,    0,    0,    0,    0,    0,    0,    0,    0,    0, -999
19890423, 0600,  , HU, 24.1S, 117.4E,  75,    0,    0,    0,    0,    0,    0,    0,    0,    0,    0,    0,    0,    0, -999
19890423, 1200,  , TS, 25.8S, 119.3E,  55,    0,    0,    0,    0,    0,    0,    0,    0,    0,    0,    0,    0,    0, -999
