SH271999,            UNNAMED,     27,
19990311, 0600,  , LO, 18.8S, 154.2W,  25,    0,    0,    0,    0,    0,    0,    0,    0,    0,    0,    0,    0,    0, -999
19990311, 1200,  , LO, 18.8S, 155.4W,  25,    0,    0,    0,    0,    0,    0,    0,    0,    0,    0,    0,    0,    0, -999
19990311, 1800,  , LO, 19.0S, 156.7W,  25,    0,    0,    0,    0,    0,    0,    0,    0,    0,    0,    0,    0,    0, -999
19990312, 0000,  , LO, 19.6S, 158.5W,  25,    0,    0,    0,    0,    0,    0,    0,    0,    0,    0,    0,    0,    0, -999
19990312, 0600,  , LO, 20.0S, 159.1W,  30,    0,    0,    0,    0,    0,    0,    0,    0,    0,    0,    0,    0,    0, -999
19990312, 1200,  , TS, 20.2S, 159.4W,  35,    0,    0,    0,    0,    0,    0,    0,    0,    0,    0,    0,    0,    0, -999
19990312, 1800,  , TS, 20.2S, 159.7W,  40,    0,    0,    0,    0,    0,    0,    0,    0,    0,    0,    0,    0,    0, -999
19990313, 0000,  , TS, 20.1S, 160.2W,  50,    0,    0,    0,    0,    0,    0,    0,    0,    0,    0,    0,    0,    0, -999
19990313, 0600,  , TS, 20.2S, 160.7W,  50,    0,    0,    0,    0,    0,    0,    0,    0,    0,    0,    0,    0,    0, -999
19990313, 1200,  , TS, 20.3S, 161.2W,  40,    0,    0,    0,    0,    0,    0,    0,    0,    0,    0,    0,    0,    0, -999
19990313, 1800,  , TS, 20.2S, 161.9W,  40,    0,    0,    0,    0,    0,    0,    0,    0,    0,    0,    0,    0,    0, -999
19990314, 0000,  , TS, 20.1S, 162.3W,  40,    0,    0,    0,    0,    0,    0,    0,    0,    0,    0,    0,    0,    0, -999
19990314, 0600,  , TS, 20.2S, 162.7W,  40,    0,    0,    0,    0,    0,    0,    0,    0,    0,    0,    0,    0,    0, -999
19990314, 1200,  , TS, 20.3S, 163.0W,  40,    0,    0,    0,    0,    0,    0,    0,    0,    0,    0,    0,    0,    0, -999
19990314, 1800,  , TS, 20.3S, 163.2W,  40,    0,    0,    0,    0,    0,    0,    0,    0,    0,    0,    0,    0,    0, -999
19990315, 0000,  , TS, 20.2S, 163.5W,  40,    0,    0,    0,    0,    0,    0,    0,    0,    0,    0,    0,    0,    0, -999
19990315, 0600,  , TS, 20.1S, 163.9W,  40,    0,    0,    0,    0,    0,    0,    0,    0,    0,    0,    0,    0,    0, -999
19990315, 1200,  , TS, 20.6S, 164.3W,  40,    0,    0,    0,    0,    0,    0,    0,    0,    0,    0,    0,    0,    0, -999
19990315, 1800,  , TS, 21.3S, 164.2W,  45,    0,    0,    0,    0,    0,    0,    0,    0,    0,    0,    0,    0,    0, -999
19990316, 0000,  , TS, 21.9S, 164.1W,  45,    0,    0,    0,    0,    0,    0,    0,    0,    0,    0,    0,    0,    0, -999
19990316, 0600,  , TS, 22.4S, 163.8W,  45,    0,    0,    0,    0,    0,    0,    0,    0,    0,    0,    0,    0,    0, -999
19990316, 1200,  , TS, 22.7S, 163.4W,  45,    0,    0,    0,    0,    0,    0,    0,    0,    0,    0,    0,    0,    0, -999
19990316, 1800,  , TS, 23.1S, 163.9W,  40,    0,    0,    0,    0,    0,    0,    0,    0,    0,    0,    0,    0,    0, -999
19990317, 0000,  , TS, 23.8S, 163.9W,  40,    0,    0,    0,    0,    0,    0,    0,    0,    0,    0,    0,    0,    0, -999
19990317, 0600,  , LO, 24.0S, 163.5W,  30,    0,    0,    0,    0,    0,    0,    0,    0,    0,    0,    0,    0,    0, -999
19990317, 1200,  , LO, 24.1S, 162.8W,  30,    0,    0,    0,    0,    0,    0,    0,    0,    0,    0,    0,    0,    0, -999
19990318, 0000,  , LO, 24.3S, 162.2W,  30,    0,    0,    0,    0,    0,    0,    0,    0,    0,    0,    0,    0,    0, -999
