SH281968,            UNNAMED,     16,
19680225, 0000,  , LO, 13.4S, 147.5E,  15,    0,    0,    0,    0,    0,    0,    0,    0,    0,    0,    0,    0,    0, -999
19680225, 0600,  , LO, 13.6S, 147.8E,  20,    0,    0,    0,    0,    0,    0,    0,    0,    0,    0,    0,    0,    0, -999
19680225, 1200,  , LO, 13.7S, 148.2E,  20,    0,    0,    0,    0,    0,    0,    0,    0,    0,    0,    0,    0,    0, -999
19680225, 1800,  , LO, 13.9S, 148.8E,  15,    0,    0,    0,    0,    0,    0,    0,    0,    0,    0,    0,    0,    0, -999
19680226, 0000,  , LO, 14.0S, 149.3E,  10,    0,    0,    0,    0,    0,    0,    0,    0,    0,    0,    0,    0,    0, -999
19680226, 0600,  , LO, 14.1S, 149.7E,  15,    0,    0,    0,    0,    0,    0,    0,    0,    0,    0,    0,    0,    0, -999
19680226, 1200,  , LO, 14.2S, 150.2E,  15,    0,    0,    0,    0,    0,    0,    0,    0,    0,    0,    0,    0,    0, -999
19680226, 1800,  , LO, 14.3S, 150.7E,  15,    0,    0,    0,    0,    0,    0,    0,    0,    0,    0,    0,    0,    0, -999
19680227, 0000,  , LO, 14.3S, 151.2E,  15,    0,    0,    0,    0,    0,    0,    0,    0,    0,    0,    0,    0,    0, -999
19680227, 0600,  , LO, 14.2S, 151.8E,  15,    0,    0,    0,    0,    0,    0,    0,    0,    0,    0,    0,    0,    0, -999
19680227, 1200,  , LO, 14.1S, 152.4E,  15,    0,    0,    0,    0,    0,    0,    0,    0,    0,    0,    0,    0,    0, -999
19680227, 1800,  , LO, 14.0S, 153.1E,  15,    0,    0,    0,    0,    0,    0,    0,    0,    0,    0,    0,    0,    0, -999
19680228, 0000,  , LO, 13.9S, 153.7E,  15,    0,    0,    0,    0,    0,    0,    0,    0,    0,    0,    0,    0,    0, -999
19680228, 0600,  , LO, 13.8S, 154.3E,  20,    0,    0,    0,    0,    0,    0,    0,    0,    0,    0,    0,    0,    0, -999
19680228, 1200,  , LO, 13.8S, 154.9E,  20,    0,    0,    0,    0,    0,    0,    0,    0,    0,    0,    0,    0,    0, -999
19680228, 1800,  , LO, 13.8S, 155.5E,  15,    0,    0,    0,    0,    0,    0,    0,    0,    0,    0,    0,    0,    0, -999
