SH301975,            UNNAMED,      9,
19750406, 1200,  , TS, 10.4S, 137.0E,  35,    0,    0,    0,    0,    0,    0,    0,    0,    0,    0,    0,    0,    0, -999
19750406, 1800,  , LO, 10.5S, 136.8E,  30,    0,    0,    0,    0,    0,    0,    0,    0,    0,    0,    0,    0,    0, -999
19750407, 0000,  , LO, 10.7S, 136.5E,  25,    0,    0,    0,    0,    0,    0,    0,    0,    0,    0,    0,    0,    0, -999
19750407, 0600,  , LO, 10.8S, 136.0E,  20,    0,    0,    0,    0,    0,    0,    0,    0,    0,    0,    0,    0,    0, -999
19750407, 1200,  , LO, 11.0S, 135.5E,  20,    0,    0,    0,    0,    0,    0,    0,    0,    0,    0,    0,    0,    0, -999
19750407, 1800,  , LO, 11.2S, 135.0E,  25,    0,    0,    0,    0,    0,    0,    0,    0,    0,    0,    0,    0,    0, -999
19750408, 0000,  , TS, 11.4S, 134.5E,  35,    0,    0,    0,    0,    0,    0,    0,    0,    0,    0,    0,    0,    0, -999
19750408, 0600,  , TS, 11.6S, 134.0E,  35,    0,    0,    0,    0,    0,    0,    0,    0,    0,    0,    0,    0,    0, -999
19750408, 1200,  , LO, 11.8S, 133.5E,  30,    0,    0,    0,    0,    0,    0,    0,    0,    0,    0,    0,    0,    0, -999
