SH301978,            UNNAMED,     13,
19780401, 1200,  , HU, 20.6S, 106.8E, 110,    0,    0,    0,    0,    0,    0,    0,    0,    0,    0,    0,    0,    0, -999
19780401, 1800,  , HU, 21.0S, 106.2E, 115,    0,    0,    0,    0,    0,    0,    0,    0,    0,    0,    0,    0,    0, -999
19780402, 0000,  , HU, 21.4S, 105.9E, 115,    0,    0,    0,    0,    0,    0,    0,    0,    0,    0,    0,    0,    0, -999
19780402, 0600,  , HU, 21.7S, 105.9E, 115,    0,    0,    0,    0,    0,    0,    0,    0,    0,    0,    0,    0,    0, -999
19780402, 1200,  , HU, 22.0S, 106.0E, 115,    0,    0,    0,    0,    0,    0,    0,    0,    0,    0,    0,    0,    0, -999
19780402, 1800,  , HU, 22.6S, 106.2E, 115,    0,    0,    0,    0,    0,    0,    0,    0,    0,    0,    0,    0,    0, -999
19780403, 0000,  , HU, 23.6S, 106.4E, 110,    0,    0,    0,    0,    0,    0,    0,    0,    0,    0,    0,    0,    0, -999
19780403, 0600,  , HU, 24.8S, 106.8E, 105,    0,    0,    0,    0,    0,    0,    0,    0,    0,    0,    0,    0,    0, -999
19780403, 1200,  , HU, 26.2S, 107.3E, 100,    0,    0,    0,    0,    0,    0,    0,    0,    0,    0,    0,    0,    0, -999
19780403, 1800,  , HU, 27.9S, 108.2E,  95,    0,    0,    0,    0,    0,    0,    0,    0,    0,    0,    0,    0,    0, -999
19780404, 0000,  , HU, 29.9S, 109.6E,  90,    0,    0,    0,    0,    0,    0,    0,    0,    0,    0,    0,    0,    0, -999
19780404, 0600,  , HU, 32.3S, 111.8E,  85,    0,    0,    0,    0,    0,    0,    0,    0,    0,    0,    0,    0,    0, -999
19780404, 1200,  , HU, 35.2S, 115.0E,  75,    0,    0,    0,    0,    0,    0,    0,    0,    0,    0,    0,    0,    0, -999
