SH311974,            UNNAMED,     45,
19740320, 0000,  , LO, 12.8S, 128.9E, -999,    0,    0,    0,    0,    0,    0,    0,    0,    0,    0,    0,    0,    0, -999
19740320, 0600,  , LO, 12.6S, 128.7E, -999,    0,    0,    0,    0,    0,    0,    0,    0,    0,    0,    0,    0,    0, -999
19740320, 1200,  , LO, 12.5S, 128.5E, -999,    0,    0,    0,    0,    0,    0,    0,    0,    0,    0,    0,    0,    0, -999
19740320, 1800,  , LO, 12.5S, 128.3E, -999,    0,    0,    0,    0,    0,    0,    0,    0,    0,    0,    0,    0,    0, -999
19740321, 0000,  , LO, 12.4S, 128.0E, -999,    0,    0,    0,    0,    0,    0,    0,    0,    0,    0,    0,    0,    0, -999
19740321, 0600,  , LO, 12.4S, 127.8E, -999,    0,    0,    0,    0,    0,    0,    0,    0,    0,    0,    0,    0,    0, -999
19740321, 1200,  , LO, 12.3S, 127.6E, -999,    0,    0,    0,    0,    0,    0,    0,    0,    0,    0,    0,    0,    0, -999
19740321, 1800,  , LO, 12.3S, 127.4E, -999,    0,    0,    0,    0,    0,    0,    0,    0,    0,    0,    0,    0,    0, -999
19740322, 0000,  , LO, 12.2S, 127.1E, -999,    0,    0,    0,    0,    0,    0,    0,    0,    0,    0,    0,    0,    0, -999
19740322, 0600,  , LO, 12.2S, 126.8E, -999,    0,    0,    0,    0,    0,    0,    0,    0,    0,    0,    0,    0,    0, -999
19740322, 1200,  , LO, 12.1S, 126.5E, -999,    0,    0,    0,    0,    0,    0,    0,    0,    0,    0,    0,    0,    0, -999
19740322, 1800,  , LO, 12.1S, 126.2E, -999,    0,    0,    0,    0,    0,    0,    0,    0,    0,    0,    0,    0,    0, -999
19740323, 0000,  , LO, 12.0S, 125.9E, -999,    0,    0,    0,    0,    0,    0,    0,    0,    0,    0,    0,    0,    0, -999
19740323, 0600,  , LO, 12.0S, 125.3E, -999,    0,    0,    0,    0,    0,    0,    0,    0,    0,    0,    0,    0,    0, -999
19740323, 1200,  , LO, 12.0S, 124.6E, -999,    0,    0,    0,    0,    0,    0,    0,    0,    0,    0,    0,    0,    0, -999
19740323, 1800,  , LO, 12.0S, 124.4E, -999,    0,    0,    0,    0,    0,    0,    0,    0,    0,    0,    0,    0,    0, -999
19740324, 0000,  , LO, 12.1S, 123.8E, -999,    0,    0,    0,    0,    0,    0,    0,    0,    0,    0,    0,    0,    0, -999
19740324, 0600,  , LO, 12.7S, 122.2E, -999,    0,    0,    0,    0,    0,    0,    0,    0,    0,    0,    0,    0,    0, -999
19740324, 1200,  , LO, 13.4S, 120.3E, -999,    0,    0,    0,    0,    0,    0,    0,    0,    0,    0,    0,    0,    0, -999
19740324, 1800,  , LO, 12.8S, 118.4E, -999,    0,    0,    0,    0,    0,    0,    0,    0,    0,    0,    0,    0,    0, -999
19740325, 0000,  , LO, 12.3S, 116.6E, -999,    0,    0,    0,    0,    0,    0,    0,    0,    0,    0,    0,    0,    0, -999
19740325, 0600,  , LO, 12.9S, 115.0E, -999,    0,    0,    0,    0,    0,    0,    0,    0,    0,    0,    0,    0,    0, -999
19740325, 1200,  , LO, 13.6S, 113.4E, -999,    0,    0,    0,    0,    0,    0,    0,    0,    0,    0,    0,    0,    0, -999
19740325, 1800,  , LO, 14.4S, 111.8E, -999,    0,    0,    0,    0,    0,    0,    0,    0,    0,    0,    0,    0,    0, -999
19740326, 0000,  , LO, 15.1S, 110.3E, -999,    0,    0,    0,    0,    0,    0,    0,    0,    0,    0,    0,    0,    0, -999
19740326, 0600,  , LO, 15.4S, 109.3E, -999,    0,    0,    0,    0,    0,    0,    0,    0,    0,    0,    0,    0,    0, -999
19740326, 1200,  , LO, 15.7S, 108.4E, -999,    0,    0,    0,    0,    0,    0,    0,    0,    0,    0,    0,    0,    0, -999
19740326, 1800,  , LO, 16.0S, 107.2E, -999,    0,    0,    0,    0,    0,    0,    0,    0,    0,    0,    0,    0,    0, -999
19740327, 0000,  , LO, 16.4S, 106.2E, -999,    0,    0,    0,    0,    0,    0,    0,    0,    0,    0,    0,    0,    0, -999
19740327, 0600,  , LO, 16.8S, 105.8E, -999,    0,    0,    0,    0,    0,    0,    0,    0,    0,    0,    0,    0,    0, -999
19740327, 1200,  , LO, 17.3S, 105.8E, -999,    0,    0,    0,    0,    0,    0,    0,    0,    0,    0,    0,    0,    0, -999
19740327, 1800,  , LO, 17.7S, 105.8E, -999,    0,    0,    0,    0,    0,    0,    0,    0,    0,    0,    0,    0,    0, -999
19740328, 0000,  , LO, 18.1S, 105.9E, -999,    0,    0,    0,    0,    0,    0,    0,    0,    0,    0,    0,    0,    0, -999
19740328, 0600,  , LO, 18.4S, 106.1E, -999,    0,    0,    0,    0,    0,    0,    0,    0,    0,    0,    0,    0,    0, -999
19740328, 1200,  , LO, 18.8S, 106.4E, -999,    0,    0,    0,    0,    0,    0,    0,    0,    0,    0,    0,    0,    0, -999
19740328, 1800,  , LO, 19.2S, 106.7E, -999,    0,    0,    0,    0,    0,    0,    0,    0,    0,    0,    0,    0,    0, -999
19740329, 0000,  , LO, 19.7S, 106.9E, -999,    0,    0,    0,    0,    0,    0,    0,    0,    0,    0,    0,    0,    0, -999
19740329, 0600,  , LO, 20.1S, 107.1E, -999,    0,    0,    0,    0,    0,    0,    0,    0,    0,    0,    0,    0,    0, -999
19740329, 1200,  , LO, 20.4S, 107.3E, -999,    0,    0,    0,    0,    0,    0,    0,    0,    0,    0,    0,    0,    0, -999
19740329, 1800,  , LO, 20.5S, 107.5E, -999,    0,    0,    0,    0,    0,    0,    0,    0,    0,    0,    0,    0,    0, -999
19740330, 0000,  , LO, 20.7S, 107.7E, -999,    0,    0,    0,    0,    0,    0,    0,    0,    0,    0,    0,    0,    0, -999
19740330, 0600,  , LO, 21.0S, 107.9E, -999,    0,    0,    0,    0,    0,    0,    0,    0,    0,    0,    0,    0,    0, -999
19740330, 1200,  , LO, 21.4S, 108.2E, -999,    0,    0,    0,    0,    0,    0,    0,    0,    0,    0,    0,    0,    0, -999
19740330, 1800,  , LO, 21.7S, 108.4E, -999,    0,    0,    0,    0,    0,    0,    0,    0,    0,    0,    0,    0,    0, -999
19740331, 0000,  , LO, 21.9S, 108.6E, -999,    0,    0,    0,    0,    0,    0,    0,    0,    0,    0,    0,    0,    0, -999
