SH311958,            UNNAMED,     24,
19580418, 0000,  , LO, 12.1S, 160.9E, -999,    0,    0,    0,    0,    0,    0,    0,    0,    0,    0,    0,    0,    0, -999
19580418, 0600,  , LO, 12.4S, 160.4E, -999,    0,    0,    0,    0,    0,    0,    0,    0,    0,    0,    0,    0,    0, -999
19580418, 1200,  , LO, 12.8S, 159.9E, -999,    0,    0,    0,    0,    0,    0,    0,    0,    0,    0,    0,    0,    0, -999
19580418, 1800,  , LO, 13.2S, 159.5E, -999,    0,    0,    0,    0,    0,    0,    0,    0,    0,    0,    0,    0,    0, -999
19580419, 0000,  , LO, 13.7S, 159.1E, -999,    0,    0,    0,    0,    0,    0,    0,    0,    0,    0,    0,    0,    0, -999
19580419, 0600,  , LO, 14.1S, 158.7E, -999,    0,    0,    0,    0,    0,    0,    0,    0,    0,    0,    0,    0,    0, -999
19580419, 1200,  , LO, 14.5S, 158.3E, -999,    0,    0,    0,    0,    0,    0,    0,    0,    0,    0,    0,    0,    0, -999
19580419, 1800,  , LO, 14.9S, 158.0E, -999,    0,    0,    0,    0,    0,    0,    0,    0,    0,    0,    0,    0,    0, -999
19580420, 0000,  , LO, 15.4S, 157.6E, -999,    0,    0,    0,    0,    0,    0,    0,    0,    0,    0,    0,    0,    0, -999
19580420, 0600,  , LO, 15.8S, 156.9E, -999,    0,    0,    0,    0,    0,    0,    0,    0,    0,    0,    0,    0,    0, -999
19580420, 1200,  , LO, 16.2S, 156.2E, -999,    0,    0,    0,    0,    0,    0,    0,    0,    0,    0,    0,    0,    0, -999
19580420, 1800,  , LO, 16.4S, 155.5E, -999,    0,    0,    0,    0,    0,    0,    0,    0,    0,    0,    0,    0,    0, -999
19580421, 0000,  , LO, 16.8S, 154.9E, -999,    0,    0,    0,    0,    0,    0,    0,    0,    0,    0,    0,    0,    0, -999
19580421, 0600,  , LO, 17.3S, 154.3E, -999,    0,    0,    0,    0,    0,    0,    0,    0,    0,    0,    0,    0,    0, -999
19580421, 1200,  , LO, 17.9S, 153.9E, -999,    0,    0,    0,    0,    0,    0,    0,    0,    0,    0,    0,    0,    0, -999
19580421, 1800,  , LO, 18.7S, 154.2E, -999,    0,    0,    0,    0,    0,    0,    0,    0,    0,    0,    0,    0,    0, -999
19580422, 0000,  , LO, 19.3S, 154.9E, -999,    0,    0,    0,    0,    0,    0,    0,    0,    0,    0,    0,    0,    0, -999
19580422, 0600,  , LO, 19.8S, 155.6E, -999,    0,    0,    0,    0,    0,    0,    0,    0,    0,    0,    0,    0,    0, -999
19580422, 1200,  , LO, 20.3S, 156.5E, -999,    0,    0,    0,    0,    0,    0,    0,    0,    0,    0,    0,    0,    0, -999
19580422, 1800,  , LO, 20.8S, 157.6E, -999,    0,    0,    0,    0,    0,    0,    0,    0,    0,    0,    0,    0,    0, -999
19580423, 0000,  , LO, 21.2S, 158.3E, -999,    0,    0,    0,    0,    0,    0,    0,    0,    0,    0,    0,    0,    0, -999
19580423, 0600,  , LO, 21.4S, 158.6E, -999,    0,    0,    0,    0,    0,    0,    0,    0,    0,    0,    0,    0,    0, -999
19580423, 1200,  , LO, 21.4S, 158.9E, -999,    0,    0,    0,    0,    0,    0,    0,    0,    0,    0,    0,    0,    0, -999
19580423, 1800,  , LO, 21.5S, 159.2E, -999,    0,    0,    0,    0,    0,    0,    0,    0,    0,    0,    0,    0,    0, -999
