SH331958,            UNNAMED,     14,
19580619, 0000,  , TS, 28.0S, 155.0E,  35,    0,    0,    0,    0,    0,    0,    0,    0,    0,    0,    0,    0,    0, -999
19580619, 0600,  , TS, 27.0S, 155.0E,  45,    0,    0,    0,    0,    0,    0,    0,    0,    0,    0,    0,    0,    0, -999
19580619, 1200,  , TS, 27.1S, 155.0E,  45,    0,    0,    0,    0,    0,    0,    0,    0,    0,    0,    0,    0,    0, -999
19580619, 1800,  , TS, 28.3S, 155.1E,  40,    0,    0,    0,    0,    0,    0,    0,    0,    0,    0,    0,    0,    0, -999
19580620, 0000,  , TS, 29.3S, 155.2E,  35,    0,    0,    0,    0,    0,    0,    0,    0,    0,    0,    0,    0,    0, -999
19580620, 0600,  , LO, 29.9S, 155.6E,  25,    0,    0,    0,    0,    0,    0,    0,    0,    0,    0,    0,    0,    0, -999
19580620, 1200,  , LO, 30.2S, 156.4E,  20,    0,    0,    0,    0,    0,    0,    0,    0,    0,    0,    0,    0,    0, -999
19580620, 1800,  , LO, 30.1S, 159.1E,  25,    0,    0,    0,    0,    0,    0,    0,    0,    0,    0,    0,    0,    0, -999
19580621, 0000,  , LO, 30.0S, 161.1E,  25,    0,    0,    0,    0,    0,    0,    0,    0,    0,    0,    0,    0,    0, -999
19580621, 0600,  , LO, 30.2S, 161.6E,  25,    0,    0,    0,    0,    0,    0,    0,    0,    0,    0,    0,    0,    0, -999
19580621, 1200,  , LO, 30.6S, 162.1E,  20,    0,    0,    0,    0,    0,    0,    0,    0,    0,    0,    0,    0,    0, -999
19580621, 1800,  , LO, 32.0S, 163.1E,  15,    0,    0,    0,    0,    0,    0,    0,    0,    0,    0,    0,    0,    0, -999
19580622, 0000,  , LO, 33.1S, 164.2E,  10,    0,    0,    0,    0,    0,    0,    0,    0,    0,    0,    0,    0,    0, -999
19580622, 0600,  , LO, 33.1S, 165.6E,  15,    0,    0,    0,    0,    0,    0,    0,    0,    0,    0,    0,    0,    0, -999
