SH351969,            UNNAMED,     20,
19690426, 0000,  , LO,  8.9S, 152.7E,  30,    0,    0,    0,    0,    0,    0,    0,    0,    0,    0,    0,    0,    0, -999
19690426, 0600,  , LO,  9.4S, 152.4E,  30,    0,    0,    0,    0,    0,    0,    0,    0,    0,    0,    0,    0,    0, -999
19690426, 1200,  , LO, 10.0S, 152.2E,  25,    0,    0,    0,    0,    0,    0,    0,    0,    0,    0,    0,    0,    0, -999
19690426, 1800,  , LO, 10.5S, 152.1E,  15,    0,    0,    0,    0,    0,    0,    0,    0,    0,    0,    0,    0,    0, -999
19690427, 0000,  , LO, 11.1S, 151.9E,  10,    0,    0,    0,    0,    0,    0,    0,    0,    0,    0,    0,    0,    0, -999
19690427, 0600,  , LO, 11.5S, 151.4E,  10,    0,    0,    0,    0,    0,    0,    0,    0,    0,    0,    0,    0,    0, -999
19690427, 1200,  , LO, 11.9S, 150.8E,  10,    0,    0,    0,    0,    0,    0,    0,    0,    0,    0,    0,    0,    0, -999
19690427, 1800,  , LO, 12.1S, 149.7E,  10,    0,    0,    0,    0,    0,    0,    0,    0,    0,    0,    0,    0,    0, -999
19690428, 0000,  , LO, 12.1S, 149.2E,  10,    0,    0,    0,    0,    0,    0,    0,    0,    0,    0,    0,    0,    0, -999
19690428, 0600,  , LO, 11.8S, 149.7E,  20,    0,    0,    0,    0,    0,    0,    0,    0,    0,    0,    0,    0,    0, -999
19690428, 1200,  , LO, 11.6S, 150.3E,  25,    0,    0,    0,    0,    0,    0,    0,    0,    0,    0,    0,    0,    0, -999
19690428, 1800,  , LO, 11.6S, 150.5E,  30,    0,    0,    0,    0,    0,    0,    0,    0,    0,    0,    0,    0,    0, -999
19690429, 0000,  , LO, 11.7S, 150.9E,  30,    0,    0,    0,    0,    0,    0,    0,    0,    0,    0,    0,    0,    0, -999
19690429, 0600,  , LO, 11.9S, 151.4E,  30,    0,    0,    0,    0,    0,    0,    0,    0,    0,    0,    0,    0,    0, -999
19690429, 1200,  , LO, 12.0S, 152.4E,  30,    0,    0,    0,    0,    0,    0,    0,    0,    0,    0,    0,    0,    0, -999
19690429, 1800,  , TS, 12.2S, 153.6E,  45,    0,    0,    0,    0,    0,    0,    0,    0,    0,    0,    0,    0,    0, -999
19690430, 0000,  , TS, 12.3S, 154.8E,  55,    0,    0,    0,    0,    0,    0,    0,    0,    0,    0,    0,    0,    0, -999
19690430, 0600,  , TS, 12.7S, 156.0E,  40,    0,    0,    0,    0,    0,    0,    0,    0,    0,    0,    0,    0,    0, -999
19690430, 1200,  , LO, 13.3S, 157.2E,  25,    0,    0,    0,    0,    0,    0,    0,    0,    0,    0,    0,    0,    0, -999
19690430, 1800,  , LO, 13.9S, 158.5E,  30,    0,    0,    0,    0,    0,    0,    0,    0,    0,    0,    0,    0,    0, -999
