WP012009,             KUJIRA,     29,
20090430, 1800,  , DB, 13.0N, 124.4E,  15, 1010,    0,    0,    0,    0,    0,    0,    0,    0,    0,    0,    0,    0, -999
20090501, 0000,  , DB, 12.7N, 124.5E,  15, 1010,    0,    0,    0,    0,    0,    0,    0,    0,    0,    0,    0,    0, -999
20090501, 0600,  , DB, 12.6N, 124.3E,  15, 1010,    0,    0,    0,    0,    0,    0,    0,    0,    0,    0,    0,    0, -999
20090501, 1200,  , DB, 12.7N, 124.1E,  20, 1007,    0,    0,    0,    0,    0,    0,    0,    0,    0,    0,    0,    0, -999
20090501, 1800,  , DB, 13.0N, 124.1E,  20, 1007,    0,    0,    0,    0,    0,    0,    0,    0,    0,    0,    0,    0, -999
20090502, 0000,  , TD, 13.2N, 124.2E,  25, 1004,    0,    0,    0,    0,    0,    0,    0,    0,    0,    0,    0,    0, -999
20090502, 0600,  , TD, 13.3N, 124.3E,  30, 1000,    0,    0,    0,    0,    0,    0,    0,    0,    0,    0,    0,    0, -999
20090502, 1200,  , TS, 13.4N, 124.4E,  35,  997,    0,    0,    0,    0,    0,    0,    0,    0,    0,    0,    0,    0, -999
20090502, 1800,  , TS, 13.5N, 124.5E,  40,  993,   30,   30,   30,   30,    0,    0,    0,    0,    0,    0,    0,    0, -999
20090503, 0000,  , TS, 13.7N, 124.7E,  45,  989,   45,   45,   45,   45,    0,    0,    0,    0,    0,    0,    0,    0, -999
20090503, 0600,  , TS, 14.1N, 125.2E,  45,  990,   45,   50,   45,   40,    0,    0,    0,    0,    0,    0,    0,    0, -999
20090503, 1200,  , TS, 14.7N, 125.9E,  50,  985,   45,   55,   50,   50,    0,    0,    0,    0,    0,    0,    0,    0, -999
20090503, 1800,  , TS, 15.2N, 126.7E,  55,  982,   45,   55,   50,   50,   15,   15,   15,   15,    0,    0,    0,    0, -999
20090504, 0000,  , HU, 15.7N, 127.5E,  65,  974,   45,   55,   50,   50,   15,   15,   15,   15,    0,    0,    0,    0, -999
20090504, 0600,  , HU, 16.3N, 128.5E,  75,  967,   65,   75,   65,   55,   30,   35,   40,   30,   15,   15,   20,   15, -999
20090504, 1200,  , HU, 16.8N, 129.7E, 105,  944,   75,   80,   65,   65,   35,   40,   40,   30,   20,   25,   20,   20, -999
20090504, 1800,  , HU, 17.2N, 131.2E, 115,  937,   60,   80,   70,   65,   50,   55,   55,   45,   25,   35,   35,   25, -999
20090505, 0000,  , HU, 17.6N, 132.7E, 115,  937,   65,   80,   70,   65,   60,   60,   60,   45,   35,   40,   30,   30, -999
20090505, 0600,  , HU, 18.3N, 134.1E, 110,  941,   65,   80,   70,   65,   60,   60,   60,   45,   35,   40,   30,   30, -999
20090505, 1200,  , HU, 18.9N, 135.5E, 105,  944,   75,   90,   80,   75,   60,   60,   60,   45,   35,   40,   30,   30, -999
20090505, 1800,  , HU, 19.5N, 136.9E, 105,  944,   70,   90,   80,   70,   50,   50,   50,   50,   40,   40,   40,   40, -999
20090506, 0000,  , HU, 20.4N, 138.4E, 105,  944,   80,   95,   70,   70,   55,   55,   50,   55,   40,   40,   30,   40, -999
20090506, 0600,  , HU, 21.6N, 139.9E, 100,  948,   80,   95,   70,   70,   55,   55,   50,   55,   40,   40,   30,   40, -999
20090506, 1200,  , HU, 22.8N, 141.5E,  85,  959,   80,   95,   70,   70,   55,   55,   50,   55,   40,   40,   30,   40, -999
20090506, 1800,  , HU, 24.3N, 142.7E,  65,  974,   80,   95,   70,   60,   55,   60,   45,   30,    0,    0,    0,    0, -999
20090507, 0000,  , TS, 26.0N, 143.7E,  55,  982,   80,   95,   50,   35,   15,   15,   15,   15,    0,    0,    0,    0, -999
20090507, 0600,  , EX, 28.2N, 145.2E,  45,  989,   80,   95,   50,   35,    0,    0,    0,    0,    0,    0,    0,    0, -999
20090507, 1200,  , EX, 30.5N, 147.8E,  40,  993,   80,   95,   50,   35,    0,    0,    0,    0,    0,    0,    0,    0, -999
20090507, 1800,  , EX, 32.7N, 151.1E,  40,  993,   80,   95,   50,   35,    0,    0,    0,    0,    0,    0,    0,    0, -999
