WP012017,                ONE,     35,
20170107, 1200,  , DB,  7.9N, 127.8E,  20, 1006,    0,    0,    0,    0,    0,    0,    0,    0,    0,    0,    0,    0, -999
20170107, 1800,  , DB,  8.4N, 127.5E,  20, 1006,    0,    0,    0,    0,    0,    0,    0,    0,    0,    0,    0,    0, -999
20170108, 0000,  , TD,  9.0N, 127.1E,  25, 1003,    0,    0,    0,    0,    0,    0,    0,    0,    0,    0,    0,    0, -999
20170108, 0600,  , TD,  9.5N, 126.5E,  25, 1003,    0,    0,    0,    0,    0,    0,    0,    0,    0,    0,    0,    0, -999
20170108, 1200,  , TD,  9.8N, 125.9E,  30, 1001,    0,    0,    0,    0,    0,    0,    0,    0,    0,    0,    0,    0, -999
20170108, 1800,  , TD, 10.0N, 125.4E,  30, 1000,    0,    0,    0,    0,    0,    0,    0,    0,    0,    0,    0,    0, -999
20170109, 0000,  , TD, 10.2N, 124.9E,  25, 1004,    0,    0,    0,    0,    0,    0,    0,    0,    0,    0,    0,    0, -999
20170109, 0600,  , XX, 10.3N, 124.0E,  20, 1004,    0,    0,    0,    0,    0,    0,    0,    0,    0,    0,    0,    0, -999
20170109, 1200,  , XX, 10.0N, 122.9E,  20, 1005,    0,    0,    0,    0,    0,    0,    0,    0,    0,    0,    0,    0, -999
20170109, 1800,  , XX,  9.2N, 122.0E,  20, 1005,    0,    0,    0,    0,    0,    0,    0,    0,    0,    0,    0,    0, -999
20170110, 0000,  , XX,  8.3N, 121.4E,  20, 1005,    0,    0,    0,    0,    0,    0,    0,    0,    0,    0,    0,    0, -999
20170110, 0600,  , XX,  7.9N, 120.4E,  20, 1006,    0,    0,    0,    0,    0,    0,    0,    0,    0,    0,    0,    0, -999
20170110, 1200,  , XX,  8.0N, 119.7E,  20, 1007,    0,    0,    0,    0,    0,    0,    0,    0,    0,    0,    0,    0, -999
20170110, 1800,  , XX,  8.4N, 118.8E,  20, 1007,    0,    0,    0,    0,    0,    0,    0,    0,    0,    0,    0,    0, -999
20170111, 0000,  , XX,  9.2N, 117.7E,  20, 1007,    0,    0,    0,    0,    0,    0,    0,    0,    0,    0,    0,    0, -999
20170111, 0600,  , XX,  9.6N, 116.5E,  20, 1006,    0,    0,    0,    0,    0,    0,    0,    0,    0,    0,    0,    0, -999
20170111, 1200,  , XX,  9.9N, 115.3E,  20, 1007,    0,    0,    0,    0,    0,    0,    0,    0,    0,    0,    0,    0, -999
20170111, 1800,  , XX, 10.2N, 114.1E,  20, 1007,    0,    0,    0,    0,    0,    0,    0,    0,    0,    0,    0,    0, -999
20170112, 0000,  , XX, 10.5N, 113.2E,  20, 1007,    0,    0,    0,    0,    0,    0,    0,    0,    0,    0,    0,    0, -999
20170112, 0600,  , DB, 10.8N, 112.5E,  20, 1006,    0,    0,    0,    0,    0,    0,    0,    0,    0,    0,    0,    0, -999
20170112, 1200,  , DB, 10.6N, 112.7E,  20, 1007,    0,    0,    0,    0,    0,    0,    0,    0,    0,    0,    0,    0, -999
20170112, 1800,  , DB, 10.8N, 112.6E,  20, 1007,    0,    0,    0,    0,    0,    0,    0,    0,    0,    0,    0,    0, -999
20170113, 0000,  , DB, 11.0N, 112.5E,  20, 1007,    0,    0,    0,    0,    0,    0,    0,    0,    0,    0,    0,    0, -999
20170113, 0600,  , DB, 11.3N, 112.2E,  20, 1007,    0,    0,    0,    0,    0,    0,    0,    0,    0,    0,    0,    0, -999
20170113, 1200,  , DB, 10.9N, 112.0E,  20, 1006,    0,    0,    0,    0,    0,    0,    0,    0,    0,    0,    0,    0, -999
20170113, 1800,  , TD, 10.5N, 111.6E,  25, 1004,    0,    0,    0,    0,    0,    0,    0,    0,    0,    0,    0,    0, -999
20170114, 0000,  , TD, 10.3N, 111.2E,  25, 1004,    0,    0,    0,    0,    0,    0,    0,    0,    0,    0,    0,    0, -999
20170114, 0600,  , TD, 10.0N, 111.0E,  25, 1004,    0,    0,    0,    0,    0,    0,    0,    0,    0,    0,    0,    0, -999
20170114, 1200,  , TD,  9.6N, 110.7E,  25, 1004,    0,    0,    0,    0,    0,    0,    0,    0,    0,    0,    0,    0, -999
20170114, 1800,  , DB,  9.4N, 110.0E,  20, 1007,    0,    0,    0,    0,    0,    0,    0,    0,    0,    0,    0,    0, -999
20170115, 0000,  , DB,  9.5N, 109.8E,  15, 1010,    0,    0,    0,    0,    0,    0,    0,    0,    0,    0,    0,    0, -999
20170115, 0600,  , DB,  9.6N, 109.4E,  15, 1010,    0,    0,    0,    0,    0,    0,    0,    0,    0,    0,    0,    0, -999
20170115, 1200,  , DB,  9.5N, 109.0E,  15, 1010,    0,    0,    0,    0,    0,    0,    0,    0,    0,    0,    0,    0, -999
20170115, 1800,  , DB,  9.3N, 108.3E,  15, 1010,    0,    0,    0,    0,    0,    0,    0,    0,    0,    0,    0,    0, -999
20170116, 0000,  , DB,  9.1N, 107.5E,  15, 1010,    0,    0,    0,    0,    0,    0,    0,    0,    0,    0,    0,    0, -999
