WP012004,            UNNAMED,     35,
20040210, 1800,  , DB,  7.8N, 148.0E,  15, 1006,    0,    0,    0,    0,    0,    0,    0,    0,    0,    0,    0,    0, -999
20040211, 0000,  , DB,  8.2N, 147.2E,  15, 1006,    0,    0,    0,    0,    0,    0,    0,    0,    0,    0,    0,    0, -999
20040211, 0600,  , DB,  8.8N, 146.2E,  20, 1004,    0,    0,    0,    0,    0,    0,    0,    0,    0,    0,    0,    0, -999
20040211, 1200,  , DB,  9.6N, 145.1E,  20, 1004,    0,    0,    0,    0,    0,    0,    0,    0,    0,    0,    0,    0, -999
20040211, 1800,  , TD, 10.4N, 144.0E,  25, 1002,    0,    0,    0,    0,    0,    0,    0,    0,    0,    0,    0,    0, -999
20040212, 0000,  , TD, 11.1N, 142.7E,  25, 1002,    0,    0,    0,    0,    0,    0,    0,    0,    0,    0,    0,    0, -999
20040212, 0600,  , TD, 11.6N, 141.3E,  30, 1000,    0,    0,    0,    0,    0,    0,    0,    0,    0,    0,    0,    0, -999
20040212, 1200,  , TD, 12.7N, 140.3E,  30, 1000,    0,    0,    0,    0,    0,    0,    0,    0,    0,    0,    0,    0, -999
20040212, 1800,  , TD, 12.4N, 138.9E,  30, 1000,    0,    0,    0,    0,    0,    0,    0,    0,    0,    0,    0,    0, -999
20040213, 0000,  , TD, 12.4N, 137.6E,  30, 1000,    0,    0,    0,    0,    0,    0,    0,    0,    0,    0,    0,    0, -999
20040213, 0600,  , TD, 12.8N, 136.7E,  30, 1000,    0,    0,    0,    0,    0,    0,    0,    0,    0,    0,    0,    0, -999
20040213, 1200,  , TS, 13.4N, 135.9E,  35,  997,    0,    0,    0,    0,    0,    0,    0,    0,    0,    0,    0,    0, -999
20040213, 1800,  , TS, 14.1N, 135.4E,  40,  994,   40,   40,   30,   40,    0,    0,    0,    0,    0,    0,    0,    0, -999
20040214, 0000,  , TS, 14.8N, 135.2E,  35,  997,   40,   40,   30,   40,    0,    0,    0,    0,    0,    0,    0,    0, -999
20040214, 0600,  , TS, 15.3N, 135.6E,  35,  997,   40,   40,   30,   40,    0,    0,    0,    0,    0,    0,    0,    0, -999
20040214, 1200,  , TD, 14.8N, 135.9E,  30, 1000,    0,    0,    0,    0,    0,    0,    0,    0,    0,    0,    0,    0, -999
20040214, 1800,  , TD, 14.7N, 136.3E,  30, 1000,    0,    0,    0,    0,    0,    0,    0,    0,    0,    0,    0,    0, -999
20040215, 0000,  , TD, 14.9N, 136.6E,  30, 1000,    0,    0,    0,    0,    0,    0,    0,    0,    0,    0,    0,    0, -999
20040215, 0600,  , TD, 14.8N, 137.0E,  30, 1000,    0,    0,    0,    0,    0,    0,    0,    0,    0,    0,    0,    0, -999
20040215, 1200,  , TD, 14.5N, 136.8E,  25, 1002,    0,    0,    0,    0,    0,    0,    0,    0,    0,    0,    0,    0, -999
20040215, 1800,  , TD, 14.3N, 136.1E,  25, 1002,    0,    0,    0,    0,    0,    0,    0,    0,    0,    0,    0,    0, -999
20040216, 0000,  , TD, 13.3N, 135.8E,  25, 1002,    0,    0,    0,    0,    0,    0,    0,    0,    0,    0,    0,    0, -999
20040216, 0600,  , TD, 11.9N, 135.7E,  25, 1002,    0,    0,    0,    0,    0,    0,    0,    0,    0,    0,    0,    0, -999
20040216, 1200,  , TD, 10.8N, 135.2E,  25, 1002,    0,    0,    0,    0,    0,    0,    0,    0,    0,    0,    0,    0, -999
20040216, 1800,  , TD, 10.2N, 134.4E,  25, 1002,    0,    0,    0,    0,    0,    0,    0,    0,    0,    0,    0,    0, -999
20040217, 0000,  , TD,  9.6N, 134.1E,  25, 1002,    0,    0,    0,    0,    0,    0,    0,    0,    0,    0,    0,    0, -999
20040217, 0600,  , TD,  9.3N, 133.9E,  25, 1002,    0,    0,    0,    0,    0,    0,    0,    0,    0,    0,    0,    0, -999
20040217, 1200,  , TD,  9.1N, 133.7E,  25, 1002,    0,    0,    0,    0,    0,    0,    0,    0,    0,    0,    0,    0, -999
20040217, 1800,  , TD,  9.0N, 133.5E,  25, 1002,    0,    0,    0,    0,    0,    0,    0,    0,    0,    0,    0,    0, -999
20040218, 0000,  , TD,  8.9N, 133.3E,  25, 1002,    0,    0,    0,    0,    0,    0,    0,    0,    0,    0,    0,    0, -999
20040218, 0600,  , TD,  8.8N, 133.1E,  25, 1002,    0,    0,    0,    0,    0,    0,    0,    0,    0,    0,    0,    0, -999
20040218, 1200,  , TD,  8.7N, 132.9E,  25, 1002,    0,    0,    0,    0,    0,    0,    0,    0,    0,    0,    0,    0, -999
20040218, 1800,  , TD,  8.6N, 132.7E,  25, 1002,    0,    0,    0,    0,    0,    0,    0,    0,    0,    0,    0,    0, -999
20040219, 0000,  , TD,  8.5N, 132.5E,  20, 1004,    0,    0,    0,    0,    0,    0,    0,    0,    0,    0,    0,    0, -999
20040219, 0600,  , TD,  8.5N, 132.3E,  20, 1004,    0,    0,    0,    0,    0,    0,    0,    0,    0,    0,    0,    0, -999
