WP012022,                ONE,     14,
20220329, 0000,  , DB,  9.4N, 116.4E,  15, 1008,    0,    0,    0,    0,    0,    0,    0,    0,    0,    0,    0,    0, -999
20220329, 0600,  , DB, 10.3N, 115.4E,  20, 1007,    0,    0,    0,    0,    0,    0,    0,    0,    0,    0,    0,    0, -999
20220329, 1200,  , DB, 10.9N, 114.3E,  20, 1008,    0,    0,    0,    0,    0,    0,    0,    0,    0,    0,    0,    0, -999
20220329, 1800,  , DB, 11.4N, 112.9E,  20, 1006,    0,    0,    0,    0,    0,    0,    0,    0,    0,    0,    0,    0, -999
20220330, 0000,  , DB, 11.6N, 111.6E,  20, 1006,    0,    0,    0,    0,    0,    0,    0,    0,    0,    0,    0,    0, -999
20220330, 0600,  , TD, 11.9N, 110.5E,  25, 1007,    0,    0,    0,    0,    0,    0,    0,    0,    0,    0,    0,    0, -999
20220330, 1200,  , TD, 11.7N, 110.1E,  25, 1007,    0,    0,    0,    0,    0,    0,    0,    0,    0,    0,    0,    0, -999
20220330, 1800,  , TS, 12.5N, 109.7E,  35, 1002,   50,    0,    0,   30,    0,    0,    0,    0,    0,    0,    0,    0, -999
20220331, 0000,  , TS, 12.9N, 109.3E,  35, 1005,   50,    0,    0,   20,    0,    0,    0,    0,    0,    0,    0,    0, -999
20220331, 0600,  , TD, 13.5N, 108.1E,  30, 1005,    0,    0,    0,    0,    0,    0,    0,    0,    0,    0,    0,    0, -999
20220331, 1200,  , DB, 13.8N, 107.1E,  20, 1008,    0,    0,    0,    0,    0,    0,    0,    0,    0,    0,    0,    0, -999
20220331, 1800,  , DB, 14.0N, 106.6E,  20, 1007,    0,    0,    0,    0,    0,    0,    0,    0,    0,    0,    0,    0, -999
20220401, 0000,  , DB, 14.7N, 106.0E,  15, 1009,    0,    0,    0,    0,    0,    0,    0,    0,    0,    0,    0,    0, -999
20220401, 0600,  , DB, 15.2N, 104.9E,  15, 1009,    0,    0,    0,    0,    0,    0,    0,    0,    0,    0,    0,    0, -999
