WP012008,            UNNAMED,     23,
20080112, 0600,  , DB, 12.2N, 122.8E,  15, 1010,    0,    0,    0,    0,    0,    0,    0,    0,    0,    0,    0,    0, -999
20080112, 1200,  , DB, 12.4N, 121.3E,  20, 1006,    0,    0,    0,    0,    0,    0,    0,    0,    0,    0,    0,    0, -999
20080112, 1800,  , DB, 12.3N, 120.0E,  20, 1006,    0,    0,    0,    0,    0,    0,    0,    0,    0,    0,    0,    0, -999
20080113, 0000,  , DB, 12.1N, 118.8E,  20, 1005,    0,    0,    0,    0,    0,    0,    0,    0,    0,    0,    0,    0, -999
20080113, 0600,  , TD, 13.0N, 118.1E,  25, 1005,    0,    0,    0,    0,    0,    0,    0,    0,    0,    0,    0,    0, -999
20080113, 1200,  , TD, 13.5N, 117.0E,  30, 1000,    0,    0,    0,    0,    0,    0,    0,    0,    0,    0,    0,    0, -999
20080113, 1800,  , TD, 13.2N, 116.0E,  30, 1000,    0,    0,    0,    0,    0,    0,    0,    0,    0,    0,    0,    0, -999
20080114, 0000,  , TS, 12.8N, 114.9E,  35,  996,    0,    0,    0,    0,    0,    0,    0,    0,    0,    0,    0,    0, -999
20080114, 0600,  , TS, 12.3N, 113.7E,  40,  993,    0,    0,    0,    0,    0,    0,    0,    0,    0,    0,    0,    0, -999
20080114, 1200,  , TS, 11.8N, 112.7E,  35, 1000,    0,    0,    0,    0,    0,    0,    0,    0,    0,    0,    0,    0, -999
20080114, 1800,  , TD, 10.4N, 112.0E,  30, 1000,    0,    0,    0,    0,    0,    0,    0,    0,    0,    0,    0,    0, -999
20080115, 0000,  , TD,  9.5N, 111.7E,  25, 1004,    0,    0,    0,    0,    0,    0,    0,    0,    0,    0,    0,    0, -999
20080115, 0600,  , TD,  8.9N, 111.3E,  25, 1004,    0,    0,    0,    0,    0,    0,    0,    0,    0,    0,    0,    0, -999
20080115, 1200,  , TD,  8.3N, 110.9E,  25, 1004,    0,    0,    0,    0,    0,    0,    0,    0,    0,    0,    0,    0, -999
20080115, 1800,  , TD,  7.9N, 110.2E,  25, 1004,    0,    0,    0,    0,    0,    0,    0,    0,    0,    0,    0,    0, -999
20080116, 0000,  , TD,  7.5N, 109.6E,  25, 1004,    0,    0,    0,    0,    0,    0,    0,    0,    0,    0,    0,    0, -999
20080116, 0600,  , DB,  7.0N, 108.9E,  20, 1007,    0,    0,    0,    0,    0,    0,    0,    0,    0,    0,    0,    0, -999
20080116, 1200,  , DB,  6.4N, 108.2E,  15, 1010,    0,    0,    0,    0,    0,    0,    0,    0,    0,    0,    0,    0, -999
20080116, 1800,  , DB,  5.8N, 107.5E,  15, 1010,    0,    0,    0,    0,    0,    0,    0,    0,    0,    0,    0,    0, -999
20080117, 0000,  , DB,  5.2N, 106.7E,  15, 1010,    0,    0,    0,    0,    0,    0,    0,    0,    0,    0,    0,    0, -999
20080117, 0600,  , DB,  4.8N, 105.7E,  15, 1010,    0,    0,    0,    0,    0,    0,    0,    0,    0,    0,    0,    0, -999
20080117, 1200,  , DB,  3.9N, 105.2E,  15, 1010,    0,    0,    0,    0,    0,    0,    0,    0,    0,    0,    0,    0, -999
20080117, 1800,  , DB,  3.1N, 104.8E,  15, 1010,    0,    0,    0,    0,    0,    0,    0,    0,    0,    0,    0,    0, -999
