WP022000,            UNNAMED,     11,
20000517, 1800,  , TD, 17.8N, 121.6E,  15,    0,    0,    0,    0,    0,    0,    0,    0,    0,    0,    0,    0,    0, -999
20000518, 0000,  , TD, 18.2N, 122.2E,  20,    0,    0,    0,    0,    0,    0,    0,    0,    0,    0,    0,    0,    0, -999
20000518, 0600,  , TD, 18.7N, 122.6E,  20,    0,    0,    0,    0,    0,    0,    0,    0,    0,    0,    0,    0,    0, -999
20000518, 1200,  , TD, 19.4N, 123.2E,  20,    0,    0,    0,    0,    0,    0,    0,    0,    0,    0,    0,    0,    0, -999
20000518, 1800,  , TD, 20.1N, 124.2E,  30,    0,    0,    0,    0,    0,    0,    0,    0,    0,    0,    0,    0,    0, -999
20000519, 0000,  , TS, 20.9N, 125.3E,  35,    0,    0,    0,    0,    0,    0,    0,    0,    0,    0,    0,    0,    0, -999
20000519, 0600,  , TS, 22.1N, 126.4E,  35,    0,    0,    0,    0,    0,    0,    0,    0,    0,    0,    0,    0,    0, -999
20000519, 1200,  , TS, 23.3N, 128.2E,  40,    0,    0,    0,    0,    0,    0,    0,    0,    0,    0,    0,    0,    0, -999
20000519, 1800,  , TS, 24.2N, 129.8E,  35,    0,    0,    0,    0,    0,    0,    0,    0,    0,    0,    0,    0,    0, -999
20000520, 0000,  , TD, 25.7N, 132.4E,  30,    0,    0,    0,    0,    0,    0,    0,    0,    0,    0,    0,    0,    0, -999
20000520, 0600,  , TD, 27.2N, 135.6E,  25,    0,    0,    0,    0,    0,    0,    0,    0,    0,    0,    0,    0,    0, -999
