WP022019,              WUTIP,     44,
20190218, 1200,  , DB,  4.6N, 162.8E,  20, 1007,    0,    0,    0,    0,    0,    0,    0,    0,    0,    0,    0,    0, -999
20190218, 1800,  , DB,  4.9N, 161.3E,  20, 1007,    0,    0,    0,    0,    0,    0,    0,    0,    0,    0,    0,    0, -999
20190219, 0000,  , TD,  5.0N, 159.7E,  25, 1004,    0,    0,    0,    0,    0,    0,    0,    0,    0,    0,    0,    0, -999
20190219, 0600,  , TD,  4.9N, 158.4E,  25, 1001,    0,    0,    0,    0,    0,    0,    0,    0,    0,    0,    0,    0, -999
20190219, 1200,  , TD,  4.6N, 157.0E,  30, 1001,    0,    0,    0,    0,    0,    0,    0,    0,    0,    0,    0,    0, -999
20190219, 1800,  , TS,  4.6N, 155.9E,  40,  993,   80,   70,   80,   70,    0,    0,    0,    0,    0,    0,    0,    0, -999
20190220, 0000,  , TS,  4.7N, 154.6E,  45,  995,   90,   80,   90,   80,    0,    0,    0,    0,    0,    0,    0,    0, -999
20190220, 0600,  , TS,  5.0N, 153.6E,  50,  985,  100,   90,  100,   90,   48,   42,   48,   42,    0,    0,    0,    0, -999
20190220, 1200,  , TS,  5.3N, 152.5E,  55,  991,  100,  100,  110,  100,   49,   49,   55,   49,    0,    0,    0,    0, -999
20190220, 1800,  , TS,  5.8N, 151.3E,  60,  987,  100,  110,  120,  110,   49,   55,   62,   55,    0,    0,    0,    0, -999
20190221, 0000,  , HU,  6.2N, 150.4E,  65,  984,  100,  120,  120,  120,   49,   62,   62,   62,   25,   32,   32,   32, -999
20190221, 0600,  , HU,  6.6N, 149.6E,  75,  979,  120,  120,  120,  120,   62,   62,   62,   62,   33,   33,   33,   33, -999
20190221, 1200,  , HU,  7.1N, 148.8E,  80,  973,  130,  130,  130,  130,   69,   69,   69,   69,   36,   36,   36,   36, -999
20190221, 1800,  , HU,  7.7N, 148.0E,  80,  973,  140,  130,  130,  130,   75,   69,   69,   69,   40,   36,   36,   36, -999
20190222, 0000,  , HU,  8.3N, 147.1E,  85,  970,  140,  130,  130,  130,   75,   69,   69,   69,   40,   37,   37,   37, -999
20190222, 0600,  , HU,  9.1N, 146.1E,  90,  967,  140,  130,  130,  130,   76,   69,   69,   69,   40,   37,   37,   37, -999
20190222, 1200,  , HU,  9.9N, 145.0E,  95,  962,  140,  140,  130,  130,   76,   76,   70,   70,   41,   41,   37,   37, -999
20190222, 1800,  , HU, 10.2N, 144.1E, 100,  958,  140,  140,  130,  130,   76,   76,   70,   70,   41,   41,   37,   37, -999
20190223, 0000,  , HU, 10.7N, 143.7E, 105,  953,  140,  130,  130,  130,   76,   70,   70,   70,   41,   37,   37,   37, -999
20190223, 0600,  , HU, 11.4N, 143.2E, 115,  943,  140,  130,  120,  130,   77,   71,   64,   71,   41,   38,   34,   38, -999
20190223, 1000,  , XX, 11.9N, 142.9E, 145,  895,  140,  130,  110,  130,   79,   72,   60,   72,   43,   39,   32,   39, -999
20190223, 1200,  , XX, 12.0N, 142.8E, 140,  905,  140,  130,  110,  140,   78,   72,   59,   78,   42,   39,   32,   42, -999
20190223, 1800,  , XX, 12.4N, 142.4E, 130,  929,  140,  130,  110,  140,   78,   72,   59,   78,   42,   38,   31,   42, -999
20190224, 0000,  , HU, 12.6N, 142.1E, 120,  939,  150,  130,  110,  140,   84,   71,   58,   77,   45,   38,   31,   42, -999
20190224, 0600,  , HU, 12.9N, 141.7E, 110,  948,  150,  130,  110,  140,   83,   70,   58,   77,   45,   38,   31,   41, -999
20190224, 1200,  , HU, 13.0N, 141.1E, 105,  954,  150,  130,  100,  130,   83,   70,   51,   70,   44,   37,   27,   37, -999
20190224, 1800,  , HU, 13.1N, 140.7E, 115,  944,  140,  120,  100,  130,   77,   64,   52,   71,   41,   34,   27,   38, -999
20190225, 0000,  , HU, 13.4N, 140.4E, 125,  935,  140,  120,   90,  120,   78,   65,   46,   65,   42,   35,   24,   35, -999
20190225, 0600,  , XX, 13.8N, 140.2E, 140,  918,  130,  110,   90,  120,   72,   59,   47,   66,   39,   32,   25,   35, -999
20190225, 1200,  , XX, 14.2N, 140.1E, 135,  923,  130,  110,   80,  110,   72,   59,   40,   59,   39,   32,   21,   32, -999
20190225, 1800,  , HU, 14.6N, 139.9E, 125,  934,  120,  110,   80,  100,   65,   59,   40,   52,   35,   31,   21,   28, -999
20190226, 0000,  , HU, 14.9N, 139.9E, 120,  940,  110,  100,   70,   90,   58,   52,   33,   46,   31,   28,   17,   24, -999
20190226, 0600,  , HU, 15.2N, 139.9E, 115,  945,  100,   80,   60,   90,   52,   39,   27,   46,   27,   20,   13,   24, -999
20190226, 1200,  , HU, 15.4N, 140.1E, 105,  955,  100,   80,   60,   90,   51,   39,   26,   45,   27,   20,   13,   23, -999
20190226, 1800,  , HU, 15.6N, 140.1E,  90,  966,  100,   80,   60,   90,   50,   38,   25,   44,   26,   19,   12,   23, -999
20190227, 0000,  , HU, 15.8N, 140.1E,  85,  971,   90,   80,   60,   80,   44,   38,   25,   38,   23,   19,   12,   19, -999
20190227, 0600,  , HU, 16.2N, 139.9E,  75,  980,   90,   70,   50,   80,   43,   31,   18,   37,   22,   15,    0,   19, -999
20190227, 1200,  , TS, 16.4N, 139.0E,  50,  996,   80,   50,   30,   70,   36,   17,    0,   29,    0,    0,    0,    0, -999
20190227, 1800,  , TS, 16.7N, 137.8E,  35, 1003,   40,   30,   10,   40,    0,    0,    0,    0,    0,    0,    0,    0, -999
20190228, 0000,  , TD, 17.1N, 136.7E,  30, 1007,    0,    0,    0,    0,    0,    0,    0,    0,    0,    0,    0,    0, -999
20190228, 0600,  , TD, 17.5N, 135.6E,  25, 1008,    0,    0,    0,    0,    0,    0,    0,    0,    0,    0,    0,    0, -999
20190228, 1200,  , DB, 18.1N, 134.9E,  20, 1011,    0,    0,    0,    0,    0,    0,    0,    0,    0,    0,    0,    0, -999
20190228, 1800,  , DB, 18.5N, 134.6E,  20, 1008,    0,    0,    0,    0,    0,    0,    0,    0,    0,    0,    0,    0, -999
20190301, 0000,  , DB, 19.0N, 134.3E,  20, 1010,    0,    0,    0,    0,    0,    0,    0,    0,    0,    0,    0,    0, -999
