WP021955,            UNNAMED,     26,
19550322, 1200,  , TS,  7.9N, 166.8E,  40,    0,    0,    0,    0,    0,    0,    0,    0,    0,    0,    0,    0,    0, -999
19550322, 1800,  , TS,  8.3N, 165.9E,  40,    0,    0,    0,    0,    0,    0,    0,    0,    0,    0,    0,    0,    0, -999
19550323, 0000,  , TS,  8.9N, 165.1E,  40,    0,    0,    0,    0,    0,    0,    0,    0,    0,    0,    0,    0,    0, -999
19550323, 0600,  , LO,  9.8N, 164.5E,  30,    0,    0,    0,    0,    0,    0,    0,    0,    0,    0,    0,    0,    0, -999
19550323, 1200,  , LO, 11.2N, 164.2E,  20,    0,    0,    0,    0,    0,    0,    0,    0,    0,    0,    0,    0,    0, -999
19550323, 1800,  , LO, 12.3N, 164.0E,  20,    0,    0,    0,    0,    0,    0,    0,    0,    0,    0,    0,    0,    0, -999
19550324, 0000,  , LO, 13.5N, 163.3E,  20,    0,    0,    0,    0,    0,    0,    0,    0,    0,    0,    0,    0,    0, -999
19550324, 0600,  , LO, 14.5N, 162.6E,  30,    0,    0,    0,    0,    0,    0,    0,    0,    0,    0,    0,    0,    0, -999
19550324, 1200,  , TS, 15.5N, 161.8E,  35,    0,    0,    0,    0,    0,    0,    0,    0,    0,    0,    0,    0,    0, -999
19550324, 1800,  , TS, 16.4N, 161.1E,  55,    0,    0,    0,    0,    0,    0,    0,    0,    0,    0,    0,    0,    0, -999
19550325, 0000,  , TS, 17.4N, 160.5E,  60,    0,    0,    0,    0,    0,    0,    0,    0,    0,    0,    0,    0,    0, -999
19550325, 0600,  , TS, 18.3N, 159.7E,  60,    0,    0,    0,    0,    0,    0,    0,    0,    0,    0,    0,    0,    0, -999
19550325, 1200,  , TS, 19.2N, 158.9E,  60,    0,    0,    0,    0,    0,    0,    0,    0,    0,    0,    0,    0,    0, -999
19550325, 1800,  , TS, 20.4N, 158.3E,  60,    0,    0,    0,    0,    0,    0,    0,    0,    0,    0,    0,    0,    0, -999
19550326, 0000,  , HU, 21.6N, 158.3E,  70,    0,    0,    0,    0,    0,    0,    0,    0,    0,    0,    0,    0,    0, -999
19550326, 0600,  , HU, 22.7N, 158.6E,  75,    0,    0,    0,    0,    0,    0,    0,    0,    0,    0,    0,    0,    0, -999
19550326, 1200,  , HU, 23.4N, 158.2E,  75,    0,    0,    0,    0,    0,    0,    0,    0,    0,    0,    0,    0,    0, -999
19550326, 1800,  , HU, 24.5N, 157.9E,  80,    0,    0,    0,    0,    0,    0,    0,    0,    0,    0,    0,    0,    0, -999
19550327, 0000,  , HU, 24.8N, 158.7E,  85,    0,    0,    0,    0,    0,    0,    0,    0,    0,    0,    0,    0,    0, -999
19550327, 0600,  , HU, 25.2N, 160.3E,  70,    0,    0,    0,    0,    0,    0,    0,    0,    0,    0,    0,    0,    0, -999
19550327, 1200,  , TS, 25.6N, 161.7E,  60,    0,    0,    0,    0,    0,    0,    0,    0,    0,    0,    0,    0,    0, -999
19550327, 1800,  , TS, 25.9N, 163.2E,  40,    0,    0,    0,    0,    0,    0,    0,    0,    0,    0,    0,    0,    0, -999
19550328, 0000,  , LO, 26.4N, 164.5E,  25,    0,    0,    0,    0,    0,    0,    0,    0,    0,    0,    0,    0,    0, -999
19550328, 0600,  , LO, 27.0N, 165.0E,  30,    0,    0,    0,    0,    0,    0,    0,    0,    0,    0,    0,    0,    0, -999
19550328, 1200,  , LO, 27.2N, 166.0E,  25,    0,    0,    0,    0,    0,    0,    0,    0,    0,    0,    0,    0,    0, -999
19550328, 1800,  , LO, 27.5N, 167.0E,  25,    0,    0,    0,    0,    0,    0,    0,    0,    0,    0,    0,    0,    0, -999
