WP021946,            UNNAMED,     25,
19460511, 0000,  , LO, 11.4N, 142.5E,  25,    0,    0,    0,    0,    0,    0,    0,    0,    0,    0,    0,    0,    0, -999
19460511, 0600,  , TS, 11.6N, 142.1E,  50,    0,    0,    0,    0,    0,    0,    0,    0,    0,    0,    0,    0,    0, -999
19460511, 1200,  , HU, 11.8N, 141.9E,  80,    0,    0,    0,    0,    0,    0,    0,    0,    0,    0,    0,    0,    0, -999
19460511, 1800,  , HU, 12.0N, 141.8E,  80,    0,    0,    0,    0,    0,    0,    0,    0,    0,    0,    0,    0,    0, -999
19460512, 0000,  , HU, 12.4N, 141.8E,  80,    0,    0,    0,    0,    0,    0,    0,    0,    0,    0,    0,    0,    0, -999
19460512, 0600,  , HU, 12.6N, 141.8E,  80,    0,    0,    0,    0,    0,    0,    0,    0,    0,    0,    0,    0,    0, -999
19460512, 1200,  , HU, 12.8N, 141.8E,  80,    0,    0,    0,    0,    0,    0,    0,    0,    0,    0,    0,    0,    0, -999
19460512, 1800,  , HU, 13.0N, 141.8E,  80,    0,    0,    0,    0,    0,    0,    0,    0,    0,    0,    0,    0,    0, -999
19460513, 0000,  , HU, 13.3N, 141.7E,  80,    0,    0,    0,    0,    0,    0,    0,    0,    0,    0,    0,    0,    0, -999
19460513, 0600,  , HU, 13.6N, 141.7E,  80,    0,    0,    0,    0,    0,    0,    0,    0,    0,    0,    0,    0,    0, -999
19460513, 1200,  , HU, 13.8N, 141.4E,  80,    0,    0,    0,    0,    0,    0,    0,    0,    0,    0,    0,    0,    0, -999
19460513, 1800,  , HU, 14.0N, 141.1E,  80,    0,    0,    0,    0,    0,    0,    0,    0,    0,    0,    0,    0,    0, -999
19460514, 0000,  , HU, 14.3N, 140.8E,  80,    0,    0,    0,    0,    0,    0,    0,    0,    0,    0,    0,    0,    0, -999
19460514, 0600,  , HU, 14.7N, 139.8E,  70,    0,    0,    0,    0,    0,    0,    0,    0,    0,    0,    0,    0,    0, -999
19460514, 1200,  , HU, 15.2N, 139.0E,  70,    0,    0,    0,    0,    0,    0,    0,    0,    0,    0,    0,    0,    0, -999
19460514, 1800,  , HU, 15.7N, 138.2E,  70,    0,    0,    0,    0,    0,    0,    0,    0,    0,    0,    0,    0,    0, -999
19460515, 0000,  , HU, 16.2N, 137.8E,  70,    0,    0,    0,    0,    0,    0,    0,    0,    0,    0,    0,    0,    0, -999
19460515, 0600,  , HU, 17.0N, 137.2E,  70,    0,    0,    0,    0,    0,    0,    0,    0,    0,    0,    0,    0,    0, -999
19460515, 1200,  , TS, 17.7N, 137.0E,  55,    0,    0,    0,    0,    0,    0,    0,    0,    0,    0,    0,    0,    0, -999
19460515, 1800,  , TS, 18.3N, 136.8E,  50,    0,    0,    0,    0,    0,    0,    0,    0,    0,    0,    0,    0,    0, -999
19460516, 0000,  , TS, 19.0N, 136.7E,  50,    0,    0,    0,    0,    0,    0,    0,    0,    0,    0,    0,    0,    0, -999
19460516, 0600,  , TS, 20.3N, 136.7E,  40,    0,    0,    0,    0,    0,    0,    0,    0,    0,    0,    0,    0,    0, -999
19460516, 1200,  , TS, 21.4N, 137.1E,  35,    0,    0,    0,    0,    0,    0,    0,    0,    0,    0,    0,    0,    0, -999
19460516, 1800,  , LO, 22.2N, 137.5E,  30,    0,    0,    0,    0,    0,    0,    0,    0,    0,    0,    0,    0,    0, -999
19460517, 0000,  , LO, 23.0N, 138.0E,  25,    0,    0,    0,    0,    0,    0,    0,    0,    0,    0,    0,    0,    0, -999
