WP021945,            UNNAMED,     13,
19450513, 1200,  , LO, 19.0N, 136.0E,  20,    0,    0,    0,    0,    0,    0,    0,    0,    0,    0,    0,    0,    0, -999
19450513, 1800,  , LO, 19.8N, 136.8E,  25,    0,    0,    0,    0,    0,    0,    0,    0,    0,    0,    0,    0,    0, -999
19450514, 0000,  , LO, 20.4N, 137.4E,  30,    0,    0,    0,    0,    0,    0,    0,    0,    0,    0,    0,    0,    0, -999
19450514, 0600,  , TS, 21.3N, 138.2E,  35,    0,    0,    0,    0,    0,    0,    0,    0,    0,    0,    0,    0,    0, -999
19450514, 1200,  , TS, 22.0N, 139.0E,  40,    0,    0,    0,    0,    0,    0,    0,    0,    0,    0,    0,    0,    0, -999
19450514, 1800,  , TS, 23.0N, 139.8E,  50,    0,    0,    0,    0,    0,    0,    0,    0,    0,    0,    0,    0,    0, -999
19450515, 0000,  , TS, 24.0N, 140.5E,  55,    0,    0,    0,    0,    0,    0,    0,    0,    0,    0,    0,    0,    0, -999
19450515, 0600,  , TS, 25.6N, 141.9E,  50,    0,    0,    0,    0,    0,    0,    0,    0,    0,    0,    0,    0,    0, -999
19450515, 1200,  , TS, 27.0N, 143.0E,  40,    0,    0,    0,    0,    0,    0,    0,    0,    0,    0,    0,    0,    0, -999
19450515, 1800,  , TS, 28.0N, 144.4E,  35,    0,    0,    0,    0,    0,    0,    0,    0,    0,    0,    0,    0,    0, -999
19450516, 0000,  , LO, 29.1N, 145.8E,  30,    0,    0,    0,    0,    0,    0,    0,    0,    0,    0,    0,    0,    0, -999
19450516, 0600,  , LO, 30.0N, 147.2E,  30,    0,    0,    0,    0,    0,    0,    0,    0,    0,    0,    0,    0,    0, -999
19450516, 1200,  , LO, 31.0N, 148.5E,  25,    0,    0,    0,    0,    0,    0,    0,    0,    0,    0,    0,    0,    0, -999
