WP021982,            UNNAMED,     57,
19820318, 0600,  , LO,  3.8N, 160.7E,  25,    0,    0,    0,    0,    0,    0,    0,    0,    0,    0,    0,    0,    0, -999
19820318, 1200,  , LO,  4.5N, 158.8E,  25,    0,    0,    0,    0,    0,    0,    0,    0,    0,    0,    0,    0,    0, -999
19820318, 1800,  , LO,  4.9N, 157.1E,  30,    0,    0,    0,    0,    0,    0,    0,    0,    0,    0,    0,    0,    0, -999
19820319, 0000,  , TS,  5.5N, 155.5E,  40,    0,    0,    0,    0,    0,    0,    0,    0,    0,    0,    0,    0,    0, -999
19820319, 0600,  , TS,  5.9N, 153.9E,  50,    0,    0,    0,    0,    0,    0,    0,    0,    0,    0,    0,    0,    0, -999
19820319, 1200,  , TS,  6.4N, 152.4E,  55,    0,    0,    0,    0,    0,    0,    0,    0,    0,    0,    0,    0,    0, -999
19820319, 1800,  , TS,  6.7N, 151.0E,  55,    0,    0,    0,    0,    0,    0,    0,    0,    0,    0,    0,    0,    0, -999
19820320, 0000,  , TS,  6.9N, 149.9E,  50,    0,    0,    0,    0,    0,    0,    0,    0,    0,    0,    0,    0,    0, -999
19820320, 0600,  , TS,  6.9N, 148.7E,  50,    0,    0,    0,    0,    0,    0,    0,    0,    0,    0,    0,    0,    0, -999
19820320, 1200,  , TS,  7.0N, 147.6E,  50,    0,    0,    0,    0,    0,    0,    0,    0,    0,    0,    0,    0,    0, -999
19820320, 1800,  , TS,  7.3N, 146.5E,  50,    0,    0,    0,    0,    0,    0,    0,    0,    0,    0,    0,    0,    0, -999
19820321, 0000,  , TS,  7.5N, 145.5E,  50,    0,    0,    0,    0,    0,    0,    0,    0,    0,    0,    0,    0,    0, -999
19820321, 0600,  , TS,  7.8N, 144.4E,  55,    0,    0,    0,    0,    0,    0,    0,    0,    0,    0,    0,    0,    0, -999
19820321, 1200,  , TS,  7.9N, 142.9E,  60,    0,    0,    0,    0,    0,    0,    0,    0,    0,    0,    0,    0,    0, -999
19820321, 1800,  , HU,  8.1N, 141.3E,  65,    0,    0,    0,    0,    0,    0,    0,    0,    0,    0,    0,    0,    0, -999
19820322, 0000,  , HU,  8.3N, 139.5E,  65,    0,    0,    0,    0,    0,    0,    0,    0,    0,    0,    0,    0,    0, -999
19820322, 0600,  , TS,  8.6N, 137.7E,  60,    0,    0,    0,    0,    0,    0,    0,    0,    0,    0,    0,    0,    0, -999
19820322, 1200,  , TS,  8.8N, 136.1E,  60,    0,    0,    0,    0,    0,    0,    0,    0,    0,    0,    0,    0,    0, -999
19820322, 1800,  , TS,  9.0N, 134.8E,  60,    0,    0,    0,    0,    0,    0,    0,    0,    0,    0,    0,    0,    0, -999
19820323, 0000,  , HU,  9.1N, 133.5E,  65,    0,    0,    0,    0,    0,    0,    0,    0,    0,    0,    0,    0,    0, -999
19820323, 0600,  , HU,  9.2N, 132.4E,  70,    0,    0,    0,    0,    0,    0,    0,    0,    0,    0,    0,    0,    0, -999
19820323, 1200,  , HU,  9.3N, 131.4E,  70,    0,    0,    0,    0,    0,    0,    0,    0,    0,    0,    0,    0,    0, -999
19820323, 1800,  , HU,  9.5N, 130.4E,  70,    0,    0,    0,    0,    0,    0,    0,    0,    0,    0,    0,    0,    0, -999
19820324, 0000,  , HU,  9.7N, 129.5E,  75,    0,    0,    0,    0,    0,    0,    0,    0,    0,    0,    0,    0,    0, -999
19820324, 0600,  , HU,  9.8N, 128.8E,  80,    0,    0,    0,    0,    0,    0,    0,    0,    0,    0,    0,    0,    0, -999
19820324, 1200,  , HU,  9.8N, 128.2E,  85,    0,    0,    0,    0,    0,    0,    0,    0,    0,    0,    0,    0,    0, -999
19820324, 1800,  , HU,  9.9N, 127.7E,  90,    0,    0,    0,    0,    0,    0,    0,    0,    0,    0,    0,    0,    0, -999
19820325, 0000,  , HU, 10.1N, 127.2E,  95,    0,    0,    0,    0,    0,    0,    0,    0,    0,    0,    0,    0,    0, -999
19820325, 0600,  , HU, 10.3N, 126.8E, 100,    0,    0,    0,    0,    0,    0,    0,    0,    0,    0,    0,    0,    0, -999
19820325, 1200,  , HU, 10.5N, 126.2E, 105,    0,    0,    0,    0,    0,    0,    0,    0,    0,    0,    0,    0,    0, -999
19820325, 1800,  , HU, 10.4N, 125.5E, 100,    0,    0,    0,    0,    0,    0,    0,    0,    0,    0,    0,    0,    0, -999
19820326, 0000,  , HU, 10.3N, 124.8E,  95,    0,    0,    0,    0,    0,    0,    0,    0,    0,    0,    0,    0,    0, -999
19820326, 0600,  , HU, 10.5N, 124.0E,  85,    0,    0,    0,    0,    0,    0,    0,    0,    0,    0,    0,    0,    0, -999
19820326, 1200,  , HU, 11.0N, 123.5E,  80,    0,    0,    0,    0,    0,    0,    0,    0,    0,    0,    0,    0,    0, -999
19820326, 1800,  , HU, 11.5N, 122.9E,  75,    0,    0,    0,    0,    0,    0,    0,    0,    0,    0,    0,    0,    0, -999
19820327, 0000,  , HU, 11.7N, 122.2E,  65,    0,    0,    0,    0,    0,    0,    0,    0,    0,    0,    0,    0,    0, -999
19820327, 0600,  , TS, 11.8N, 121.3E,  60,    0,    0,    0,    0,    0,    0,    0,    0,    0,    0,    0,    0,    0, -999
19820327, 1200,  , TS, 11.9N, 120.4E,  55,    0,    0,    0,    0,    0,    0,    0,    0,    0,    0,    0,    0,    0, -999
19820327, 1800,  , TS, 12.0N, 119.5E,  45,    0,    0,    0,    0,    0,    0,    0,    0,    0,    0,    0,    0,    0, -999
19820328, 0000,  , TS, 12.4N, 118.5E,  40,    0,    0,    0,    0,    0,    0,    0,    0,    0,    0,    0,    0,    0, -999
19820328, 0600,  , TS, 12.9N, 117.8E,  45,    0,    0,    0,    0,    0,    0,    0,    0,    0,    0,    0,    0,    0, -999
19820328, 1200,  , TS, 13.3N, 117.2E,  50,    0,    0,    0,    0,    0,    0,    0,    0,    0,    0,    0,    0,    0, -999
19820328, 1800,  , TS, 13.7N, 116.6E,  50,    0,    0,    0,    0,    0,    0,    0,    0,    0,    0,    0,    0,    0, -999
19820329, 0000,  , TS, 14.1N, 116.1E,  45,    0,    0,    0,    0,    0,    0,    0,    0,    0,    0,    0,    0,    0, -999
19820329, 0600,  , TS, 14.3N, 115.8E,  45,    0,    0,    0,    0,    0,    0,    0,    0,    0,    0,    0,    0,    0, -999
19820329, 1200,  , TS, 14.2N, 115.4E,  40,    0,    0,    0,    0,    0,    0,    0,    0,    0,    0,    0,    0,    0, -999
19820329, 1800,  , TS, 14.0N, 114.9E,  40,    0,    0,    0,    0,    0,    0,    0,    0,    0,    0,    0,    0,    0, -999
19820330, 0000,  , TS, 13.9N, 114.5E,  35,    0,    0,    0,    0,    0,    0,    0,    0,    0,    0,    0,    0,    0, -999
19820330, 0600,  , LO, 13.8N, 114.2E,  30,    0,    0,    0,    0,    0,    0,    0,    0,    0,    0,    0,    0,    0, -999
19820330, 1200,  , LO, 13.5N, 114.0E,  30,    0,    0,    0,    0,    0,    0,    0,    0,    0,    0,    0,    0,    0, -999
19820330, 1800,  , LO, 13.2N, 113.7E,  30,    0,    0,    0,    0,    0,    0,    0,    0,    0,    0,    0,    0,    0, -999
19820331, 0000,  , LO, 12.9N, 113.6E,  30,    0,    0,    0,    0,    0,    0,    0,    0,    0,    0,    0,    0,    0, -999
19820331, 0600,  , LO, 12.9N, 114.0E,  30,    0,    0,    0,    0,    0,    0,    0,    0,    0,    0,    0,    0,    0, -999
19820331, 1200,  , LO, 13.1N, 114.0E,  30,    0,    0,    0,    0,    0,    0,    0,    0,    0,    0,    0,    0,    0, -999
19820331, 1800,  , LO, 13.1N, 113.5E,  30,    0,    0,    0,    0,    0,    0,    0,    0,    0,    0,    0,    0,    0, -999
19820401, 0000,  , LO, 13.1N, 113.1E,  25,    0,    0,    0,    0,    0,    0,    0,    0,    0,    0,    0,    0,    0, -999
19820401, 0600,  , LO, 13.1N, 112.6E,  25,    0,    0,    0,    0,    0,    0,    0,    0,    0,    0,    0,    0,    0, -999
