WP021997,            UNNAMED,     60,
19970409, 0000,  , LO,  6.2N, 153.0E,  15,    0,    0,    0,    0,    0,    0,    0,    0,    0,    0,    0,    0,    0, -999
19970409, 0600,  , LO,  6.6N, 154.4E,  20,    0,    0,    0,    0,    0,    0,    0,    0,    0,    0,    0,    0,    0, -999
19970409, 1200,  , LO,  7.2N, 155.7E,  20,    0,    0,    0,    0,    0,    0,    0,    0,    0,    0,    0,    0,    0, -999
19970409, 1800,  , LO,  8.4N, 156.4E,  20,    0,    0,    0,    0,    0,    0,    0,    0,    0,    0,    0,    0,    0, -999
19970410, 0000,  , LO,  9.7N, 156.9E,  20,    0,    0,    0,    0,    0,    0,    0,    0,    0,    0,    0,    0,    0, -999
19970410, 0600,  , LO, 10.0N, 157.4E,  20,    0,    0,    0,    0,    0,    0,    0,    0,    0,    0,    0,    0,    0, -999
19970410, 1200,  , LO,  9.8N, 157.7E,  20,    0,    0,    0,    0,    0,    0,    0,    0,    0,    0,    0,    0,    0, -999
19970410, 1800,  , LO,  9.6N, 157.9E,  25,    0,    0,    0,    0,    0,    0,    0,    0,    0,    0,    0,    0,    0, -999
19970411, 0000,  , LO,  9.2N, 158.1E,  25,    0,    0,    0,    0,    0,    0,    0,    0,    0,    0,    0,    0,    0, -999
19970411, 0600,  , LO,  8.7N, 158.2E,  25,    0,    0,    0,    0,    0,    0,    0,    0,    0,    0,    0,    0,    0, -999
19970411, 1200,  , LO,  8.2N, 158.2E,  25,    0,    0,    0,    0,    0,    0,    0,    0,    0,    0,    0,    0,    0, -999
19970411, 1800,  , LO,  7.7N, 158.1E,  30,    0,    0,    0,    0,    0,    0,    0,    0,    0,    0,    0,    0,    0, -999
19970412, 0000,  , LO,  7.2N, 158.0E,  30,    0,    0,    0,    0,    0,    0,    0,    0,    0,    0,    0,    0,    0, -999
19970412, 0600,  , TS,  7.0N, 158.4E,  35,    0,    0,    0,    0,    0,    0,    0,    0,    0,    0,    0,    0,    0, -999
19970412, 1200,  , TS,  7.3N, 158.6E,  40,    0,    0,    0,    0,    0,    0,    0,    0,    0,    0,    0,    0,    0, -999
19970412, 1800,  , TS,  7.8N, 158.5E,  45,    0,    0,    0,    0,    0,    0,    0,    0,    0,    0,    0,    0,    0, -999
19970413, 0000,  , TS,  8.2N, 158.2E,  55,    0,    0,    0,    0,    0,    0,    0,    0,    0,    0,    0,    0,    0, -999
19970413, 0600,  , TS,  8.7N, 157.7E,  55,    0,    0,    0,    0,    0,    0,    0,    0,    0,    0,    0,    0,    0, -999
19970413, 1200,  , TS,  9.1N, 157.1E,  60,    0,    0,    0,    0,    0,    0,    0,    0,    0,    0,    0,    0,    0, -999
19970413, 1800,  , HU,  9.6N, 156.2E,  65,    0,    0,    0,    0,    0,    0,    0,    0,    0,    0,    0,    0,    0, -999
19970414, 0000,  , HU, 10.0N, 155.3E,  65,    0,    0,    0,    0,    0,    0,    0,    0,    0,    0,    0,    0,    0, -999
19970414, 0600,  , HU, 10.1N, 154.3E,  65,    0,    0,    0,    0,    0,    0,    0,    0,    0,    0,    0,    0,    0, -999
19970414, 1200,  , HU, 10.1N, 153.1E,  65,    0,    0,    0,    0,    0,    0,    0,    0,    0,    0,    0,    0,    0, -999
19970414, 1800,  , HU, 10.1N, 151.8E,  70,    0,    0,    0,    0,    0,    0,    0,    0,    0,    0,    0,    0,    0, -999
19970415, 0000,  , HU, 10.1N, 150.5E,  75,    0,    0,    0,    0,    0,    0,    0,    0,    0,    0,    0,    0,    0, -999
19970415, 0600,  , HU, 10.1N, 149.2E,  80,    0,    0,    0,    0,    0,    0,    0,    0,    0,    0,    0,    0,    0, -999
19970415, 1200,  , HU, 10.1N, 148.2E,  85,    0,    0,    0,    0,    0,    0,    0,    0,    0,    0,    0,    0,    0, -999
19970415, 1800,  , HU, 10.2N, 147.2E,  90,    0,    0,    0,    0,    0,    0,    0,    0,    0,    0,    0,    0,    0, -999
19970416, 0000,  , HU, 10.3N, 146.5E,  95,    0,    0,    0,    0,    0,    0,    0,    0,    0,    0,    0,    0,    0, -999
19970416, 0600,  , HU, 10.8N, 145.7E, 100,    0,    0,    0,    0,    0,    0,    0,    0,    0,    0,    0,    0,    0, -999
19970416, 1200,  , HU, 11.0N, 144.8E, 105,    0,    0,    0,    0,    0,    0,    0,    0,    0,    0,    0,    0,    0, -999
19970416, 1800,  , HU, 11.2N, 143.9E, 105,    0,    0,    0,    0,    0,    0,    0,    0,    0,    0,    0,    0,    0, -999
19970417, 0000,  , HU, 11.5N, 143.3E, 105,    0,    0,    0,    0,    0,    0,    0,    0,    0,    0,    0,    0,    0, -999
19970417, 0600,  , HU, 11.9N, 142.7E, 110,    0,    0,    0,    0,    0,    0,    0,    0,    0,    0,    0,    0,    0, -999
19970417, 1200,  , HU, 12.4N, 142.0E, 110,    0,    0,    0,    0,    0,    0,    0,    0,    0,    0,    0,    0,    0, -999
19970417, 1800,  , HU, 12.8N, 141.3E, 115,    0,    0,    0,    0,    0,    0,    0,    0,    0,    0,    0,    0,    0, -999
19970418, 0000,  , HU, 13.1N, 140.5E, 115,    0,    0,    0,    0,    0,    0,    0,    0,    0,    0,    0,    0,    0, -999
19970418, 0600,  , HU, 13.2N, 139.8E, 120,    0,    0,    0,    0,    0,    0,    0,    0,    0,    0,    0,    0,    0, -999
19970418, 1200,  , HU, 13.4N, 139.3E, 125,    0,    0,    0,    0,    0,    0,    0,    0,    0,    0,    0,    0,    0, -999
19970418, 1800,  , HU, 13.8N, 138.8E, 125,    0,    0,    0,    0,    0,    0,    0,    0,    0,    0,    0,    0,    0, -999
19970419, 0000,  , HU, 14.3N, 138.4E, 125,    0,    0,    0,    0,    0,    0,    0,    0,    0,    0,    0,    0,    0, -999
19970419, 0600,  , HU, 14.8N, 138.1E, 130,    0,    0,    0,    0,    0,    0,    0,    0,    0,    0,    0,    0,    0, -999
19970419, 1200,  , HU, 15.4N, 137.9E, 135,    0,    0,    0,    0,    0,    0,    0,    0,    0,    0,    0,    0,    0, -999
19970419, 1800,  , HU, 16.0N, 137.8E, 140,    0,    0,    0,    0,    0,    0,    0,    0,    0,    0,    0,    0,    0, -999
19970420, 0000,  , HU, 16.6N, 137.7E, 145,    0,    0,    0,    0,    0,    0,    0,    0,    0,    0,    0,    0,    0, -999
19970420, 0600,  , HU, 17.3N, 137.6E, 145,    0,    0,    0,    0,    0,    0,    0,    0,    0,    0,    0,    0,    0, -999
19970420, 1200,  , HU, 18.1N, 137.6E, 140,    0,    0,    0,    0,    0,    0,    0,    0,    0,    0,    0,    0,    0, -999
19970420, 1800,  , HU, 19.0N, 137.6E, 130,    0,    0,    0,    0,    0,    0,    0,    0,    0,    0,    0,    0,    0, -999
19970421, 0000,  , HU, 20.0N, 137.6E, 125,    0,    0,    0,    0,    0,    0,    0,    0,    0,    0,    0,    0,    0, -999
19970421, 0600,  , HU, 21.0N, 138.0E, 115,    0,    0,    0,    0,    0,    0,    0,    0,    0,    0,    0,    0,    0, -999
19970421, 1200,  , HU, 22.0N, 138.7E, 100,    0,    0,    0,    0,    0,    0,    0,    0,    0,    0,    0,    0,    0, -999
19970421, 1800,  , HU, 23.1N, 139.1E,  90,    0,    0,    0,    0,    0,    0,    0,    0,    0,    0,    0,    0,    0, -999
19970422, 0000,  , HU, 24.5N, 139.9E,  80,    0,    0,    0,    0,    0,    0,    0,    0,    0,    0,    0,    0,    0, -999
19970422, 0600,  , HU, 25.7N, 141.1E,  75,    0,    0,    0,    0,    0,    0,    0,    0,    0,    0,    0,    0,    0, -999
19970422, 1200,  , HU, 26.8N, 142.5E,  70,    0,    0,    0,    0,    0,    0,    0,    0,    0,    0,    0,    0,    0, -999
19970422, 1800,  , HU, 27.5N, 144.1E,  65,    0,    0,    0,    0,    0,    0,    0,    0,    0,    0,    0,    0,    0, -999
19970423, 0000,  , TS, 28.2N, 145.8E,  60,    0,    0,    0,    0,    0,    0,    0,    0,    0,    0,    0,    0,    0, -999
19970423, 0600,  , TS, 29.0N, 147.9E,  50,    0,    0,    0,    0,    0,    0,    0,    0,    0,    0,    0,    0,    0, -999
19970423, 1200,  , TS, 30.0N, 150.4E,  45,    0,    0,    0,    0,    0,    0,    0,    0,    0,    0,    0,    0,    0, -999
19970423, 1800,  , TS, 31.1N, 152.9E,  45,    0,    0,    0,    0,    0,    0,    0,    0,    0,    0,    0,    0,    0, -999
