WP022018,              SANBA,     31,
20180208, 0600,  , DB,  9.5N, 149.8E,  20, 1007,    0,    0,    0,    0,    0,    0,    0,    0,    0,    0,    0,    0, -999
20180208, 1200,  , XX, 10.2N, 148.8E,  20, 1007,    0,    0,    0,    0,    0,    0,    0,    0,    0,    0,    0,    0, -999
20180208, 1800,  , DB, 10.5N, 147.8E,  20, 1007,    0,    0,    0,    0,    0,    0,    0,    0,    0,    0,    0,    0, -999
20180209, 0000,  , DB, 10.6N, 147.1E,  20, 1008,    0,    0,    0,    0,    0,    0,    0,    0,    0,    0,    0,    0, -999
20180209, 0600,  , XX, 10.5N, 146.0E,  15, 1009,    0,    0,    0,    0,    0,    0,    0,    0,    0,    0,    0,    0, -999
20180209, 1200,  , XX, 10.1N, 145.1E,  20, 1008,    0,    0,    0,    0,    0,    0,    0,    0,    0,    0,    0,    0, -999
20180209, 1800,  , XX,  9.2N, 144.3E,  20, 1007,    0,    0,    0,    0,    0,    0,    0,    0,    0,    0,    0,    0, -999
20180210, 0000,  , XX,  8.2N, 143.5E,  25, 1006,    0,    0,    0,    0,    0,    0,    0,    0,    0,    0,    0,    0, -999
20180210, 0600,  , XX,  7.0N, 141.7E,  25, 1005,    0,    0,    0,    0,    0,    0,    0,    0,    0,    0,    0,    0, -999
20180210, 1200,  , TD,  6.4N, 140.0E,  30, 1004,    0,    0,    0,    0,    0,    0,    0,    0,    0,    0,    0,    0, -999
20180210, 1800,  , TD,  6.4N, 138.2E,  30, 1004,    0,    0,    0,    0,    0,    0,    0,    0,    0,    0,    0,    0, -999
20180211, 0000,  , TS,  6.6N, 137.4E,  35, 1001,   60,   60,   70,   90,    0,    0,    0,    0,    0,    0,    0,    0, -999
20180211, 0600,  , TS,  6.9N, 135.9E,  35, 1001,   60,   60,   70,   90,    0,    0,    0,    0,    0,    0,    0,    0, -999
20180211, 1200,  , TS,  7.1N, 134.4E,  40,  999,   60,   60,   70,   80,    0,    0,    0,    0,    0,    0,    0,    0, -999
20180211, 1800,  , TS,  6.8N, 132.9E,  35, 1002,   60,   60,   70,   80,    0,    0,    0,    0,    0,    0,    0,    0, -999
20180212, 0000,  , TS,  6.9N, 132.0E,  35, 1003,   60,   60,   70,   80,    0,    0,    0,    0,    0,    0,    0,    0, -999
20180212, 0600,  , TS,  7.1N, 130.6E,  35, 1003,   60,   60,   70,   90,    0,    0,    0,    0,    0,    0,    0,    0, -999
20180212, 1200,  , TS,  8.1N, 129.0E,  35, 1003,   90,   60,   70,   90,    0,    0,    0,    0,    0,    0,    0,    0, -999
20180212, 1800,  , TS,  9.0N, 127.3E,  35, 1002,  100,   60,   80,  100,    0,    0,    0,    0,    0,    0,    0,    0, -999
20180213, 0000,  , TS,  9.6N, 126.1E,  35, 1003,  100,   60,   80,  100,    0,    0,    0,    0,    0,    0,    0,    0, -999
20180213, 0600,  , TD,  9.8N, 124.9E,  30, 1005,    0,    0,    0,    0,    0,    0,    0,    0,    0,    0,    0,    0, -999
20180213, 1200,  , TD,  9.3N, 123.3E,  25, 1007,    0,    0,    0,    0,    0,    0,    0,    0,    0,    0,    0,    0, -999
20180213, 1800,  , XX,  8.8N, 121.8E,  20, 1009,    0,    0,    0,    0,    0,    0,    0,    0,    0,    0,    0,    0, -999
20180214, 0000,  , XX,  8.4N, 120.4E,  20, 1009,    0,    0,    0,    0,    0,    0,    0,    0,    0,    0,    0,    0, -999
20180214, 0600,  , LO,  7.7N, 120.0E,  25, 1007,    0,    0,    0,    0,    0,    0,    0,    0,    0,    0,    0,    0, -999
20180214, 1200,  , LO,  7.6N, 119.8E,  25, 1007,    0,    0,    0,    0,    0,    0,    0,    0,    0,    0,    0,    0, -999
20180214, 1800,  , TD,  7.8N, 119.9E,  25, 1006,    0,    0,    0,    0,    0,    0,    0,    0,    0,    0,    0,    0, -999
20180215, 0000,  , DB,  8.0N, 119.8E,  20, 1007,    0,    0,    0,    0,    0,    0,    0,    0,    0,    0,    0,    0, -999
20180215, 0600,  , DB,  8.7N, 119.2E,  20, 1008,    0,    0,    0,    0,    0,    0,    0,    0,    0,    0,    0,    0, -999
20180215, 1200,  , DB,  9.1N, 118.2E,  20, 1008,    0,    0,    0,    0,    0,    0,    0,    0,    0,    0,    0,    0, -999
20180215, 1800,  , DB,  9.3N, 117.4E,  15, 1010,    0,    0,    0,    0,    0,    0,    0,    0,    0,    0,    0,    0, -999
