WP022014,             KAJIKI,     12,
20140129, 1200,  , DB,  8.4N, 139.7E,  15, 1010,    0,    0,    0,    0,    0,    0,    0,    0,    0,    0,    0,    0, -999
20140129, 1800,  , DB,  8.4N, 138.7E,  20, 1002,    0,    0,    0,    0,    0,    0,    0,    0,    0,    0,    0,    0, -999
20140130, 0000,  , DB,  8.5N, 137.5E,  20, 1004,    0,    0,    0,    0,    0,    0,    0,    0,    0,    0,    0,    0, -999
20140130, 0600,  , DB,  8.8N, 135.9E,  20, 1004,    0,    0,    0,    0,    0,    0,    0,    0,    0,    0,    0,    0, -999
20140130, 1200,  , DB,  9.1N, 134.3E,  20, 1004,    0,    0,    0,    0,    0,    0,    0,    0,    0,    0,    0,    0, -999
20140130, 1800,  , TD,  9.4N, 132.5E,  25, 1003,    0,    0,    0,    0,    0,    0,    0,    0,    0,    0,    0,    0, -999
20140131, 0000,  , TD,  9.6N, 130.3E,  30, 1000,    0,    0,    0,    0,    0,    0,    0,    0,    0,    0,    0,    0, -999
20140131, 0600,  , TS, 10.0N, 128.2E,  35,  996,    0,    0,    0,    0,    0,    0,    0,    0,    0,    0,    0,    0, -999
20140131, 1200,  , TS, 10.5N, 126.8E,  35,  996,    0,    0,    0,    0,    0,    0,    0,    0,    0,    0,    0,    0, -999
20140131, 1800,  , TD, 11.3N, 125.5E,  30, 1000,    0,    0,    0,    0,    0,    0,    0,    0,    0,    0,    0,    0, -999
20140201, 0000,  , DB, 11.8N, 123.3E,  20, 1007,    0,    0,    0,    0,    0,    0,    0,    0,    0,    0,    0,    0, -999
20140201, 0600,  , DB, 12.1N, 120.7E,  15, 1010,    0,    0,    0,    0,    0,    0,    0,    0,    0,    0,    0,    0, -999
