WP032008,           RAMMASUN,     28,
20080506, 1800,  , DB,  7.2N, 134.2E,  20, 1004,    0,    0,    0,    0,    0,    0,    0,    0,    0,    0,    0,    0, -999
20080507, 0000,  , DB,  7.0N, 133.5E,  20, 1005,    0,    0,    0,    0,    0,    0,    0,    0,    0,    0,    0,    0, -999
20080507, 0600,  , TD,  7.4N, 132.9E,  30, 1001,    0,    0,    0,    0,    0,    0,    0,    0,    0,    0,    0,    0, -999
20080507, 1200,  , TD,  7.7N, 132.4E,  30, 1000,    0,    0,    0,    0,    0,    0,    0,    0,    0,    0,    0,    0, -999
20080507, 1800,  , TS,  7.9N, 132.1E,  35,  996,    0,    0,    0,    0,    0,    0,    0,    0,    0,    0,    0,    0, -999
20080508, 0000,  , TS,  8.2N, 132.0E,  35,  996,   35,   35,   30,   35,    0,    0,    0,    0,    0,    0,    0,    0, -999
20080508, 0600,  , TS,  8.7N, 132.0E,  35,  996,   45,   40,   40,   45,    0,    0,    0,    0,    0,    0,    0,    0, -999
20080508, 1200,  , TS,  9.4N, 131.9E,  45,  989,   50,   45,   45,   50,    0,    0,    0,    0,    0,    0,    0,    0, -999
20080508, 1800,  , TS, 10.3N, 132.0E,  55,  982,   55,   50,   50,   55,   25,   20,   20,   25,    0,    0,    0,    0, -999
20080509, 0000,  , HU, 11.2N, 132.2E,  65,  974,   70,   70,   60,   65,   35,   35,   30,   30,    0,    0,    0,    0, -999
20080509, 0600,  , HU, 12.0N, 132.2E,  70,  970,   85,   85,   75,   80,   40,   40,   35,   35,   25,   25,   25,   25, -999
20080509, 1200,  , HU, 12.8N, 132.1E,  85,  959,   95,   95,   85,   90,   45,   45,   40,   40,   30,   30,   30,   30, -999
20080509, 1800,  , HU, 13.6N, 132.1E, 100,  948,  140,  140,  130,  115,   50,   50,   45,   40,   30,   30,   25,   25, -999
20080510, 0000,  , HU, 14.5N, 132.1E, 120,  933,  150,  150,  140,  140,   55,   55,   50,   50,   35,   35,   30,   30, -999
20080510, 0600,  , HU, 15.6N, 132.1E, 125,  929,  155,  155,  145,  145,   60,   60,   55,   55,   40,   40,   35,   35, -999
20080510, 1200,  , XX, 16.9N, 132.0E, 135,  922,  155,  155,  145,  145,   60,   60,   55,   55,   40,   40,   35,   35, -999
20080510, 1800,  , XX, 18.2N, 131.9E, 135,  922,  170,  175,  165,  160,   75,   80,   75,   70,   55,   60,   55,   50, -999
20080511, 0000,  , XX, 19.5N, 131.8E, 135,  922,  180,  185,  175,  170,   80,   85,   80,   75,   55,   60,   55,   50, -999
20080511, 0600,  , HU, 20.8N, 132.1E, 120,  933,  165,  170,  160,  155,   70,   75,   70,   65,   50,   55,   50,   45, -999
20080511, 1200,  , HU, 22.1N, 132.6E, 115,  937,  165,  170,  160,  155,   70,   75,   70,   65,   50,   50,   50,   50, -999
20080511, 1800,  , HU, 23.7N, 133.5E,  95,  952,  155,  160,  150,  145,   65,   70,   65,   50,   45,   45,   45,   40, -999
20080512, 0000,  , HU, 25.4N, 134.6E,  85,  959,  190,  190,  145,  155,   80,   80,   65,   70,   55,   55,   55,   55, -999
20080512, 0600,  , HU, 27.4N, 136.3E,  75,  967,  175,  175,  130,  130,   70,   70,   70,   70,   45,   45,   45,   45, -999
20080512, 1200,  , EX, 29.1N, 138.3E,  55,  982,  155,  155,  140,  140,   50,   50,   50,   50,    0,    0,    0,    0, -999
20080512, 1800,  , EX, 30.5N, 140.4E,  50,  985,  155,  155,  140,  140,   50,   50,   50,   50,    0,    0,    0,    0, -999
20080513, 0000,  , EX, 31.6N, 142.4E,  40,  993,  155,  155,  140,  140,    0,    0,    0,    0,    0,    0,    0,    0, -999
20080513, 0600,  , EX, 32.6N, 144.5E,  35,  996,  155,  155,  140,  140,    0,    0,    0,    0,    0,    0,    0,    0, -999
20080513, 1200,  , EX, 33.4N, 146.8E,  30, 1000,    0,    0,    0,    0,    0,    0,    0,    0,    0,    0,    0,    0, -999
