WP032013,               YAGI,     32,
20130607, 1200,  , DB, 16.3N, 129.9E,  15, 1010,    0,    0,    0,    0,    0,    0,    0,    0,    0,    0,    0,    0, -999
20130607, 1800,  , DB, 16.6N, 129.2E,  15, 1010,    0,    0,    0,    0,    0,    0,    0,    0,    0,    0,    0,    0, -999
20130608, 0000,  , DB, 17.2N, 129.0E,  20, 1004,    0,    0,    0,    0,    0,    0,    0,    0,    0,    0,    0,    0, -999
20130608, 0600,  , TD, 17.5N, 129.6E,  25, 1004,    0,    0,    0,    0,    0,    0,    0,    0,    0,    0,    0,    0, -999
20130608, 1200,  , TD, 17.8N, 130.2E,  25, 1001,    0,    0,    0,    0,    0,    0,    0,    0,    0,    0,    0,    0, -999
20130608, 1800,  , TS, 19.0N, 130.9E,  35,  996,    0,    0,    0,    0,    0,    0,    0,    0,    0,    0,    0,    0, -999
20130609, 0000,  , TS, 20.0N, 131.2E,  35,  996,    0,    0,    0,    0,    0,    0,    0,    0,    0,    0,    0,    0, -999
20130609, 0600,  , TS, 20.6N, 131.7E,  35,  996,   40,   40,   40,   40,    0,    0,    0,    0,    0,    0,    0,    0, -999
20130609, 1200,  , TS, 21.1N, 132.3E,  35,  996,   50,   50,   50,   50,    0,    0,    0,    0,    0,    0,    0,    0, -999
20130609, 1800,  , TS, 21.8N, 133.2E,  35,  996,   50,   50,   50,   50,    0,    0,    0,    0,    0,    0,    0,    0, -999
20130610, 0000,  , TS, 22.6N, 133.5E,  40,  993,   30,   25,   25,   30,    0,    0,    0,    0,    0,    0,    0,    0, -999
20130610, 0600,  , TS, 23.5N, 134.4E,  45,  989,   50,   50,   40,   35,    0,    0,    0,    0,    0,    0,    0,    0, -999
20130610, 1200,  , TS, 24.6N, 135.3E,  50,  985,   60,   60,   55,   45,    0,    0,    0,    0,    0,    0,    0,    0, -999
20130610, 1800,  , TS, 26.2N, 135.9E,  55,  982,   95,   85,   70,   70,    0,    0,    0,    0,    0,    0,    0,    0, -999
20130611, 0000,  , TS, 27.8N, 136.3E,  50,  985,   95,   85,   70,   70,   50,   50,   50,   50,    0,    0,    0,    0, -999
20130611, 0600,  , TS, 29.3N, 136.7E,  50,  985,   95,   90,   85,   80,    0,    0,    0,    0,    0,    0,    0,    0, -999
20130611, 1200,  , TS, 30.4N, 136.9E,  45,  989,   95,   90,   85,   80,    0,    0,    0,    0,    0,    0,    0,    0, -999
20130611, 1800,  , TS, 30.7N, 137.0E,  40,  993,   95,   90,   85,   80,    0,    0,    0,    0,    0,    0,    0,    0, -999
20130612, 0000,  , TS, 30.9N, 137.2E,  35,  996,   95,   95,   85,   70,    0,    0,    0,    0,    0,    0,    0,    0, -999
20130612, 0600,  , TD, 30.9N, 138.0E,  30, 1000,    0,    0,    0,    0,    0,    0,    0,    0,    0,    0,    0,    0, -999
20130612, 1200,  , TD, 31.2N, 138.9E,  25, 1004,    0,    0,    0,    0,    0,    0,    0,    0,    0,    0,    0,    0, -999
20130612, 1800,  , TD, 31.9N, 139.5E,  25, 1004,    0,    0,    0,    0,    0,    0,    0,    0,    0,    0,    0,    0, -999
20130613, 0000,  , TD, 32.3N, 139.7E,  25, 1004,    0,    0,    0,    0,    0,    0,    0,    0,    0,    0,    0,    0, -999
20130613, 0600,  , XX, 32.6N, 139.4E,  25, 1004,    0,    0,    0,    0,    0,    0,    0,    0,    0,    0,    0,    0, -999
20130613, 1200,  , XX, 32.5N, 139.0E,  25, 1004,    0,    0,    0,    0,    0,    0,    0,    0,    0,    0,    0,    0, -999
20130613, 1800,  , EX, 32.1N, 138.8E,  20, 1007,    0,    0,    0,    0,    0,    0,    0,    0,    0,    0,    0,    0, -999
20130614, 0000,  , EX, 31.0N, 139.3E,  20, 1007,    0,    0,    0,    0,    0,    0,    0,    0,    0,    0,    0,    0, -999
20130614, 0600,  , EX, 30.7N, 139.6E,  20, 1007,    0,    0,    0,    0,    0,    0,    0,    0,    0,    0,    0,    0, -999
20130614, 1200,  , EX, 30.7N, 139.8E,  20, 1007,    0,    0,    0,    0,    0,    0,    0,    0,    0,    0,    0,    0, -999
20130614, 1800,  , EX, 30.8N, 140.0E,  20, 1007,    0,    0,    0,    0,    0,    0,    0,    0,    0,    0,    0,    0, -999
20130615, 0000,  , EX, 30.9N, 140.2E,  20, 1007,    0,    0,    0,    0,    0,    0,    0,    0,    0,    0,    0,    0, -999
20130615, 0600,  , EX, 30.8N, 140.5E,  15, 1010,    0,    0,    0,    0,    0,    0,    0,    0,    0,    0,    0,    0, -999
