WP041969,            UNNAMED,     13,
19690708, 1200,  , LO, 11.6N, 121.5E,  20,    0,    0,    0,    0,    0,    0,    0,    0,    0,    0,    0,    0,    0, -999
19690708, 1800,  , LO, 12.1N, 120.7E,  25,    0,    0,    0,    0,    0,    0,    0,    0,    0,    0,    0,    0,    0, -999
19690709, 0000,  , TS, 12.7N, 119.7E,  35,    0,    0,    0,    0,    0,    0,    0,    0,    0,    0,    0,    0,    0, -999
19690709, 0600,  , TS, 13.3N, 118.6E,  40,    0,    0,    0,    0,    0,    0,    0,    0,    0,    0,    0,    0,    0, -999
19690709, 1200,  , TS, 13.7N, 117.2E,  50,    0,    0,    0,    0,    0,    0,    0,    0,    0,    0,    0,    0,    0, -999
19690709, 1800,  , TS, 14.1N, 115.6E,  55,    0,    0,    0,    0,    0,    0,    0,    0,    0,    0,    0,    0,    0, -999
19690710, 0000,  , HU, 14.4N, 114.0E,  65,    0,    0,    0,    0,    0,    0,    0,    0,    0,    0,    0,    0,    0, -999
19690710, 0600,  , HU, 14.7N, 112.6E,  70,    0,    0,    0,    0,    0,    0,    0,    0,    0,    0,    0,    0,    0, -999
19690710, 1200,  , HU, 15.3N, 111.6E,  65,    0,    0,    0,    0,    0,    0,    0,    0,    0,    0,    0,    0,    0, -999
19690710, 1800,  , TS, 15.9N, 110.5E,  60,    0,    0,    0,    0,    0,    0,    0,    0,    0,    0,    0,    0,    0, -999
19690711, 0000,  , TS, 16.3N, 109.4E,  45,    0,    0,    0,    0,    0,    0,    0,    0,    0,    0,    0,    0,    0, -999
19690711, 0600,  , TS, 16.7N, 108.3E,  40,    0,    0,    0,    0,    0,    0,    0,    0,    0,    0,    0,    0,    0, -999
19690711, 1200,  , LO, 17.0N, 107.2E,  30,    0,    0,    0,    0,    0,    0,    0,    0,    0,    0,    0,    0,    0, -999
