WP042005,              NESAT,     59,
20050527, 1200,  , DB,  5.7N, 156.3E,  15, 1006,    0,    0,    0,    0,    0,    0,    0,    0,    0,    0,    0,    0, -999
20050527, 1800,  , DB,  5.6N, 155.7E,  15, 1006,    0,    0,    0,    0,    0,    0,    0,    0,    0,    0,    0,    0, -999
20050528, 0000,  , DB,  5.6N, 155.0E,  15, 1006,    0,    0,    0,    0,    0,    0,    0,    0,    0,    0,    0,    0, -999
20050528, 0600,  , DB,  5.8N, 154.0E,  15, 1006,    0,    0,    0,    0,    0,    0,    0,    0,    0,    0,    0,    0, -999
20050528, 1200,  , DB,  6.3N, 153.0E,  15, 1006,    0,    0,    0,    0,    0,    0,    0,    0,    0,    0,    0,    0, -999
20050528, 1800,  , DB,  7.0N, 152.1E,  15, 1006,    0,    0,    0,    0,    0,    0,    0,    0,    0,    0,    0,    0, -999
20050529, 0000,  , TD,  7.5N, 151.2E,  20, 1004,    0,    0,    0,    0,    0,    0,    0,    0,    0,    0,    0,    0, -999
20050529, 0600,  , TD,  8.0N, 150.4E,  20, 1004,    0,    0,    0,    0,    0,    0,    0,    0,    0,    0,    0,    0, -999
20050529, 1200,  , TD,  8.5N, 149.6E,  20, 1004,    0,    0,    0,    0,    0,    0,    0,    0,    0,    0,    0,    0, -999
20050529, 1800,  , TD,  8.8N, 148.8E,  20, 1004,    0,    0,    0,    0,    0,    0,    0,    0,    0,    0,    0,    0, -999
20050530, 0000,  , TD,  9.1N, 148.1E,  25, 1002,    0,    0,    0,    0,    0,    0,    0,    0,    0,    0,    0,    0, -999
20050530, 0600,  , TD,  9.3N, 147.6E,  30, 1000,    0,    0,    0,    0,    0,    0,    0,    0,    0,    0,    0,    0, -999
20050530, 1200,  , TD,  9.5N, 147.0E,  30, 1000,    0,    0,    0,    0,    0,    0,    0,    0,    0,    0,    0,    0, -999
20050530, 1800,  , TS,  9.7N, 146.5E,  35,  997,    0,    0,    0,    0,    0,    0,    0,    0,    0,    0,    0,    0, -999
20050531, 0000,  , TS,  9.9N, 146.0E,  35,  997,    0,    0,    0,    0,    0,    0,    0,    0,    0,    0,    0,    0, -999
20050531, 0600,  , TS, 10.2N, 145.6E,  35,  997,    0,    0,    0,    0,    0,    0,    0,    0,    0,    0,    0,    0, -999
20050531, 1200,  , TS, 10.4N, 144.9E,  35,  997,    0,    0,    0,    0,    0,    0,    0,    0,    0,    0,    0,    0, -999
20050531, 1800,  , TS, 10.6N, 144.0E,  40,  994,   60,   45,   45,   60,    0,    0,    0,    0,    0,    0,    0,    0, -999
20050601, 0000,  , TS, 10.6N, 142.9E,  50,  987,   70,   45,   45,   70,    0,    0,    0,    0,    0,    0,    0,    0, -999
20050601, 0600,  , HU, 10.7N, 141.6E,  65,  976,   70,   50,   50,   70,   25,   25,   25,   25,    0,    0,    0,    0, -999
20050601, 1200,  , HU, 10.8N, 140.4E,  75,  967,   70,   50,   50,   70,   25,   25,   25,   25,   15,   15,   15,   15, -999
20050601, 1800,  , HU, 10.9N, 139.4E,  90,  954,   80,   60,   60,   80,   35,   35,   35,   35,   25,   25,   25,   25, -999
20050602, 0000,  , HU, 11.1N, 138.4E, 110,  933,   90,   80,   80,   90,   40,   40,   40,   40,   30,   30,   30,   30, -999
20050602, 0600,  , HU, 11.4N, 137.4E, 115,  927,  100,   90,   90,  100,   40,   40,   40,   40,   30,   30,   30,   30, -999
20050602, 1200,  , HU, 11.8N, 136.3E, 115,  927,  100,   90,   90,  100,   40,   40,   40,   40,   30,   30,   30,   30, -999
20050602, 1800,  , HU, 12.0N, 135.3E, 110,  933,  100,   90,   90,  100,   40,   40,   40,   40,   30,   30,   30,   30, -999
20050603, 0000,  , HU, 12.4N, 134.4E, 105,  938,   95,   85,   85,   95,   40,   40,   40,   40,   25,   25,   25,   25, -999
20050603, 0600,  , HU, 13.1N, 133.6E, 105,  938,   95,   85,   85,   95,   40,   40,   40,   40,   25,   25,   25,   25, -999
20050603, 1200,  , HU, 13.7N, 132.8E, 105,  938,   90,   85,   85,   90,   40,   40,   40,   40,   25,   25,   25,   25, -999
20050603, 1800,  , HU, 14.1N, 132.0E, 125,  916,  100,  100,  100,  100,   45,   45,   45,   45,   25,   25,   25,   25, -999
20050604, 0000,  , HU, 14.5N, 131.3E, 125,  916,  100,  100,  100,  100,   45,   45,   45,   45,   25,   25,   25,   25, -999
20050604, 0600,  , HU, 15.1N, 130.8E, 125,  916,  100,  100,  100,  100,   45,   45,   45,   45,   25,   25,   25,   25, -999
20050604, 1200,  , HU, 15.9N, 130.6E, 125,  916,  100,  115,  115,  100,   50,   50,   50,   50,   25,   25,   25,   25, -999
20050604, 1800,  , HU, 16.7N, 130.5E, 115,  927,   80,  115,  115,   80,   35,   50,   50,   35,   20,   25,   25,   20, -999
20050605, 0000,  , HU, 17.6N, 130.6E, 105,  938,   80,  115,  115,   80,   35,   50,   50,   35,   20,   25,   25,   20, -999
20050605, 0600,  , HU, 18.3N, 130.9E, 100,  944,   80,  100,  100,   80,   35,   45,   45,   35,   20,   25,   25,   20, -999
20050605, 1200,  , HU, 19.0N, 131.3E,  90,  954,   90,  100,   90,   90,   35,   40,   35,   35,   20,   20,   20,   20, -999
20050605, 1800,  , HU, 19.8N, 132.0E,  95,  949,   90,  100,   90,   90,   35,   40,   35,   35,   20,   20,   20,   20, -999
20050606, 0000,  , HU, 20.6N, 132.6E, 105,  938,  110,  110,  100,   90,   35,   40,   35,   35,   20,   20,   20,   20, -999
20050606, 0600,  , HU, 21.2N, 133.4E, 115,  927,  110,  110,   90,   90,   40,   40,   40,   40,   25,   25,   25,   25, -999
20050606, 1200,  , HU, 21.8N, 133.9E, 115,  927,  110,  110,   90,   90,   40,   40,   40,   40,   25,   25,   25,   25, -999
20050606, 1800,  , HU, 22.3N, 134.2E, 115,  927,  110,  110,   90,   90,   40,   40,   40,   40,   30,   30,   30,   30, -999
20050607, 0000,  , HU, 22.9N, 134.2E, 105,  938,  105,  105,   80,   80,   35,   35,   35,   35,   25,   25,   25,   25, -999
20050607, 0600,  , HU, 23.4N, 134.0E, 100,  944,  105,  105,   80,   80,   35,   35,   35,   35,   25,   25,   25,   25, -999
20050607, 1200,  , HU, 23.9N, 133.9E,  90,  954,   75,  105,   75,   90,   30,   75,   35,   35,   15,   15,   15,   15, -999
20050607, 1800,  , HU, 24.4N, 133.7E,  90,  954,  100,  100,   85,   85,   30,   30,   30,   30,   15,   15,   15,   15, -999
20050608, 0000,  , HU, 25.0N, 133.9E,  85,  958,  100,  100,   85,   85,   30,   30,   30,   30,   15,   15,   15,   15, -999
20050608, 0600,  , HU, 25.6N, 134.3E,  80,  963,  100,  100,   85,   85,   30,   30,   30,   30,   15,   15,   15,   15, -999
20050608, 1200,  , HU, 26.1N, 135.0E,  70,  972,   90,   75,   90,   75,   20,   15,   20,   15,    0,    0,    0,    0, -999
20050608, 1800,  , HU, 26.7N, 135.7E,  70,  972,   90,   75,   75,   75,   25,   20,   20,   20,    0,    0,    0,    0, -999
20050609, 0000,  , HU, 27.4N, 136.5E,  65,  976,   85,   75,   75,   75,   20,   20,   20,   20,    0,    0,    0,    0, -999
20050609, 0600,  , TS, 28.2N, 137.1E,  60,  980,  100,  100,   80,   80,   30,   30,   25,   25,    0,    0,    0,    0, -999
20050609, 1200,  , TS, 29.0N, 137.7E,  55,  984,   90,   70,   70,   80,    0,    0,    0,    0,    0,    0,    0,    0, -999
20050609, 1800,  , TS, 29.8N, 138.3E,  50,  987,   90,   70,   70,   80,    0,    0,    0,    0,    0,    0,    0,    0, -999
20050610, 0000,  , TS, 30.6N, 139.0E,  35,  997,   30,   30,   30,   30,    0,    0,    0,    0,    0,    0,    0,    0, -999
20050610, 0600,  , TS, 31.4N, 140.0E,  35,  997,   30,   30,   30,   30,    0,    0,    0,    0,    0,    0,    0,    0, -999
20050610, 1200,  , TD, 32.5N, 141.4E,  30, 1000,    0,    0,    0,    0,    0,    0,    0,    0,    0,    0,    0,    0, -999
20050610, 1800,  , TD, 33.7N, 143.0E,  30, 1000,    0,    0,    0,    0,    0,    0,    0,    0,    0,    0,    0,    0, -999
20050611, 0000,  , TD, 34.3N, 145.3E,  25, 1002,    0,    0,    0,    0,    0,    0,    0,    0,    0,    0,    0,    0, -999
