WP042004,            UNNAMED,     34,
20040513, 0000,  , TD,  7.3N, 131.8E,  15, 1006,    0,    0,    0,    0,    0,    0,    0,    0,    0,    0,    0,    0, -999
20040513, 0600,  , TD,  7.5N, 132.0E,  20, 1004,    0,    0,    0,    0,    0,    0,    0,    0,    0,    0,    0,    0, -999
20040513, 1200,  , TD,  7.8N, 132.2E,  25, 1002,    0,    0,    0,    0,    0,    0,    0,    0,    0,    0,    0,    0, -999
20040513, 1800,  , TD,  8.2N, 132.1E,  30, 1000,    0,    0,    0,    0,    0,    0,    0,    0,    0,    0,    0,    0, -999
20040514, 0000,  , TS,  8.4N, 131.7E,  45,  991,  100,  120,  120,  110,    0,    0,    0,    0,    0,    0,    0,    0, -999
20040514, 0600,  , TS,  8.6N, 131.3E,  55,  984,  100,  120,  120,  110,   30,   30,   30,   30,    0,    0,    0,    0, -999
20040514, 1200,  , HU,  8.9N, 131.0E,  65,  976,  100,  120,  120,  110,   30,   30,   30,   30,    0,    0,    0,    0, -999
20040514, 1800,  , HU,  9.3N, 130.5E,  70,  972,  150,  120,  150,  120,   60,   60,   60,   60,    0,    0,    0,    0, -999
20040515, 0000,  , HU,  9.5N, 129.9E,  80,  963,  150,  120,  150,  120,   60,   60,   60,   60,    0,    0,    0,    0, -999
20040515, 0600,  , HU,  9.8N, 129.1E,  90,  954,  180,  150,  150,  150,   60,   60,   60,   60,    0,    0,    0,    0, -999
20040515, 1200,  , HU, 10.2N, 128.4E,  90,  954,  180,  150,  150,  150,   60,   60,   60,   60,    0,    0,    0,    0, -999
20040515, 1800,  , HU, 10.7N, 127.8E, 100,  944,  160,  130,  130,  160,   60,   60,   60,   60,    0,    0,    0,    0, -999
20040516, 0000,  , HU, 11.2N, 127.0E, 115,  927,  160,  160,  130,  130,   65,   65,   65,   65,    0,    0,    0,    0, -999
20040516, 0600,  , HU, 11.9N, 126.4E, 125,  916,  160,  160,  130,  130,   65,   65,   65,   65,    0,    0,    0,    0, -999
20040516, 1200,  , XX, 12.6N, 125.7E, 140,  898,  160,  160,  130,  130,   65,   65,   65,   65,    0,    0,    0,    0, -999
20040516, 1800,  , XX, 13.4N, 124.8E, 140,  898,  150,  150,  130,  130,   65,   65,   65,   65,    0,    0,    0,    0, -999
20040517, 0000,  , XX, 13.9N, 124.3E, 130,  910,  150,  150,  130,  130,   60,   60,   60,   60,    0,    0,    0,    0, -999
20040517, 0600,  , XX, 14.6N, 123.9E, 130,  910,  150,  150,  110,  110,   60,   60,   60,   60,    0,    0,    0,    0, -999
20040517, 1200,  , HU, 15.4N, 123.7E, 125,  916,  150,  150,  110,  110,   60,   60,   60,   60,    0,    0,    0,    0, -999
20040517, 1800,  , HU, 16.1N, 123.6E, 125,  916,  160,  160,  120,  120,   60,   60,   60,   60,    0,    0,    0,    0, -999
20040518, 0000,  , HU, 16.9N, 123.6E, 125,  916,  160,  160,  120,  120,   60,   60,   60,   60,    0,    0,    0,    0, -999
20040518, 0600,  , HU, 17.6N, 123.7E, 125,  916,  160,  160,  120,  120,   60,   60,   60,   60,    0,    0,    0,    0, -999
20040518, 1200,  , HU, 18.3N, 124.0E, 120,  922,  160,  140,  110,  110,   50,   50,   50,   50,    0,    0,    0,    0, -999
20040518, 1800,  , HU, 19.2N, 124.5E, 115,  927,  150,  120,  110,  120,   60,   60,   60,   60,    0,    0,    0,    0, -999
20040519, 0000,  , HU, 20.2N, 125.2E, 105,  938,  150,  120,  110,  120,   60,   60,   60,   60,    0,    0,    0,    0, -999
20040519, 0600,  , HU, 21.3N, 126.6E, 100,  944,  150,  120,  120,  120,   60,   60,   60,   60,    0,    0,    0,    0, -999
20040519, 1200,  , HU, 22.5N, 128.1E,  95,  949,  150,  120,  120,  120,   50,   50,   50,   50,    0,    0,    0,    0, -999
20040519, 1800,  , HU, 23.8N, 129.9E,  90,  954,  150,  100,  100,  100,   50,   50,   50,   50,    0,    0,    0,    0, -999
20040520, 0000,  , HU, 25.3N, 131.8E,  80,  963,  150,  100,  100,  100,   50,   50,   50,   50,    0,    0,    0,    0, -999
20040520, 0600,  , HU, 26.9N, 134.4E,  75,  967,  150,  100,  100,  100,   50,   50,   50,   50,    0,    0,    0,    0, -999
20040520, 1200,  , HU, 28.9N, 137.0E,  70,  972,  150,  100,  100,  100,   50,   50,   50,   50,    0,    0,    0,    0, -999
20040520, 1800,  , TS, 30.5N, 140.3E,  55,  984,  130,  100,   80,   80,   30,   30,   30,   30,    0,    0,    0,    0, -999
20040521, 0000,  , TS, 33.8N, 143.3E,  55,  984,  130,  100,   80,   80,   30,   30,   30,   30,    0,    0,    0,    0, -999
20040521, 0600,  , EX, 37.7N, 146.0E,  45,  991,  130,  100,   80,   80,    0,    0,    0,    0,    0,    0,    0,    0, -999
