WP051964,            UNNAMED,     20,
19640702, 0000,  , LO, 21.8N, 133.7E,  30,    0,    0,    0,    0,    0,    0,    0,    0,    0,    0,    0,    0,    0, -999
19640702, 0600,  , TS, 22.0N, 132.5E,  40,    0,    0,    0,    0,    0,    0,    0,    0,    0,    0,    0,    0,    0, -999
19640702, 1200,  , HU, 22.2N, 131.0E,  65,    0,    0,    0,    0,    0,    0,    0,    0,    0,    0,    0,    0,    0, -999
19640702, 1800,  , HU, 22.2N, 129.8E,  75,    0,    0,    0,    0,    0,    0,    0,    0,    0,    0,    0,    0,    0, -999
19640703, 0000,  , HU, 22.5N, 128.9E,  85,    0,    0,    0,    0,    0,    0,    0,    0,    0,    0,    0,    0,    0, -999
19640703, 0600,  , HU, 22.9N, 128.1E, 100,    0,    0,    0,    0,    0,    0,    0,    0,    0,    0,    0,    0,    0, -999
19640703, 1200,  , HU, 23.3N, 127.0E, 100,    0,    0,    0,    0,    0,    0,    0,    0,    0,    0,    0,    0,    0, -999
19640703, 1800,  , HU, 23.8N, 126.2E, 100,    0,    0,    0,    0,    0,    0,    0,    0,    0,    0,    0,    0,    0, -999
19640704, 0000,  , HU, 24.3N, 125.5E, 100,    0,    0,    0,    0,    0,    0,    0,    0,    0,    0,    0,    0,    0, -999
19640704, 0600,  , HU, 24.7N, 125.0E, 100,    0,    0,    0,    0,    0,    0,    0,    0,    0,    0,    0,    0,    0, -999
19640704, 1200,  , HU, 25.2N, 124.6E, 100,    0,    0,    0,    0,    0,    0,    0,    0,    0,    0,    0,    0,    0, -999
19640704, 1800,  , HU, 25.8N, 124.2E, 100,    0,    0,    0,    0,    0,    0,    0,    0,    0,    0,    0,    0,    0, -999
19640705, 0000,  , HU, 26.4N, 123.7E, 105,    0,    0,    0,    0,    0,    0,    0,    0,    0,    0,    0,    0,    0, -999
19640705, 0600,  , HU, 27.0N, 123.4E, 110,    0,    0,    0,    0,    0,    0,    0,    0,    0,    0,    0,    0,    0, -999
19640705, 1200,  , HU, 27.8N, 123.0E, 105,    0,    0,    0,    0,    0,    0,    0,    0,    0,    0,    0,    0,    0, -999
19640705, 1800,  , HU, 28.6N, 122.8E,  95,    0,    0,    0,    0,    0,    0,    0,    0,    0,    0,    0,    0,    0, -999
19640706, 0000,  , HU, 29.3N, 122.8E,  90,    0,    0,    0,    0,    0,    0,    0,    0,    0,    0,    0,    0,    0, -999
19640706, 0600,  , HU, 30.5N, 123.0E,  65,    0,    0,    0,    0,    0,    0,    0,    0,    0,    0,    0,    0,    0, -999
19640706, 1200,  , TS, 32.4N, 123.7E,  55,    0,    0,    0,    0,    0,    0,    0,    0,    0,    0,    0,    0,    0, -999
19640706, 1800,  , LO, 34.1N, 125.3E,  30,    0,    0,    0,    0,    0,    0,    0,    0,    0,    0,    0,    0,    0, -999
