WP052002,            UNNAMED,     33,
20020513, 0600,  , TD,  3.0N, 150.2E,  25, 1002,    0,    0,    0,    0,    0,    0,    0,    0,    0,    0,    0,    0, -999
20020513, 1200,  , TD,  3.5N, 149.9E,  25, 1002,    0,    0,    0,    0,    0,    0,    0,    0,    0,    0,    0,    0, -999
20020513, 1800,  , TD,  4.0N, 149.6E,  25, 1002,    0,    0,    0,    0,    0,    0,    0,    0,    0,    0,    0,    0, -999
20020514, 0000,  , TD,  4.4N, 149.5E,  25, 1002,    0,    0,    0,    0,    0,    0,    0,    0,    0,    0,    0,    0, -999
20020514, 0600,  , TD,  4.7N, 149.5E,  25, 1002,    0,    0,    0,    0,    0,    0,    0,    0,    0,    0,    0,    0, -999
20020514, 1200,  , TD,  5.1N, 149.7E,  25, 1002,    0,    0,    0,    0,    0,    0,    0,    0,    0,    0,    0,    0, -999
20020514, 1800,  , TD,  5.5N, 149.6E,  25, 1002,    0,    0,    0,    0,    0,    0,    0,    0,    0,    0,    0,    0, -999
20020515, 0000,  , TD,  6.3N, 149.3E,  25, 1002,    0,    0,    0,    0,    0,    0,    0,    0,    0,    0,    0,    0, -999
20020515, 0600,  , TD,  7.2N, 148.6E,  30, 1000,    0,    0,    0,    0,    0,    0,    0,    0,    0,    0,    0,    0, -999
20020515, 1200,  , TD,  8.1N, 147.8E,  30, 1000,    0,    0,    0,    0,    0,    0,    0,    0,    0,    0,    0,    0, -999
20020515, 1800,  , TD,  9.2N, 146.6E,  30, 1000,    0,    0,    0,    0,    0,    0,    0,    0,    0,    0,    0,    0, -999
20020516, 0000,  , TS, 10.2N, 145.5E,  35,  997,    0,    0,    0,    0,    0,    0,    0,    0,    0,    0,    0,    0, -999
20020516, 0600,  , TS, 11.3N, 144.6E,  35,  997,    0,    0,    0,    0,    0,    0,    0,    0,    0,    0,    0,    0, -999
20020516, 1200,  , TS, 12.1N, 143.6E,  35,  997,    0,    0,    0,    0,    0,    0,    0,    0,    0,    0,    0,    0, -999
20020516, 1800,  , TS, 12.6N, 142.2E,  40,  994,    0,    0,    0,    0,    0,    0,    0,    0,    0,    0,    0,    0, -999
20020517, 0000,  , TS, 13.1N, 141.1E,  50,  987,    0,    0,    0,    0,    0,    0,    0,    0,    0,    0,    0,    0, -999
20020517, 0600,  , TS, 13.5N, 140.3E,  55,  984,    0,    0,    0,    0,    0,    0,    0,    0,    0,    0,    0,    0, -999
20020517, 1200,  , TS, 14.1N, 139.5E,  60,  980,    0,    0,    0,    0,    0,    0,    0,    0,    0,    0,    0,    0, -999
20020517, 1800,  , HU, 14.6N, 139.4E,  65,  976,    0,    0,    0,    0,    0,    0,    0,    0,    0,    0,    0,    0, -999
20020518, 0000,  , HU, 15.4N, 139.4E,  65,  976,    0,    0,    0,    0,    0,    0,    0,    0,    0,    0,    0,    0, -999
20020518, 0600,  , HU, 16.2N, 139.5E,  75,  967,    0,    0,    0,    0,    0,    0,    0,    0,    0,    0,    0,    0, -999
20020518, 1200,  , HU, 16.8N, 139.8E,  80,  963,    0,    0,    0,    0,    0,    0,    0,    0,    0,    0,    0,    0, -999
20020518, 1800,  , HU, 17.2N, 140.0E,  90,  954,    0,    0,    0,    0,    0,    0,    0,    0,    0,    0,    0,    0, -999
20020519, 0000,  , HU, 17.7N, 140.5E, 120,  922,    0,    0,    0,    0,    0,    0,    0,    0,    0,    0,    0,    0, -999
20020519, 0600,  , XX, 18.4N, 141.2E, 130,  910,    0,    0,    0,    0,    0,    0,    0,    0,    0,    0,    0,    0, -999
20020519, 1200,  , XX, 19.3N, 142.2E, 140,  898,    0,    0,    0,    0,    0,    0,    0,    0,    0,    0,    0,    0, -999
20020519, 1800,  , XX, 20.7N, 143.2E, 140,  898,    0,    0,    0,    0,    0,    0,    0,    0,    0,    0,    0,    0, -999
20020520, 0000,  , HU, 22.5N, 144.6E, 125,  916,    0,    0,    0,    0,    0,    0,    0,    0,    0,    0,    0,    0, -999
20020520, 0600,  , HU, 24.9N, 146.9E, 110,  933,    0,    0,    0,    0,    0,    0,    0,    0,    0,    0,    0,    0, -999
20020520, 1200,  , HU, 27.2N, 149.6E,  95,  949,    0,    0,    0,    0,    0,    0,    0,    0,    0,    0,    0,    0, -999
20020520, 1800,  , HU, 30.1N, 153.0E,  90,  954,    0,    0,    0,    0,    0,    0,    0,    0,    0,    0,    0,    0, -999
20020521, 0000,  , HU, 32.9N, 156.3E,  75,  967,    0,    0,    0,    0,    0,    0,    0,    0,    0,    0,    0,    0, -999
20020521, 0600,  , TS, 35.6N, 159.8E,  60,  980,    0,    0,    0,    0,    0,    0,    0,    0,    0,    0,    0,    0, -999
