WP052013,            BEBINCA,     18,
20130619, 1800,  , DB, 14.6N, 116.7E,  15, 1010,    0,    0,    0,    0,    0,    0,    0,    0,    0,    0,    0,    0, -999
20130620, 0000,  , DB, 15.0N, 117.5E,  20, 1001,    0,    0,    0,    0,    0,    0,    0,    0,    0,    0,    0,    0, -999
20130620, 0600,  , DB, 15.6N, 117.8E,  20, 1007,    0,    0,    0,    0,    0,    0,    0,    0,    0,    0,    0,    0, -999
20130620, 1200,  , TD, 16.6N, 117.8E,  30, 1000,    0,    0,    0,    0,    0,    0,    0,    0,    0,    0,    0,    0, -999
20130620, 1800,  , TD, 17.6N, 117.3E,  30, 1000,    0,    0,    0,    0,    0,    0,    0,    0,    0,    0,    0,    0, -999
20130621, 0000,  , TD, 18.2N, 116.2E,  30, 1000,    0,    0,    0,    0,    0,    0,    0,    0,    0,    0,    0,    0, -999
20130621, 0600,  , TD, 18.8N, 115.4E,  30, 1000,    0,    0,    0,    0,    0,    0,    0,    0,    0,    0,    0,    0, -999
20130621, 1200,  , TS, 19.3N, 114.4E,  35,  996,    0,    0,    0,    0,    0,    0,    0,    0,    0,    0,    0,    0, -999
20130621, 1800,  , TS, 19.3N, 113.0E,  35,  996,    0,    0,    0,    0,    0,    0,    0,    0,    0,    0,    0,    0, -999
20130622, 0000,  , TS, 19.4N, 111.4E,  35,  996,    0,    0,    0,    0,    0,    0,    0,    0,    0,    0,    0,    0, -999
20130622, 0600,  , TD, 19.5N, 110.1E,  30, 1000,    0,    0,    0,    0,    0,    0,    0,    0,    0,    0,    0,    0, -999
20130622, 1200,  , TD, 19.6N, 109.2E,  25, 1004,    0,    0,    0,    0,    0,    0,    0,    0,    0,    0,    0,    0, -999
20130622, 1800,  , TD, 19.2N, 108.4E,  25,  998,    0,    0,    0,    0,    0,    0,    0,    0,    0,    0,    0,    0, -999
20130623, 0000,  , TD, 19.3N, 107.5E,  25,  998,    0,    0,    0,    0,    0,    0,    0,    0,    0,    0,    0,    0, -999
20130623, 0600,  , TD, 19.8N, 106.6E,  25, 1004,    0,    0,    0,    0,    0,    0,    0,    0,    0,    0,    0,    0, -999
20130623, 1200,  , DB, 20.4N, 106.2E,  20, 1007,    0,    0,    0,    0,    0,    0,    0,    0,    0,    0,    0,    0, -999
20130623, 1800,  , DB, 20.8N, 105.8E,  20, 1000,    0,    0,    0,    0,    0,    0,    0,    0,    0,    0,    0,    0, -999
20130624, 0000,  , DB, 21.1N, 105.5E,  20, 1007,    0,    0,    0,    0,    0,    0,    0,    0,    0,    0,    0,    0, -999
