WP052017,           NANMADOL,     17,
20170701, 1200,  , XX, 18.2N, 129.4E,  20, 1006,    0,    0,    0,    0,    0,    0,    0,    0,    0,    0,    0,    0, -999
20170701, 1800,  , TD, 19.4N, 128.2E,  25, 1004,    0,    0,    0,    0,    0,    0,    0,    0,    0,    0,    0,    0, -999
20170702, 0000,  , TS, 20.7N, 126.9E,  35,  996,    0,    0,    0,    0,    0,    0,    0,    0,    0,    0,    0,    0, -999
20170702, 0600,  , TS, 22.3N, 125.6E,  35, 1005,   60,   60,   45,   45,    0,    0,    0,    0,    0,    0,    0,    0, -999
20170702, 1200,  , TS, 23.6N, 124.6E,  40, 1003,   60,   60,   45,   45,    0,    0,    0,    0,    0,    0,    0,    0, -999
20170702, 1800,  , TS, 24.9N, 124.1E,  45, 1000,   40,   40,   30,   30,    0,    0,    0,    0,    0,    0,    0,    0, -999
20170703, 0000,  , TS, 26.2N, 124.2E,  50,  996,   45,   45,   40,   30,   20,   15,    0,    0,    0,    0,    0,    0, -999
20170703, 0600,  , TS, 27.8N, 125.0E,  60,  988,   60,   60,   30,   30,   20,   20,   20,   20,    0,    0,    0,    0, -999
20170703, 0900,  , HU, 28.7N, 125.6E,  65,  974,   60,   60,   30,   35,   25,   25,   25,   25,   15,   15,   15,   15, -999
20170703, 1200,  , TS, 29.6N, 126.1E,  60,  986,   60,   60,   30,   30,   20,   20,   20,   20,    0,    0,    0,    0, -999
20170703, 1800,  , TS, 31.3N, 127.7E,  55,  989,   55,   80,   60,   25,   20,   35,   25,    0,    0,    0,    0,    0, -999
20170704, 0000,  , TS, 32.8N, 130.4E,  50,  985,   50,   60,   65,   25,    0,    0,    0,    0,    0,    0,    0,    0, -999
20170704, 0600,  , TS, 33.5N, 134.2E,  50,  985,   50,   60,   60,   40,    0,    0,    0,    0,    0,    0,    0,    0, -999
20170704, 1200,  , TS, 34.3N, 138.4E,  45,  989,   75,   80,   85,   40,    0,    0,    0,    0,    0,    0,    0,    0, -999
20170704, 1800,  , TS, 35.2N, 142.1E,  45,  989,   80,  115,  125,   60,    0,    0,    0,    0,    0,    0,    0,    0, -999
20170705, 0000,  , TS, 36.0N, 145.9E,  40,  993,   80,  120,  150,   60,    0,    0,    0,    0,    0,    0,    0,    0, -999
20170705, 0600,  , EX, 36.9N, 150.1E,  40,  993,   90,  130,  170,   60,    0,    0,    0,    0,    0,    0,    0,    0, -999
