WP051963,            UNNAMED,     21,
19630626, 0600,  , TS, 13.5N, 126.2E,  40,    0,    0,    0,    0,    0,    0,    0,    0,    0,    0,    0,    0,    0, -999
19630626, 1200,  , TS, 13.9N, 125.4E,  45,    0,    0,    0,    0,    0,    0,    0,    0,    0,    0,    0,    0,    0, -999
19630626, 1800,  , TS, 14.3N, 124.6E,  50,    0,    0,    0,    0,    0,    0,    0,    0,    0,    0,    0,    0,    0, -999
19630627, 0000,  , TS, 14.7N, 124.1E,  60,    0,    0,    0,    0,    0,    0,    0,    0,    0,    0,    0,    0,    0, -999
19630627, 0600,  , HU, 15.2N, 123.6E,  65,    0,    0,    0,    0,    0,    0,    0,    0,    0,    0,    0,    0,    0, -999
19630627, 1200,  , HU, 15.7N, 123.1E,  65,    0,    0,    0,    0,    0,    0,    0,    0,    0,    0,    0,    0,    0, -999
19630627, 1800,  , TS, 16.5N, 122.5E,  60,    0,    0,    0,    0,    0,    0,    0,    0,    0,    0,    0,    0,    0, -999
19630628, 0000,  , TS, 17.3N, 121.8E,  55,    0,    0,    0,    0,    0,    0,    0,    0,    0,    0,    0,    0,    0, -999
19630628, 0600,  , TS, 17.8N, 120.6E,  50,    0,    0,    0,    0,    0,    0,    0,    0,    0,    0,    0,    0,    0, -999
19630628, 1200,  , TS, 17.8N, 119.9E,  55,    0,    0,    0,    0,    0,    0,    0,    0,    0,    0,    0,    0,    0, -999
19630628, 1800,  , TS, 18.1N, 119.2E,  60,    0,    0,    0,    0,    0,    0,    0,    0,    0,    0,    0,    0,    0, -999
19630629, 0000,  , HU, 18.9N, 118.8E,  65,    0,    0,    0,    0,    0,    0,    0,    0,    0,    0,    0,    0,    0, -999
19630629, 0600,  , HU, 19.4N, 118.3E,  65,    0,    0,    0,    0,    0,    0,    0,    0,    0,    0,    0,    0,    0, -999
19630629, 1200,  , HU, 19.6N, 117.7E,  70,    0,    0,    0,    0,    0,    0,    0,    0,    0,    0,    0,    0,    0, -999
19630629, 1800,  , HU, 19.9N, 117.3E,  70,    0,    0,    0,    0,    0,    0,    0,    0,    0,    0,    0,    0,    0, -999
19630630, 0000,  , HU, 20.3N, 116.9E,  70,    0,    0,    0,    0,    0,    0,    0,    0,    0,    0,    0,    0,    0, -999
19630630, 0600,  , HU, 21.1N, 116.5E,  65,    0,    0,    0,    0,    0,    0,    0,    0,    0,    0,    0,    0,    0, -999
19630630, 1200,  , TS, 21.9N, 116.3E,  60,    0,    0,    0,    0,    0,    0,    0,    0,    0,    0,    0,    0,    0, -999
19630630, 1800,  , TS, 22.8N, 116.3E,  55,    0,    0,    0,    0,    0,    0,    0,    0,    0,    0,    0,    0,    0, -999
19630701, 0000,  , TS, 23.7N, 116.4E,  50,    0,    0,    0,    0,    0,    0,    0,    0,    0,    0,    0,    0,    0, -999
19630701, 0600,  , TS, 24.6N, 116.5E,  35,    0,    0,    0,    0,    0,    0,    0,    0,    0,    0,    0,    0,    0, -999
