WP062002,            UNNAMED,     16,
20020526, 0600,  , TD, 16.8N, 112.8E,  25, 1002,    0,    0,    0,    0,    0,    0,    0,    0,    0,    0,    0,    0, -999
20020526, 1200,  , TD, 17.1N, 113.0E,  15, 1006,    0,    0,    0,    0,    0,    0,    0,    0,    0,    0,    0,    0, -999
20020526, 1800,  , TD, 17.5N, 113.3E,  15, 1006,    0,    0,    0,    0,    0,    0,    0,    0,    0,    0,    0,    0, -999
20020527, 0000,  , TD, 17.9N, 113.5E,  15, 1006,    0,    0,    0,    0,    0,    0,    0,    0,    0,    0,    0,    0, -999
20020527, 0600,  , TD, 18.3N, 113.8E,  25, 1002,    0,    0,    0,    0,    0,    0,    0,    0,    0,    0,    0,    0, -999
20020527, 1200,  , TD, 18.7N, 114.2E,  25, 1002,    0,    0,    0,    0,    0,    0,    0,    0,    0,    0,    0,    0, -999
20020527, 1800,  , TD, 19.2N, 115.0E,  20, 1004,    0,    0,    0,    0,    0,    0,    0,    0,    0,    0,    0,    0, -999
20020528, 0000,  , TD, 19.5N, 115.8E,  25, 1002,    0,    0,    0,    0,    0,    0,    0,    0,    0,    0,    0,    0, -999
20020528, 0600,  , TD, 19.7N, 116.4E,  25, 1002,    0,    0,    0,    0,    0,    0,    0,    0,    0,    0,    0,    0, -999
20020528, 1200,  , TD, 20.0N, 116.8E,  25, 1002,    0,    0,    0,    0,    0,    0,    0,    0,    0,    0,    0,    0, -999
20020528, 1800,  , TD, 20.5N, 117.4E,  25, 1002,    0,    0,    0,    0,    0,    0,    0,    0,    0,    0,    0,    0, -999
20020529, 0000,  , TD, 21.1N, 118.0E,  25, 1002,    0,    0,    0,    0,    0,    0,    0,    0,    0,    0,    0,    0, -999
20020529, 0600,  , TD, 21.5N, 118.3E,  25, 1002,    0,    0,    0,    0,    0,    0,    0,    0,    0,    0,    0,    0, -999
20020529, 1200,  , TD, 21.9N, 118.8E,  25, 1002,    0,    0,    0,    0,    0,    0,    0,    0,    0,    0,    0,    0, -999
20020529, 1800,  , TD, 22.4N, 119.3E,  25, 1002,    0,    0,    0,    0,    0,    0,    0,    0,    0,    0,    0,    0, -999
20020530, 0000,  , TD, 23.2N, 120.1E,  25, 1002,    0,    0,    0,    0,    0,    0,    0,    0,    0,    0,    0,    0, -999
