WP061967,            UNNAMED,     20,
19670626, 0600,  , LO, 11.9N, 132.5E,  30,    0,    0,    0,    0,    0,    0,    0,    0,    0,    0,    0,    0,    0, -999
19670626, 1200,  , TS, 12.7N, 131.4E,  35,    0,    0,    0,    0,    0,    0,    0,    0,    0,    0,    0,    0,    0, -999
19670626, 1800,  , TS, 13.4N, 130.3E,  40,    0,    0,    0,    0,    0,    0,    0,    0,    0,    0,    0,    0,    0, -999
19670627, 0000,  , TS, 14.2N, 129.2E,  45,    0,    0,    0,    0,    0,    0,    0,    0,    0,    0,    0,    0,    0, -999
19670627, 0600,  , TS, 14.9N, 128.0E,  50,    0,    0,    0,    0,    0,    0,    0,    0,    0,    0,    0,    0,    0, -999
19670627, 1200,  , TS, 15.7N, 126.8E,  55,    0,    0,    0,    0,    0,    0,    0,    0,    0,    0,    0,    0,    0, -999
19670627, 1800,  , TS, 16.5N, 125.6E,  60,    0,    0,    0,    0,    0,    0,    0,    0,    0,    0,    0,    0,    0, -999
19670628, 0000,  , HU, 17.3N, 124.5E,  65,    0,    0,    0,    0,    0,    0,    0,    0,    0,    0,    0,    0,    0, -999
19670628, 0600,  , HU, 18.0N, 123.3E,  65,    0,    0,    0,    0,    0,    0,    0,    0,    0,    0,    0,    0,    0, -999
19670628, 1200,  , HU, 18.8N, 122.2E,  70,    0,    0,    0,    0,    0,    0,    0,    0,    0,    0,    0,    0,    0, -999
19670628, 1800,  , HU, 19.3N, 121.3E,  70,    0,    0,    0,    0,    0,    0,    0,    0,    0,    0,    0,    0,    0, -999
19670629, 0000,  , HU, 19.9N, 120.5E,  75,    0,    0,    0,    0,    0,    0,    0,    0,    0,    0,    0,    0,    0, -999
19670629, 0600,  , HU, 20.5N, 119.5E,  80,    0,    0,    0,    0,    0,    0,    0,    0,    0,    0,    0,    0,    0, -999
19670629, 1200,  , HU, 21.1N, 118.5E,  75,    0,    0,    0,    0,    0,    0,    0,    0,    0,    0,    0,    0,    0, -999
19670629, 1800,  , HU, 21.6N, 117.6E,  70,    0,    0,    0,    0,    0,    0,    0,    0,    0,    0,    0,    0,    0, -999
19670630, 0000,  , HU, 22.1N, 116.6E,  65,    0,    0,    0,    0,    0,    0,    0,    0,    0,    0,    0,    0,    0, -999
19670630, 0600,  , TS, 23.0N, 115.8E,  55,    0,    0,    0,    0,    0,    0,    0,    0,    0,    0,    0,    0,    0, -999
19670630, 1200,  , TS, 24.0N, 114.2E,  40,    0,    0,    0,    0,    0,    0,    0,    0,    0,    0,    0,    0,    0, -999
19670630, 1800,  , LO, 25.0N, 114.0E,  30,    0,    0,    0,    0,    0,    0,    0,    0,    0,    0,    0,    0,    0, -999
19670701, 0000,  , LO, 26.0N, 112.5E,  20,    0,    0,    0,    0,    0,    0,    0,    0,    0,    0,    0,    0,    0, -999
