WP061965,            UNNAMED,     11,
19650412, 0000,  , LO,  7.6N, 152.1E,  30,    0,    0,    0,    0,    0,    0,    0,    0,    0,    0,    0,    0,    0, -999
19650412, 0600,  , TS,  8.1N, 150.6E,  35,    0,    0,    0,    0,    0,    0,    0,    0,    0,    0,    0,    0,    0, -999
19650412, 1200,  , TS,  8.2N, 149.2E,  35,    0,    0,    0,    0,    0,    0,    0,    0,    0,    0,    0,    0,    0, -999
19650412, 1800,  , TS,  7.8N, 147.9E,  40,    0,    0,    0,    0,    0,    0,    0,    0,    0,    0,    0,    0,    0, -999
19650413, 0000,  , TS,  7.7N, 146.7E,  40,    0,    0,    0,    0,    0,    0,    0,    0,    0,    0,    0,    0,    0, -999
19650413, 0600,  , TS,  7.8N, 145.4E,  40,    0,    0,    0,    0,    0,    0,    0,    0,    0,    0,    0,    0,    0, -999
19650413, 1200,  , TS,  8.3N, 144.3E,  40,    0,    0,    0,    0,    0,    0,    0,    0,    0,    0,    0,    0,    0, -999
19650413, 1800,  , TS,  8.6N, 143.3E,  45,    0,    0,    0,    0,    0,    0,    0,    0,    0,    0,    0,    0,    0, -999
19650414, 0000,  , HU,  8.6N, 141.3E,  65,    0,    0,    0,    0,    0,    0,    0,    0,    0,    0,    0,    0,    0, -999
19650414, 0600,  , LO,  9.1N, 139.3E,  30,    0,    0,    0,    0,    0,    0,    0,    0,    0,    0,    0,    0,    0, -999
19650414, 1200,  , LO,  9.8N, 137.3E,  25,    0,    0,    0,    0,    0,    0,    0,    0,    0,    0,    0,    0,    0, -999
