WP062019,              DANAS,     29,
20190714, 1200,  , DB, 15.0N, 135.1E,  15, 1008,    0,    0,    0,    0,    0,    0,    0,    0,    0,    0,    0,    0, -999
20190714, 1800,  , DB, 15.4N, 134.0E,  20, 1006,    0,    0,    0,    0,    0,    0,    0,    0,    0,    0,    0,    0, -999
20190715, 0000,  , DB, 15.7N, 133.2E,  20, 1006,    0,    0,    0,    0,    0,    0,    0,    0,    0,    0,    0,    0, -999
20190715, 0600,  , DB, 16.3N, 132.2E,  20, 1000,    0,    0,    0,    0,    0,    0,    0,    0,    0,    0,    0,    0, -999
20190715, 1200,  , DB, 16.7N, 130.6E,  20, 1000,    0,    0,    0,    0,    0,    0,    0,    0,    0,    0,    0,    0, -999
20190715, 1800,  , XX, 16.7N, 128.6E,  20,  997,    0,    0,    0,    0,    0,    0,    0,    0,    0,    0,    0,    0, -999
20190716, 0000,  , XX, 16.6N, 126.3E,  25,  996,    0,    0,    0,    0,    0,    0,    0,    0,    0,    0,    0,    0, -999
20190716, 0600,  , XX, 16.9N, 124.8E,  30,  993,    0,    0,    0,    0,    0,    0,    0,    0,    0,    0,    0,    0, -999
20190716, 1200,  , XX, 17.3N, 123.8E,  30,  995,    0,    0,    0,    0,    0,    0,    0,    0,    0,    0,    0,    0, -999
20190716, 1800,  , XX, 17.3N, 123.3E,  30,  994,    0,    0,    0,    0,    0,    0,    0,    0,    0,    0,    0,    0, -999
20190717, 0000,  , XX, 18.1N, 123.5E,  30,  993,    0,    0,    0,    0,    0,    0,    0,    0,    0,    0,    0,    0, -999
20190717, 0600,  , TD, 19.0N, 123.7E,  30,  998,    0,    0,    0,    0,    0,    0,    0,    0,    0,    0,    0,    0, -999
20190717, 1200,  , TS, 20.5N, 124.0E,  35,  998,  120,  170,   70,   70,    0,    0,    0,    0,    0,    0,    0,    0, -999
20190717, 1800,  , TS, 22.0N, 124.1E,  35,  990,  180,  200,  100,   90,    0,    0,    0,    0,    0,    0,    0,    0, -999
20190718, 0000,  , TS, 23.9N, 124.3E,  40,  988,  230,  230,  120,  120,    0,    0,    0,    0,    0,    0,    0,    0, -999
20190718, 0600,  , TS, 25.6N, 124.0E,  40,  987,  230,  230,  130,  160,    0,    0,    0,    0,    0,    0,    0,    0, -999
20190718, 1200,  , TS, 26.9N, 123.7E,  45,  984,  230,  230,  150,  170,    0,    0,    0,    0,    0,    0,    0,    0, -999
20190718, 1800,  , TS, 28.2N, 123.7E,  45,  984,  230,  230,  110,  140,    0,    0,    0,    0,    0,    0,    0,    0, -999
20190719, 0000,  , TS, 29.0N, 124.0E,  40,  986,  220,  220,   80,  100,    0,    0,    0,    0,    0,    0,    0,    0, -999
20190719, 0600,  , TS, 30.2N, 124.4E,  40,  986,  220,  220,   80,  100,    0,    0,    0,    0,    0,    0,    0,    0, -999
20190719, 1200,  , TS, 31.7N, 124.9E,  40,  987,  200,  210,  100,  100,    0,    0,    0,    0,    0,    0,    0,    0, -999
20190719, 1800,  , TS, 33.1N, 125.3E,  35,  990,  170,  120,  100,  150,    0,    0,    0,    0,    0,    0,    0,    0, -999
20190720, 0000,  , TD, 34.2N, 125.6E,  30,  991,    0,    0,    0,    0,    0,    0,    0,    0,    0,    0,    0,    0, -999
20190720, 0600,  , TD, 34.9N, 125.8E,  30,  992,    0,    0,    0,    0,    0,    0,    0,    0,    0,    0,    0,    0, -999
20190720, 1200,  , TD, 35.7N, 126.3E,  25,  992,    0,    0,    0,    0,    0,    0,    0,    0,    0,    0,    0,    0, -999
20190720, 1800,  , DB, 36.3N, 127.8E,  20,  997,    0,    0,    0,    0,    0,    0,    0,    0,    0,    0,    0,    0, -999
20190721, 0000,  , TD, 37.5N, 129.3E,  25,  999,    0,    0,    0,    0,    0,    0,    0,    0,    0,    0,    0,    0, -999
20190721, 0600,  , DB, 39.1N, 130.9E,  20,  995,    0,    0,    0,    0,    0,    0,    0,    0,    0,    0,    0,    0, -999
20190721, 1200,  , DB, 40.9N, 130.6E,  20, 1007,    0,    0,    0,    0,    0,    0,    0,    0,    0,    0,    0,    0, -999
