WP062003,            UNNAMED,     17,
20030531, 0000,  , TD, 17.1N, 117.2E,  15, 1006,    0,    0,    0,    0,    0,    0,    0,    0,    0,    0,    0,    0, -999
20030531, 0600,  , TD, 17.1N, 117.1E,  25, 1002,    0,    0,    0,    0,    0,    0,    0,    0,    0,    0,    0,    0, -999
20030531, 1200,  , TD, 17.2N, 117.0E,  25, 1002,    0,    0,    0,    0,    0,    0,    0,    0,    0,    0,    0,    0, -999
20030531, 1800,  , TD, 17.4N, 117.0E,  30, 1000,    0,    0,    0,    0,    0,    0,    0,    0,    0,    0,    0,    0, -999
20030601, 0000,  , TD, 17.6N, 117.2E,  30, 1000,    0,    0,    0,    0,    0,    0,    0,    0,    0,    0,    0,    0, -999
20030601, 0600,  , TS, 17.9N, 117.5E,  35,  997,   40,   40,   40,   40,    0,    0,    0,    0,    0,    0,    0,    0, -999
20030601, 1200,  , TS, 18.5N, 118.2E,  40,  994,   40,   40,   40,   40,    0,    0,    0,    0,    0,    0,    0,    0, -999
20030601, 1800,  , TS, 19.2N, 118.9E,  45,  991,   90,   40,   40,   80,    0,    0,    0,    0,    0,    0,    0,    0, -999
20030602, 0000,  , TS, 20.0N, 119.6E,  45,  991,   90,   40,   40,   80,    0,    0,    0,    0,    0,    0,    0,    0, -999
20030602, 0600,  , TS, 20.8N, 120.8E,  45,  991,   95,   40,   40,   90,    0,    0,    0,    0,    0,    0,    0,    0, -999
20030602, 1200,  , TS, 21.5N, 122.0E,  45,  991,   90,   40,   40,   90,    0,    0,    0,    0,    0,    0,    0,    0, -999
20030602, 1800,  , TS, 22.2N, 123.3E,  45,  991,    0,    0,    0,    0,    0,    0,    0,    0,    0,    0,    0,    0, -999
20030603, 0000,  , TS, 23.0N, 125.3E,  40,  994,    0,    0,    0,    0,    0,    0,    0,    0,    0,    0,    0,    0, -999
20030603, 0600,  , TS, 24.1N, 127.9E,  35,  997,    0,    0,    0,    0,    0,    0,    0,    0,    0,    0,    0,    0, -999
20030603, 1200,  , TD, 25.6N, 130.9E,  30, 1000,    0,    0,    0,    0,    0,    0,    0,    0,    0,    0,    0,    0, -999
20030603, 1800,  , TD, 27.4N, 133.8E,  25, 1002,    0,    0,    0,    0,    0,    0,    0,    0,    0,    0,    0,    0, -999
20030604, 0000,  , TD, 29.4N, 136.8E,  25, 1002,    0,    0,    0,    0,    0,    0,    0,    0,    0,    0,    0,    0, -999
