WP062022,             SONGDA,     11,
20220729, 1800,  , TD, 30.8N, 128.0E,  25, 1004,    0,    0,    0,    0,    0,    0,    0,    0,    0,    0,    0,    0, -999
20220730, 0000,  , TD, 31.2N, 126.2E,  25, 1004,    0,    0,    0,    0,    0,    0,    0,    0,    0,    0,    0,    0, -999
20220730, 0600,  , TD, 31.8N, 125.0E,  30,  997,    0,    0,    0,    0,    0,    0,    0,    0,    0,    0,    0,    0, -999
20220730, 1200,  , TD, 32.4N, 124.0E,  30,  998,    0,    0,    0,    0,    0,    0,    0,    0,    0,    0,    0,    0, -999
20220730, 1800,  , TD, 33.0N, 123.6E,  30,  998,    0,    0,    0,    0,    0,    0,    0,    0,    0,    0,    0,    0, -999
20220731, 0000,  , TD, 33.5N, 123.3E,  30,  999,    0,    0,    0,    0,    0,    0,    0,    0,    0,    0,    0,    0, -999
20220731, 0600,  , TD, 34.0N, 123.2E,  30,  999,    0,    0,    0,    0,    0,    0,    0,    0,    0,    0,    0,    0, -999
20220731, 1200,  , TD, 34.2N, 123.1E,  25, 1000,    0,    0,    0,    0,    0,    0,    0,    0,    0,    0,    0,    0, -999
20220731, 1800,  , TD, 34.8N, 123.0E,  25, 1000,    0,    0,    0,    0,    0,    0,    0,    0,    0,    0,    0,    0, -999
20220801, 0000,  , TD, 35.3N, 123.2E,  25, 1000,    0,    0,    0,    0,    0,    0,    0,    0,    0,    0,    0,    0, -999
20220801, 0600,  , DB, 35.3N, 123.3E,  20, 1007,    0,    0,    0,    0,    0,    0,    0,    0,    0,    0,    0,    0, -999
