WP061950,            UNNAMED,     13,
19500725, 0000,  , LO, 22.0N, 142.0E,  30,    0,    0,    0,    0,    0,    0,    0,    0,    0,    0,    0,    0,    0, -999
19500725, 0600,  , LO, 23.5N, 141.4E,  30,    0,    0,    0,    0,    0,    0,    0,    0,    0,    0,    0,    0,    0, -999
19500725, 1200,  , LO, 24.0N, 140.6E,  30,    0,    0,    0,    0,    0,    0,    0,    0,    0,    0,    0,    0,    0, -999
19500725, 1800,  , LO, 24.8N, 139.7E,  30,    0,    0,    0,    0,    0,    0,    0,    0,    0,    0,    0,    0,    0, -999
19500726, 0000,  , LO, 25.6N, 138.9E,  30,    0,    0,    0,    0,    0,    0,    0,    0,    0,    0,    0,    0,    0, -999
19500726, 0600,  , LO, 27.0N, 137.3E,  30,    0,    0,    0,    0,    0,    0,    0,    0,    0,    0,    0,    0,    0, -999
19500726, 1200,  , TS, 28.3N, 136.0E,  40,    0,    0,    0,    0,    0,    0,    0,    0,    0,    0,    0,    0,    0, -999
19500726, 1800,  , TS, 30.1N, 134.0E,  40,    0,    0,    0,    0,    0,    0,    0,    0,    0,    0,    0,    0,    0, -999
19500727, 0000,  , TS, 31.0N, 132.4E,  50,    0,    0,    0,    0,    0,    0,    0,    0,    0,    0,    0,    0,    0, -999
19500727, 0600,  , TS, 31.0N, 130.3E,  50,    0,    0,    0,    0,    0,    0,    0,    0,    0,    0,    0,    0,    0, -999
19500727, 1200,  , TS, 31.0N, 130.1E,  40,    0,    0,    0,    0,    0,    0,    0,    0,    0,    0,    0,    0,    0, -999
19500727, 1800,  , TS, 31.0N, 129.8E,  35,    0,    0,    0,    0,    0,    0,    0,    0,    0,    0,    0,    0,    0, -999
19500728, 0000,  , LO, 31.5N, 129.8E,  25,    0,    0,    0,    0,    0,    0,    0,    0,    0,    0,    0,    0,    0, -999
