WP072012,            DOKSURI,     23,
20120625, 1200,  , DB, 13.2N, 134.5E,  15, 1010,    0,    0,    0,    0,    0,    0,    0,    0,    0,    0,    0,    0, -999
20120625, 1800,  , DB, 13.6N, 133.6E,  20, 1006,    0,    0,    0,    0,    0,    0,    0,    0,    0,    0,    0,    0, -999
20120626, 0000,  , DB, 14.5N, 132.8E,  20, 1006,    0,    0,    0,    0,    0,    0,    0,    0,    0,    0,    0,    0, -999
20120626, 0600,  , TD, 15.3N, 131.6E,  25, 1004,    0,    0,    0,    0,    0,    0,    0,    0,    0,    0,    0,    0, -999
20120626, 1200,  , TD, 15.1N, 130.2E,  25, 1004,    0,    0,    0,    0,    0,    0,    0,    0,    0,    0,    0,    0, -999
20120626, 1800,  , TD, 15.3N, 128.8E,  30, 1000,    0,    0,    0,    0,    0,    0,    0,    0,    0,    0,    0,    0, -999
20120626, 2100,  , TD, 15.0N, 128.3E,  30, 1000,    0,    0,    0,    0,    0,    0,    0,    0,    0,    0,    0,    0, -999
20120627, 0000,  , TS, 15.3N, 127.9E,  35,  996,    0,    0,    0,    0,    0,    0,    0,    0,    0,    0,    0,    0, -999
20120627, 0300,  , TS, 15.6N, 127.9E,  35,  996,    0,    0,    0,    0,    0,    0,    0,    0,    0,    0,    0,    0, -999
20120627, 0600,  , TD, 16.2N, 127.8E,  30, 1000,    0,    0,    0,    0,    0,    0,    0,    0,    0,    0,    0,    0, -999
20120627, 0900,  , TD, 16.9N, 127.5E,  30, 1000,    0,    0,    0,    0,    0,    0,    0,    0,    0,    0,    0,    0, -999
20120627, 1200,  , TD, 17.6N, 127.0E,  30, 1000,    0,    0,    0,    0,    0,    0,    0,    0,    0,    0,    0,    0, -999
20120627, 1800,  , TD, 18.0N, 125.6E,  30, 1000,    0,    0,    0,    0,    0,    0,    0,    0,    0,    0,    0,    0, -999
20120628, 0000,  , TD, 19.1N, 124.8E,  30, 1000,    0,    0,    0,    0,    0,    0,    0,    0,    0,    0,    0,    0, -999
20120628, 0300,  , TD, 20.0N, 123.7E,  30, 1000,    0,    0,    0,    0,    0,    0,    0,    0,    0,    0,    0,    0, -999
20120628, 0600,  , TD, 19.5N, 123.0E,  30, 1000,    0,    0,    0,    0,    0,    0,    0,    0,    0,    0,    0,    0, -999
20120628, 1200,  , TS, 19.9N, 121.2E,  35,  996,   25,   40,   95,   80,    0,    0,    0,    0,    0,    0,    0,    0, -999
20120628, 1800,  , TS, 20.2N, 119.4E,  35,  996,   75,   55,   60,   75,    0,    0,    0,    0,    0,    0,    0,    0, -999
20120629, 0000,  , TS, 20.6N, 117.6E,  35,  996,   75,   55,   60,   75,    0,    0,    0,    0,    0,    0,    0,    0, -999
20120629, 0600,  , TS, 20.9N, 116.2E,  40,  993,   70,   50,   55,   70,    0,    0,    0,    0,    0,    0,    0,    0, -999
20120629, 1200,  , TS, 21.6N, 114.7E,  40,  993,   70,   50,   55,   70,    0,    0,    0,    0,    0,    0,    0,    0, -999
20120629, 1800,  , TS, 21.9N, 113.4E,  40,  993,   70,   55,   55,   70,    0,    0,    0,    0,    0,    0,    0,    0, -999
20120630, 0000,  , TD, 22.2N, 112.2E,  30, 1000,    0,    0,    0,    0,    0,    0,    0,    0,    0,    0,    0,    0, -999
