WP071962,            UNNAMED,     33,
19620720, 1200,  , TS, 20.2N, 157.7E,  45,    0,    0,    0,    0,    0,    0,    0,    0,    0,    0,    0,    0,    0, -999
19620720, 1800,  , TS, 21.2N, 157.5E,  50,    0,    0,    0,    0,    0,    0,    0,    0,    0,    0,    0,    0,    0, -999
19620721, 0000,  , TS, 22.2N, 157.3E,  50,    0,    0,    0,    0,    0,    0,    0,    0,    0,    0,    0,    0,    0, -999
19620721, 0600,  , TS, 23.4N, 157.0E,  60,    0,    0,    0,    0,    0,    0,    0,    0,    0,    0,    0,    0,    0, -999
19620721, 1200,  , TS, 24.4N, 156.5E,  60,    0,    0,    0,    0,    0,    0,    0,    0,    0,    0,    0,    0,    0, -999
19620721, 1800,  , TS, 25.3N, 155.9E,  60,    0,    0,    0,    0,    0,    0,    0,    0,    0,    0,    0,    0,    0, -999
19620722, 0000,  , HU, 25.8N, 155.5E,  70,    0,    0,    0,    0,    0,    0,    0,    0,    0,    0,    0,    0,    0, -999
19620722, 0600,  , HU, 26.4N, 154.8E,  70,    0,    0,    0,    0,    0,    0,    0,    0,    0,    0,    0,    0,    0, -999
19620722, 1200,  , HU, 26.8N, 154.1E,  75,    0,    0,    0,    0,    0,    0,    0,    0,    0,    0,    0,    0,    0, -999
19620722, 1800,  , HU, 27.2N, 153.1E,  80,    0,    0,    0,    0,    0,    0,    0,    0,    0,    0,    0,    0,    0, -999
19620723, 0000,  , HU, 27.4N, 151.9E,  80,    0,    0,    0,    0,    0,    0,    0,    0,    0,    0,    0,    0,    0, -999
19620723, 0600,  , HU, 27.6N, 150.6E,  80,    0,    0,    0,    0,    0,    0,    0,    0,    0,    0,    0,    0,    0, -999
19620723, 1200,  , HU, 27.7N, 149.1E,  80,    0,    0,    0,    0,    0,    0,    0,    0,    0,    0,    0,    0,    0, -999
19620723, 1800,  , HU, 27.8N, 147.6E,  80,    0,    0,    0,    0,    0,    0,    0,    0,    0,    0,    0,    0,    0, -999
19620724, 0000,  , TS, 27.8N, 146.1E,  60,    0,    0,    0,    0,    0,    0,    0,    0,    0,    0,    0,    0,    0, -999
19620724, 0600,  , HU, 27.9N, 144.6E,  80,    0,    0,    0,    0,    0,    0,    0,    0,    0,    0,    0,    0,    0, -999
19620724, 1200,  , HU, 28.1N, 143.3E,  80,    0,    0,    0,    0,    0,    0,    0,    0,    0,    0,    0,    0,    0, -999
19620724, 1800,  , HU, 28.3N, 142.0E,  80,    0,    0,    0,    0,    0,    0,    0,    0,    0,    0,    0,    0,    0, -999
19620725, 0000,  , HU, 28.9N, 140.9E,  80,    0,    0,    0,    0,    0,    0,    0,    0,    0,    0,    0,    0,    0, -999
19620725, 0600,  , HU, 29.5N, 139.8E,  80,    0,    0,    0,    0,    0,    0,    0,    0,    0,    0,    0,    0,    0, -999
19620725, 1200,  , HU, 29.9N, 138.7E,  80,    0,    0,    0,    0,    0,    0,    0,    0,    0,    0,    0,    0,    0, -999
19620725, 1800,  , HU, 30.2N, 137.7E,  80,    0,    0,    0,    0,    0,    0,    0,    0,    0,    0,    0,    0,    0, -999
19620726, 0000,  , HU, 30.6N, 137.0E,  75,    0,    0,    0,    0,    0,    0,    0,    0,    0,    0,    0,    0,    0, -999
19620726, 0600,  , HU, 31.2N, 136.4E,  75,    0,    0,    0,    0,    0,    0,    0,    0,    0,    0,    0,    0,    0, -999
19620726, 1200,  , HU, 31.7N, 135.9E,  70,    0,    0,    0,    0,    0,    0,    0,    0,    0,    0,    0,    0,    0, -999
19620726, 1800,  , HU, 32.2N, 135.5E,  65,    0,    0,    0,    0,    0,    0,    0,    0,    0,    0,    0,    0,    0, -999
19620727, 0000,  , TS, 32.7N, 135.4E,  60,    0,    0,    0,    0,    0,    0,    0,    0,    0,    0,    0,    0,    0, -999
19620727, 0600,  , TS, 33.7N, 135.4E,  50,    0,    0,    0,    0,    0,    0,    0,    0,    0,    0,    0,    0,    0, -999
19620727, 1200,  , TS, 34.6N, 135.9E,  40,    0,    0,    0,    0,    0,    0,    0,    0,    0,    0,    0,    0,    0, -999
19620727, 1800,  , LO, 35.0N, 136.5E,  30,    0,    0,    0,    0,    0,    0,    0,    0,    0,    0,    0,    0,    0, -999
19620728, 0000,  , LO, 35.3N, 137.6E,  30,    0,    0,    0,    0,    0,    0,    0,    0,    0,    0,    0,    0,    0, -999
19620728, 0600,  , LO, 35.8N, 139.5E,  30,    0,    0,    0,    0,    0,    0,    0,    0,    0,    0,    0,    0,    0, -999
19620728, 1200,  , LO, 36.5N, 141.3E,  25,    0,    0,    0,    0,    0,    0,    0,    0,    0,    0,    0,    0,    0, -999
