WP072011,              MEARI,     27,
20110620, 1800,  , DB, 11.3N, 133.5E,  20, 1005,    0,    0,    0,    0,    0,    0,    0,    0,    0,    0,    0,    0, -999
20110621, 0000,  , DB, 11.3N, 132.6E,  20, 1004,    0,    0,    0,    0,    0,    0,    0,    0,    0,    0,    0,    0, -999
20110621, 0600,  , DB, 11.4N, 131.8E,  20, 1004,    0,    0,    0,    0,    0,    0,    0,    0,    0,    0,    0,    0, -999
20110621, 1200,  , TD, 11.8N, 131.1E,  25, 1004,    0,    0,    0,    0,    0,    0,    0,    0,    0,    0,    0,    0, -999
20110621, 1800,  , TD, 12.7N, 130.9E,  25, 1004,    0,    0,    0,    0,    0,    0,    0,    0,    0,    0,    0,    0, -999
20110622, 0000,  , TD, 13.2N, 129.9E,  25, 1004,    0,    0,    0,    0,    0,    0,    0,    0,    0,    0,    0,    0, -999
20110622, 0600,  , TD, 13.9N, 129.0E,  30, 1000,    0,    0,    0,    0,    0,    0,    0,    0,    0,    0,    0,    0, -999
20110622, 1200,  , TD, 14.7N, 128.4E,  30, 1000,    0,    0,    0,    0,    0,    0,    0,    0,    0,    0,    0,    0, -999
20110622, 1800,  , TS, 15.7N, 128.7E,  35,  996,  100,  100,   90,   95,    0,    0,    0,    0,    0,    0,    0,    0, -999
20110623, 0000,  , TD, 16.7N, 128.5E,  30, 1000,    0,    0,    0,    0,    0,    0,    0,    0,    0,    0,    0,    0, -999
20110623, 0600,  , TS, 17.2N, 127.4E,  35,  996,  115,  115,  105,  110,    0,    0,    0,    0,    0,    0,    0,    0, -999
20110623, 1200,  , TS, 17.8N, 126.4E,  35,  996,  150,  150,  105,  110,    0,    0,    0,    0,    0,    0,    0,    0, -999
20110623, 1800,  , TS, 19.3N, 126.5E,  40,  993,  170,  150,  115,  125,    0,    0,    0,    0,    0,    0,    0,    0, -999
20110624, 0000,  , TS, 20.7N, 125.6E,  45,  989,  170,  155,  120,  135,    0,    0,    0,    0,    0,    0,    0,    0, -999
20110624, 0600,  , TS, 22.2N, 125.1E,  50,  985,  200,  200,  170,  250,    0,    0,    0,    0,    0,    0,    0,    0, -999
20110624, 1200,  , TS, 24.1N, 124.9E,  50,  985,  220,  210,  150,  200,   20,   20,   20,   20,    0,    0,    0,    0, -999
20110624, 1800,  , TS, 25.6N, 123.9E,  50,  985,  250,  220,  150,  190,   30,   30,   30,   30,    0,    0,    0,    0, -999
20110625, 0000,  , TS, 26.7N, 123.4E,  55,  982,  250,  220,  150,  190,   75,   70,   45,   45,    0,    0,    0,    0, -999
20110625, 0600,  , TS, 27.9N, 123.6E,  50,  984,  240,  210,  140,  180,   30,   30,   30,   30,    0,    0,    0,    0, -999
20110625, 1200,  , TS, 29.4N, 124.3E,  45,  987,  150,  140,  125,  105,    0,    0,    0,    0,    0,    0,    0,    0, -999
20110625, 1800,  , TS, 32.1N, 124.7E,  45,  987,  105,  145,  110,  105,    0,    0,    0,    0,    0,    0,    0,    0, -999
20110626, 0000,  , TS, 35.0N, 124.4E,  35,  996,  105,  150,   95,   85,    0,    0,    0,    0,    0,    0,    0,    0, -999
20110626, 0600,  , TS, 36.7N, 123.0E,  35,  996,  105,  150,   95,   85,    0,    0,    0,    0,    0,    0,    0,    0, -999
20110626, 1200,  , TD, 37.3N, 122.7E,  30, 1000,    0,    0,    0,    0,    0,    0,    0,    0,    0,    0,    0,    0, -999
20110626, 1800,  , TD, 38.1N, 123.1E,  30,  997,    0,    0,    0,    0,    0,    0,    0,    0,    0,    0,    0,    0, -999
20110627, 0000,  , TD, 38.5N, 124.2E,  25, 1001,    0,    0,    0,    0,    0,    0,    0,    0,    0,    0,    0,    0, -999
20110627, 0600,  , DB, 39.3N, 125.1E,  20, 1007,    0,    0,    0,    0,    0,    0,    0,    0,    0,    0,    0,    0, -999
