WP072013,             SOULIK,     32,
20130706, 0000,  , DB, 19.9N, 156.2E,  20, 1007,    0,    0,    0,    0,    0,    0,    0,    0,    0,    0,    0,    0, -999
20130706, 0600,  , DB, 19.8N, 154.9E,  20, 1007,    0,    0,    0,    0,    0,    0,    0,    0,    0,    0,    0,    0, -999
20130706, 1200,  , DB, 19.8N, 153.6E,  20, 1007,    0,    0,    0,    0,    0,    0,    0,    0,    0,    0,    0,    0, -999
20130706, 1800,  , DB, 19.8N, 152.1E,  20, 1007,    0,    0,    0,    0,    0,    0,    0,    0,    0,    0,    0,    0, -999
20130707, 0000,  , DB, 20.0N, 150.6E,  20, 1007,    0,    0,    0,    0,    0,    0,    0,    0,    0,    0,    0,    0, -999
20130707, 0600,  , DB, 19.7N, 149.4E,  20, 1007,    0,    0,    0,    0,    0,    0,    0,    0,    0,    0,    0,    0, -999
20130707, 1200,  , TD, 19.3N, 148.3E,  25, 1004,    0,    0,    0,    0,    0,    0,    0,    0,    0,    0,    0,    0, -999
20130707, 1800,  , TD, 19.1N, 147.1E,  30, 1000,    0,    0,    0,    0,    0,    0,    0,    0,    0,    0,    0,    0, -999
20130708, 0000,  , TS, 19.2N, 145.5E,  35,  996,   25,   25,   25,   25,    0,    0,    0,    0,    0,    0,    0,    0, -999
20130708, 0600,  , TS, 19.1N, 143.9E,  45,  989,   35,   30,   30,   35,    0,    0,    0,    0,    0,    0,    0,    0, -999
20130708, 1200,  , TS, 19.3N, 142.7E,  60,  978,   60,   50,   40,   60,   25,   25,   25,   25,    0,    0,    0,    0, -999
20130708, 1800,  , HU, 19.5N, 141.5E,  70,  970,   90,   80,   70,   85,   35,   30,   30,   30,    0,    0,    0,    0, -999
20130709, 0000,  , HU, 19.6N, 140.4E,  75,  967,  110,  105,   95,  110,   45,   40,   40,   40,   25,   25,   25,   25, -999
20130709, 0600,  , HU, 19.9N, 139.4E,  85,  959,  130,  120,  120,  130,   55,   55,   55,   55,   35,   35,   35,   35, -999
20130709, 1200,  , HU, 20.3N, 138.3E, 100,  948,  165,  150,  150,  160,   80,   75,   75,   80,   50,   50,   50,   50, -999
20130709, 1800,  , HU, 20.7N, 137.1E, 115,  937,  180,  160,  160,  175,   80,   75,   75,   80,   50,   45,   45,   50, -999
20130710, 0000,  , HU, 21.1N, 135.9E, 125,  929,  180,  165,  160,  175,   95,   85,   85,   95,   65,   55,   55,   65, -999
20130710, 0600,  , HU, 21.5N, 134.7E, 125,  929,  180,  165,  160,  180,   95,   85,   85,   95,   65,   55,   55,   65, -999
20130710, 1200,  , HU, 21.8N, 133.5E, 125,  929,  180,  165,  160,  180,   95,   85,   85,   95,   65,   55,   55,   65, -999
20130710, 1800,  , HU, 22.0N, 132.2E, 115,  937,  180,  165,  160,  180,   95,   85,   85,   95,   65,   55,   55,   65, -999
20130711, 0000,  , HU, 22.1N, 130.9E, 105,  944,  170,  155,  150,  170,   85,   75,   75,   85,   55,   45,   45,   55, -999
20130711, 0600,  , HU, 22.3N, 129.6E,  95,  952,  165,  150,  150,  165,   80,   70,   70,   80,   50,   40,   40,   50, -999
20130711, 1200,  , HU, 22.4N, 128.3E,  95,  952,  185,  160,  160,  185,  120,  100,  100,  120,   60,   50,   50,   60, -999
20130711, 1800,  , HU, 22.5N, 127.0E,  95,  952,  185,  160,  160,  185,  120,  100,  100,  120,   60,   50,   50,   60, -999
20130712, 0000,  , HU, 22.7N, 125.8E,  90,  956,  185,  160,  160,  185,  120,  100,  100,  120,   60,   50,   50,   60, -999
20130712, 0600,  , HU, 23.3N, 124.8E,  90,  956,  175,  150,  150,  175,  110,   90,   90,  110,   50,   45,   45,   50, -999
20130712, 1200,  , HU, 24.0N, 123.7E,  80,  963,  170,  145,  145,  170,  105,   85,   85,  105,   45,   40,   40,   45, -999
20130712, 1800,  , HU, 24.8N, 122.4E,  80,  963,  200,  175,  145,  200,  125,  100,   75,  125,   45,   40,   40,   45, -999
20130712, 1900,  , HU, 24.9N, 121.9E,  80,  963,  200,  175,  145,  200,  125,  100,   75,  125,   45,   40,   40,   45, -999
20130713, 0000,  , HU, 24.6N, 120.8E,  75,  967,  175,  150,  125,  150,   85,   55,   55,   85,   45,   35,   30,   45, -999
20130713, 0600,  , HU, 25.9N, 120.1E,  70,  970,  200,  155,  130,  155,   85,   55,   55,   85,   45,   35,   30,   45, -999
20130713, 1200,  , TS, 26.0N, 118.4E,  50,  985,  200,  155,  130,  155,    0,    0,    0,    0,    0,    0,    0,    0, -999
