WP081980,            UNNAMED,     23,
19800706, 0600,  , LO, 12.5N, 139.9E,  25,    0,    0,    0,    0,    0,    0,    0,    0,    0,    0,    0,    0,    0, -999
19800706, 1200,  , LO, 13.2N, 138.8E,  30,    0,    0,    0,    0,    0,    0,    0,    0,    0,    0,    0,    0,    0, -999
19800706, 1800,  , LO, 13.9N, 137.6E,  30,    0,    0,    0,    0,    0,    0,    0,    0,    0,    0,    0,    0,    0, -999
19800707, 0000,  , TS, 14.7N, 136.5E,  35,    0,    0,    0,    0,    0,    0,    0,    0,    0,    0,    0,    0,    0, -999
19800707, 0600,  , TS, 15.8N, 135.3E,  40,    0,    0,    0,    0,    0,    0,    0,    0,    0,    0,    0,    0,    0, -999
19800707, 1200,  , TS, 16.7N, 133.6E,  40,    0,    0,    0,    0,    0,    0,    0,    0,    0,    0,    0,    0,    0, -999
19800707, 1800,  , TS, 17.2N, 131.8E,  40,    0,    0,    0,    0,    0,    0,    0,    0,    0,    0,    0,    0,    0, -999
19800708, 0000,  , TS, 17.8N, 130.1E,  45,    0,    0,    0,    0,    0,    0,    0,    0,    0,    0,    0,    0,    0, -999
19800708, 0600,  , TS, 18.3N, 128.6E,  50,    0,    0,    0,    0,    0,    0,    0,    0,    0,    0,    0,    0,    0, -999
19800708, 1200,  , TS, 18.6N, 127.1E,  55,    0,    0,    0,    0,    0,    0,    0,    0,    0,    0,    0,    0,    0, -999
19800708, 1800,  , TS, 18.9N, 125.8E,  55,    0,    0,    0,    0,    0,    0,    0,    0,    0,    0,    0,    0,    0, -999
19800709, 0000,  , TS, 19.3N, 124.4E,  60,    0,    0,    0,    0,    0,    0,    0,    0,    0,    0,    0,    0,    0, -999
19800709, 0600,  , TS, 19.8N, 123.2E,  55,    0,    0,    0,    0,    0,    0,    0,    0,    0,    0,    0,    0,    0, -999
19800709, 1200,  , TS, 20.3N, 122.2E,  50,    0,    0,    0,    0,    0,    0,    0,    0,    0,    0,    0,    0,    0, -999
19800709, 1800,  , TS, 20.7N, 121.4E,  50,    0,    0,    0,    0,    0,    0,    0,    0,    0,    0,    0,    0,    0, -999
19800710, 0000,  , TS, 21.1N, 120.5E,  50,    0,    0,    0,    0,    0,    0,    0,    0,    0,    0,    0,    0,    0, -999
19800710, 0600,  , TS, 21.5N, 119.6E,  45,    0,    0,    0,    0,    0,    0,    0,    0,    0,    0,    0,    0,    0, -999
19800710, 1200,  , TS, 22.0N, 118.9E,  45,    0,    0,    0,    0,    0,    0,    0,    0,    0,    0,    0,    0,    0, -999
19800710, 1800,  , TS, 22.4N, 118.2E,  45,    0,    0,    0,    0,    0,    0,    0,    0,    0,    0,    0,    0,    0, -999
19800711, 0000,  , TS, 22.6N, 117.7E,  45,    0,    0,    0,    0,    0,    0,    0,    0,    0,    0,    0,    0,    0, -999
19800711, 0600,  , TS, 22.8N, 117.1E,  45,    0,    0,    0,    0,    0,    0,    0,    0,    0,    0,    0,    0,    0, -999
19800711, 1200,  , TS, 23.2N, 116.6E,  45,    0,    0,    0,    0,    0,    0,    0,    0,    0,    0,    0,    0,    0, -999
19800711, 1800,  , LO, 23.8N, 116.2E,  30,    0,    0,    0,    0,    0,    0,    0,    0,    0,    0,    0,    0,    0, -999
