WP082003,            UNNAMED,     34,
20030714, 1200,  , TD, 10.5N, 136.9E,  15, 1006,    0,    0,    0,    0,    0,    0,    0,    0,    0,    0,    0,    0, -999
20030714, 1800,  , TD, 10.5N, 135.7E,  15, 1006,    0,    0,    0,    0,    0,    0,    0,    0,    0,    0,    0,    0, -999
20030715, 0000,  , TD, 10.4N, 134.5E,  15, 1007,    0,    0,    0,    0,    0,    0,    0,    0,    0,    0,    0,    0, -999
20030715, 0600,  , TD, 10.2N, 133.3E,  20, 1004,    0,    0,    0,    0,    0,    0,    0,    0,    0,    0,    0,    0, -999
20030715, 1200,  , TD, 10.0N, 132.1E,  25, 1002,    0,    0,    0,    0,    0,    0,    0,    0,    0,    0,    0,    0, -999
20030715, 1800,  , TD, 10.0N, 130.9E,  25, 1002,    0,    0,    0,    0,    0,    0,    0,    0,    0,    0,    0,    0, -999
20030716, 0000,  , TD, 10.1N, 129.8E,  30, 1000,    0,    0,    0,    0,    0,    0,    0,    0,    0,    0,    0,    0, -999
20030716, 0600,  , TD, 10.3N, 128.8E,  30, 1000,    0,    0,    0,    0,    0,    0,    0,    0,    0,    0,    0,    0, -999
20030716, 1200,  , TD, 10.6N, 127.8E,  30, 1000,    0,    0,    0,    0,    0,    0,    0,    0,    0,    0,    0,    0, -999
20030716, 1800,  , TS, 10.9N, 126.8E,  40,  994,   80,   80,  120,  100,    0,    0,    0,    0,    0,    0,    0,    0, -999
20030717, 0000,  , TS, 11.0N, 125.7E,  45,  991,   80,   80,  120,  100,    0,    0,    0,    0,    0,    0,    0,    0, -999
20030717, 0600,  , TS, 11.0N, 124.5E,  40,  994,  100,   80,   80,  100,    0,    0,    0,    0,    0,    0,    0,    0, -999
20030717, 1200,  , TS, 11.3N, 123.2E,  40,  994,   80,   80,   80,   80,    0,    0,    0,    0,    0,    0,    0,    0, -999
20030717, 1800,  , TS, 11.5N, 121.9E,  40,  994,   80,   80,   80,   80,    0,    0,    0,    0,    0,    0,    0,    0, -999
20030718, 0000,  , TS, 11.8N, 120.5E,  45,  991,   80,   80,  100,  100,    0,    0,    0,    0,    0,    0,    0,    0, -999
20030718, 0600,  , TS, 12.4N, 119.4E,  45,  991,   80,   80,  100,  100,    0,    0,    0,    0,    0,    0,    0,    0, -999
20030718, 1200,  , TS, 13.0N, 118.6E,  45,  991,   80,   80,  100,  100,    0,    0,    0,    0,    0,    0,    0,    0, -999
20030718, 1800,  , TS, 13.4N, 117.9E,  45,  991,   80,   80,  100,  100,    0,    0,    0,    0,    0,    0,    0,    0, -999
20030719, 0000,  , TS, 13.9N, 117.3E,  45,  991,  100,  100,  100,  100,    0,    0,    0,    0,    0,    0,    0,    0, -999
20030719, 0600,  , TS, 14.5N, 116.7E,  45,  987,  100,  100,  100,  100,    0,    0,    0,    0,    0,    0,    0,    0, -999
20030719, 1200,  , TS, 15.1N, 116.2E,  45,  987,  100,  100,  100,  100,    0,    0,    0,    0,    0,    0,    0,    0, -999
20030719, 1800,  , TS, 15.7N, 115.6E,  50,  987,  100,  100,  100,  100,    0,    0,    0,    0,    0,    0,    0,    0, -999
20030720, 0000,  , TS, 16.3N, 115.0E,  60,  980,  100,  100,  100,  100,    0,    0,    0,    0,    0,    0,    0,    0, -999
20030720, 0600,  , HU, 17.0N, 114.3E,  65,  976,  100,  100,  100,  100,    0,    0,    0,    0,    0,    0,    0,    0, -999
20030720, 1200,  , HU, 17.6N, 113.6E,  65,  976,  130,  130,  130,  130,    0,    0,    0,    0,    0,    0,    0,    0, -999
20030720, 1800,  , HU, 18.0N, 112.8E,  65,  976,  130,  130,  130,  130,    0,    0,    0,    0,    0,    0,    0,    0, -999
20030721, 0000,  , HU, 18.3N, 112.0E,  65,  976,  130,  130,  130,  130,    0,    0,    0,    0,    0,    0,    0,    0, -999
20030721, 0600,  , TS, 18.7N, 111.1E,  60,  980,  140,  140,   80,   80,    0,    0,    0,    0,    0,    0,    0,    0, -999
20030721, 1200,  , TS, 18.8N, 110.0E,  55,  984,  140,  140,   80,   80,    0,    0,    0,    0,    0,    0,    0,    0, -999
20030721, 1800,  , TS, 18.8N, 108.6E,  60,  980,  120,  120,   80,   80,    0,    0,    0,    0,    0,    0,    0,    0, -999
20030722, 0000,  , TS, 18.9N, 107.3E,  60,  980,  120,  120,   80,   80,    0,    0,    0,    0,    0,    0,    0,    0, -999
20030722, 0600,  , TS, 19.8N, 106.4E,  55,  984,  120,  120,   80,   80,    0,    0,    0,    0,    0,    0,    0,    0, -999
20030722, 1200,  , TS, 20.1N, 105.0E,  40,  994,   80,   80,   80,   80,    0,    0,    0,    0,    0,    0,    0,    0, -999
20030722, 1800,  , TS, 19.7N, 103.8E,  35,  997,   80,   80,   80,   80,    0,    0,    0,    0,    0,    0,    0,    0, -999
