WP092010,           NAMTHEUN,     12,
20100829, 0000,  , DB, 24.9N, 124.5E,  15, 1010,    0,    0,    0,    0,    0,    0,    0,    0,    0,    0,    0,    0, -999
20100829, 0600,  , DB, 25.3N, 124.0E,  20, 1004,    0,    0,    0,    0,    0,    0,    0,    0,    0,    0,    0,    0, -999
20100829, 1200,  , DB, 25.7N, 123.7E,  20, 1004,    0,    0,    0,    0,    0,    0,    0,    0,    0,    0,    0,    0, -999
20100829, 1800,  , DB, 25.9N, 123.5E,  20, 1006,    0,    0,    0,    0,    0,    0,    0,    0,    0,    0,    0,    0, -999
20100830, 0000,  , TD, 26.0N, 123.2E,  25, 1004,    0,    0,    0,    0,    0,    0,    0,    0,    0,    0,    0,    0, -999
20100830, 0600,  , TD, 26.0N, 122.7E,  30, 1000,    0,    0,    0,    0,    0,    0,    0,    0,    0,    0,    0,    0, -999
20100830, 1200,  , TS, 26.1N, 122.0E,  35,  996,    0,    0,    0,    0,    0,    0,    0,    0,    0,    0,    0,    0, -999
20100830, 1800,  , TS, 25.6N, 121.4E,  40,  993,   30,   25,   25,   25,    0,    0,    0,    0,    0,    0,    0,    0, -999
20100831, 0000,  , TS, 25.5N, 120.7E,  40,  993,   30,   25,   25,   25,    0,    0,    0,    0,    0,    0,    0,    0, -999
20100831, 0600,  , TS, 25.4N, 120.2E,  35,  996,   30,   25,   25,   25,    0,    0,    0,    0,    0,    0,    0,    0, -999
20100831, 1200,  , TS, 25.1N, 119.8E,  35,  996,   30,   25,   25,   25,    0,    0,    0,    0,    0,    0,    0,    0, -999
20100831, 1800,  , TD, 24.9N, 119.3E,  30, 1000,    0,    0,    0,    0,    0,    0,    0,    0,    0,    0,    0,    0, -999
