WP092011,             TOKAGE,     11,
20110713, 1200,  , DB, 15.3N, 133.6E,  15, 1010,    0,    0,    0,    0,    0,    0,    0,    0,    0,    0,    0,    0, -999
20110713, 1800,  , DB, 14.7N, 133.4E,  15, 1010,    0,    0,    0,    0,    0,    0,    0,    0,    0,    0,    0,    0, -999
20110714, 0000,  , TD, 14.6N, 132.9E,  20, 1007,    0,    0,    0,    0,    0,    0,    0,    0,    0,    0,    0,    0, -999
20110714, 0600,  , DB, 14.0N, 132.8E,  15, 1010,    0,    0,    0,    0,    0,    0,    0,    0,    0,    0,    0,    0, -999
20110714, 1200,  , DB, 14.1N, 132.4E,  20, 1004,    0,    0,    0,    0,    0,    0,    0,    0,    0,    0,    0,    0, -999
20110714, 1800,  , DB, 14.2N, 132.6E,  20, 1006,    0,    0,    0,    0,    0,    0,    0,    0,    0,    0,    0,    0, -999
20110715, 0000,  , DB, 14.2N, 132.8E,  20, 1007,    0,    0,    0,    0,    0,    0,    0,    0,    0,    0,    0,    0, -999
20110715, 0600,  , TD, 14.0N, 133.3E,  25, 1004,    0,    0,    0,    0,    0,    0,    0,    0,    0,    0,    0,    0, -999
20110715, 1200,  , TD, 13.9N, 134.2E,  30, 1000,    0,    0,    0,    0,    0,    0,    0,    0,    0,    0,    0,    0, -999
20110715, 1800,  , TD, 14.5N, 136.1E,  25, 1004,    0,    0,    0,    0,    0,    0,    0,    0,    0,    0,    0,    0, -999
20110716, 0000,  , DB, 15.5N, 138.6E,  20, 1007,    0,    0,    0,    0,    0,    0,    0,    0,    0,    0,    0,    0, -999
