WP092008,          FUNG-WONG,     28,
20080723, 1800,  , DB, 21.5N, 133.4E,  15, 1003,    0,    0,    0,    0,    0,    0,    0,    0,    0,    0,    0,    0, -999
20080724, 0000,  , DB, 21.4N, 133.2E,  15, 1004,    0,    0,    0,    0,    0,    0,    0,    0,    0,    0,    0,    0, -999
20080724, 0600,  , TD, 21.5N, 132.9E,  25, 1004,    0,    0,    0,    0,    0,    0,    0,    0,    0,    0,    0,    0, -999
20080724, 1200,  , TD, 21.7N, 132.5E,  25, 1001,    0,    0,    0,    0,    0,    0,    0,    0,    0,    0,    0,    0, -999
20080724, 1800,  , TD, 21.6N, 132.1E,  30, 1000,    0,    0,    0,    0,    0,    0,    0,    0,    0,    0,    0,    0, -999
20080725, 0000,  , TS, 21.6N, 131.6E,  35,  996,    0,    0,    0,    0,    0,    0,    0,    0,    0,    0,    0,    0, -999
20080725, 0600,  , TS, 21.8N, 130.8E,  35,  996,    0,    0,    0,    0,    0,    0,    0,    0,    0,    0,    0,    0, -999
20080725, 1200,  , TS, 22.0N, 129.8E,  45,  989,   35,   35,   35,   35,    0,    0,    0,    0,    0,    0,    0,    0, -999
20080725, 1800,  , TS, 21.7N, 128.8E,  50,  985,   60,   70,   75,   60,    0,    0,    0,    0,    0,    0,    0,    0, -999
20080726, 0000,  , TS, 21.5N, 127.8E,  55,  982,   75,   80,   85,   75,   35,   35,   35,   35,    0,    0,    0,    0, -999
20080726, 0600,  , TS, 21.2N, 126.9E,  60,  978,   70,   75,   80,   70,   30,   30,   30,   30,    0,    0,    0,    0, -999
20080726, 1200,  , HU, 21.1N, 126.1E,  65,  974,   70,   75,   80,   70,   35,   35,   35,   35,    0,    0,    0,    0, -999
20080726, 1800,  , HU, 21.1N, 125.4E,  70,  970,   80,   80,   85,   80,   35,   35,   35,   35,   25,   25,   25,   25, -999
20080727, 0000,  , HU, 21.7N, 124.9E,  75,  967,  105,   90,   90,  100,   50,   45,   45,   45,   30,   30,   30,   30, -999
20080727, 0600,  , HU, 22.1N, 124.0E,  85,  959,  140,  130,  130,  130,   55,   50,   40,   45,   30,   25,   25,   35, -999
20080727, 1200,  , HU, 22.6N, 123.1E,  90,  956,  170,  155,  150,  170,   70,   60,   65,   70,   40,   35,   35,   40, -999
20080727, 1800,  , HU, 23.1N, 122.3E,  95,  952,  175,  160,  160,  170,   70,   65,   65,   70,   45,   40,   40,   45, -999
20080728, 0000,  , HU, 23.5N, 121.4E,  85,  959,  160,  145,  150,  160,   60,   55,   50,   55,   40,   35,   30,   35, -999
20080728, 0200,  , HU, 23.8N, 121.2E,  85,  959,  160,  145,  150,  160,   60,   55,   50,   55,   40,   35,   30,   35, -999
20080728, 0400,  , HU, 24.2N, 120.9E,  85,  959,  160,  145,  150,  160,   60,   55,   50,   55,   40,   35,   30,   35, -999
20080728, 0600,  , HU, 24.1N, 120.2E,  70,  970,  170,  145,  150,  160,   60,   55,   50,   55,   40,   35,   30,   35, -999
20080728, 1200,  , TS, 25.2N, 119.9E,  60,  978,  150,  140,  135,  140,   55,   55,   50,   45,    0,    0,    0,    0, -999
20080728, 1500,  , TS, 25.6N, 119.6E,  60,  978,  150,  140,  135,  140,   55,   55,   50,   45,    0,    0,    0,    0, -999
20080728, 1800,  , TS, 25.9N, 118.8E,  45,  989,  150,  140,  135,  140,    0,    0,    0,    0,    0,    0,    0,    0, -999
20080729, 0000,  , TS, 26.3N, 118.2E,  35,  996,  150,  140,  135,  140,    0,    0,    0,    0,    0,    0,    0,    0, -999
20080729, 0600,  , TD, 26.9N, 117.9E,  25, 1004,    0,    0,    0,    0,    0,    0,    0,    0,    0,    0,    0,    0, -999
20080729, 1200,  , TD, 27.7N, 117.9E,  25, 1004,    0,    0,    0,    0,    0,    0,    0,    0,    0,    0,    0,    0, -999
20080729, 1800,  , DB, 28.4N, 118.1E,  20, 1007,    0,    0,    0,    0,    0,    0,    0,    0,    0,    0,    0,    0, -999
