WP092014,           RAMMASUN,     43,
20140709, 1800,  , DB,  8.5N, 152.9E,  20, 1007,    0,    0,    0,    0,    0,    0,    0,    0,    0,    0,    0,    0, -999
20140710, 0000,  , DB,  8.8N, 152.1E,  20, 1007,    0,    0,    0,    0,    0,    0,    0,    0,    0,    0,    0,    0, -999
20140710, 0600,  , TD,  9.5N, 151.4E,  25, 1004,    0,    0,    0,    0,    0,    0,    0,    0,    0,    0,    0,    0, -999
20140710, 1200,  , TD, 10.4N, 150.7E,  25, 1005,    0,    0,    0,    0,    0,    0,    0,    0,    0,    0,    0,    0, -999
20140710, 1800,  , TD, 11.3N, 150.0E,  30, 1000,    0,    0,    0,    0,    0,    0,    0,    0,    0,    0,    0,    0, -999
20140711, 0000,  , TD, 11.9N, 149.5E,  30, 1000,    0,    0,    0,    0,    0,    0,    0,    0,    0,    0,    0,    0, -999
20140711, 0600,  , TD, 12.7N, 148.8E,  30, 1000,    0,    0,    0,    0,    0,    0,    0,    0,    0,    0,    0,    0, -999
20140711, 1200,  , TD, 13.3N, 147.6E,  30, 1000,    0,    0,    0,    0,    0,    0,    0,    0,    0,    0,    0,    0, -999
20140711, 1800,  , TD, 13.6N, 146.2E,  30, 1000,    0,    0,    0,    0,    0,    0,    0,    0,    0,    0,    0,    0, -999
20140712, 0000,  , TD, 13.6N, 144.7E,  30, 1000,    0,    0,    0,    0,    0,    0,    0,    0,    0,    0,    0,    0, -999
20140712, 0600,  , TD, 13.7N, 143.4E,  30, 1000,    0,    0,    0,    0,    0,    0,    0,    0,    0,    0,    0,    0, -999
20140712, 1200,  , TS, 13.7N, 141.9E,  35,  996,    0,    0,    0,    0,    0,    0,    0,    0,    0,    0,    0,    0, -999
20140712, 1800,  , TS, 13.7N, 140.5E,  35,  996,    0,    0,    0,    0,    0,    0,    0,    0,    0,    0,    0,    0, -999
20140713, 0000,  , TS, 13.7N, 138.4E,  35,  996,    0,    0,    0,    0,    0,    0,    0,    0,    0,    0,    0,    0, -999
20140713, 0600,  , TS, 13.7N, 136.2E,  35,  996,    0,    0,    0,    0,    0,    0,    0,    0,    0,    0,    0,    0, -999
20140713, 1200,  , TS, 13.6N, 134.2E,  40,  993,   35,   30,   30,   35,    0,    0,    0,    0,    0,    0,    0,    0, -999
20140713, 1800,  , TS, 13.7N, 132.4E,  45,  989,   35,   30,   30,   35,    0,    0,    0,    0,    0,    0,    0,    0, -999
20140714, 0000,  , TS, 13.3N, 130.6E,  55,  982,   45,   40,   40,   45,   20,   20,   20,   20,    0,    0,    0,    0, -999
20140714, 0600,  , HU, 12.8N, 129.2E,  65,  974,   55,   55,   55,   55,   20,   20,   20,   20,    0,    0,    0,    0, -999
20140714, 1200,  , HU, 12.6N, 128.2E,  75,  967,   75,   80,   80,   75,   40,   35,   35,   40,   20,   20,   20,   20, -999
20140714, 1800,  , HU, 12.7N, 127.0E,  80,  963,   80,   80,   85,   85,   45,   40,   40,   50,   25,   20,   20,   25, -999
20140715, 0000,  , HU, 12.7N, 125.6E,  90,  956,   80,   80,   85,   85,   45,   40,   40,   50,   25,   20,   20,   25, -999
20140715, 0600,  , HU, 13.0N, 124.6E, 100,  948,   80,   80,   85,   85,   45,   40,   40,   50,   25,   20,   20,   25, -999
20140715, 1200,  , HU, 13.4N, 123.5E, 115,  937,   80,   80,   85,   85,   45,   40,   40,   50,   25,   20,   20,   25, -999
20140715, 1800,  , HU, 13.8N, 122.1E, 105,  944,   80,   80,   85,   85,   45,   40,   40,   50,   25,   20,   20,   25, -999
20140716, 0000,  , HU, 14.3N, 120.6E,  90,  956,   95,   95,  110,  110,   40,   40,   50,   50,   20,   20,   25,   25, -999
20140716, 0600,  , HU, 14.8N, 119.1E,  80,  963,   90,  100,  110,   95,   40,   45,   45,   40,   25,   25,   25,   25, -999
20140716, 1200,  , HU, 15.2N, 117.8E,  80,  963,   90,  100,  110,   95,   40,   45,   45,   40,   25,   25,   25,   25, -999
20140716, 1800,  , HU, 15.6N, 116.9E,  80,  963,  120,  115,   95,   80,   55,   50,   45,   35,   20,   20,   20,   20, -999
20140717, 0000,  , HU, 16.3N, 115.8E,  85,  959,  120,  100,  100,  120,   75,   75,   75,   75,   25,   25,   25,   25, -999
20140717, 0600,  , HU, 16.9N, 115.0E,  95,  952,  115,  100,  100,  115,   70,   70,   70,   70,   30,   30,   30,   30, -999
20140717, 1200,  , HU, 17.5N, 114.3E, 105,  944,  115,  100,  100,  115,   70,   70,   70,   70,   30,   30,   30,   30, -999
20140717, 1800,  , HU, 18.4N, 113.4E, 125,  929,  115,  100,  100,  115,   70,   70,   70,   70,   30,   30,   30,   30, -999
20140718, 0000,  , XX, 19.1N, 112.3E, 130,  926,  115,  100,  100,  115,   70,   70,   70,   70,   30,   30,   30,   30, -999
20140718, 0600,  , XX, 19.9N, 111.3E, 140,  918,  115,  100,  100,  115,   70,   70,   70,   70,   30,   30,   30,   30, -999
20140718, 1200,  , HU, 20.4N, 110.3E, 125,  929,  115,  100,  100,  115,   70,   70,   70,   70,   30,   30,   30,   30, -999
20140718, 1800,  , HU, 21.0N, 109.4E, 115,  937,  115,  100,  100,  115,   70,   70,   70,   70,   30,   30,   30,   30, -999
20140719, 0000,  , HU, 21.8N, 108.3E, 100,  948,  115,  100,  100,  115,   70,   70,   70,   70,   30,   30,   30,   30, -999
20140719, 0600,  , HU, 22.5N, 107.4E,  75,  967,  115,  100,  100,  115,   70,   70,   70,   70,   30,   30,   30,   30, -999
20140719, 1200,  , TS, 22.9N, 106.5E,  55,  982,  115,  100,  100,  115,   70,   70,   70,   70,    0,    0,    0,    0, -999
20140719, 1800,  , TS, 23.2N, 105.5E,  35,  996,  115,  100,  100,  115,    0,    0,    0,    0,    0,    0,    0,    0, -999
20140720, 0000,  , TD, 23.5N, 104.4E,  25, 1004,    0,    0,    0,    0,    0,    0,    0,    0,    0,    0,    0,    0, -999
20140720, 0600,  , DB, 23.8N, 103.3E,  20, 1007,    0,    0,    0,    0,    0,    0,    0,    0,    0,    0,    0,    0, -999
