WP091948,            UNNAMED,     26,
19480808, 0000,  , LO, 19.0N, 142.0E,  20,    0,    0,    0,    0,    0,    0,    0,    0,    0,    0,    0,    0,    0, -999
19480808, 0600,  , LO, 20.0N, 141.6E,  25,    0,    0,    0,    0,    0,    0,    0,    0,    0,    0,    0,    0,    0, -999
19480808, 1200,  , LO, 21.0N, 141.0E,  25,    0,    0,    0,    0,    0,    0,    0,    0,    0,    0,    0,    0,    0, -999
19480808, 1800,  , LO, 22.0N, 140.3E,  30,    0,    0,    0,    0,    0,    0,    0,    0,    0,    0,    0,    0,    0, -999
19480809, 0000,  , LO, 22.5N, 139.8E,  30,    0,    0,    0,    0,    0,    0,    0,    0,    0,    0,    0,    0,    0, -999
19480809, 0600,  , TS, 22.9N, 139.3E,  35,    0,    0,    0,    0,    0,    0,    0,    0,    0,    0,    0,    0,    0, -999
19480809, 1200,  , TS, 23.2N, 138.9E,  40,    0,    0,    0,    0,    0,    0,    0,    0,    0,    0,    0,    0,    0, -999
19480809, 1800,  , TS, 23.7N, 137.9E,  40,    0,    0,    0,    0,    0,    0,    0,    0,    0,    0,    0,    0,    0, -999
19480810, 0000,  , TS, 24.0N, 137.0E,  50,    0,    0,    0,    0,    0,    0,    0,    0,    0,    0,    0,    0,    0, -999
19480810, 0600,  , TS, 24.0N, 135.8E,  45,    0,    0,    0,    0,    0,    0,    0,    0,    0,    0,    0,    0,    0, -999
19480810, 1200,  , TS, 23.8N, 134.5E,  40,    0,    0,    0,    0,    0,    0,    0,    0,    0,    0,    0,    0,    0, -999
19480810, 1800,  , TS, 23.6N, 134.0E,  40,    0,    0,    0,    0,    0,    0,    0,    0,    0,    0,    0,    0,    0, -999
19480811, 0000,  , TS, 23.4N, 133.1E,  40,    0,    0,    0,    0,    0,    0,    0,    0,    0,    0,    0,    0,    0, -999
19480811, 0600,  , TS, 23.3N, 132.5E,  50,    0,    0,    0,    0,    0,    0,    0,    0,    0,    0,    0,    0,    0, -999
19480811, 1200,  , TS, 23.2N, 132.0E,  50,    0,    0,    0,    0,    0,    0,    0,    0,    0,    0,    0,    0,    0, -999
19480811, 1800,  , TS, 23.2N, 131.7E,  45,    0,    0,    0,    0,    0,    0,    0,    0,    0,    0,    0,    0,    0, -999
19480812, 0000,  , TS, 23.2N, 131.3E,  35,    0,    0,    0,    0,    0,    0,    0,    0,    0,    0,    0,    0,    0, -999
19480812, 0600,  , TS, 23.2N, 131.2E,  35,    0,    0,    0,    0,    0,    0,    0,    0,    0,    0,    0,    0,    0, -999
19480812, 1200,  , TS, 23.0N, 130.7E,  35,    0,    0,    0,    0,    0,    0,    0,    0,    0,    0,    0,    0,    0, -999
19480812, 1800,  , TS, 22.6N, 130.0E,  35,    0,    0,    0,    0,    0,    0,    0,    0,    0,    0,    0,    0,    0, -999
19480813, 0000,  , LO, 22.4N, 129.8E,  30,    0,    0,    0,    0,    0,    0,    0,    0,    0,    0,    0,    0,    0, -999
19480813, 0600,  , LO, 22.2N, 129.3E,  30,    0,    0,    0,    0,    0,    0,    0,    0,    0,    0,    0,    0,    0, -999
19480813, 1200,  , LO, 21.5N, 128.0E,  25,    0,    0,    0,    0,    0,    0,    0,    0,    0,    0,    0,    0,    0, -999
19480813, 1800,  , LO, 21.5N, 127.7E,  25,    0,    0,    0,    0,    0,    0,    0,    0,    0,    0,    0,    0,    0, -999
19480814, 0000,  , LO, 21.3N, 127.4E,  25,    0,    0,    0,    0,    0,    0,    0,    0,    0,    0,    0,    0,    0, -999
19480814, 0600,  , LO, 21.0N, 127.0E,  25,    0,    0,    0,    0,    0,    0,    0,    0,    0,    0,    0,    0,    0, -999
