WP092020,               BAVI,     28,
20200821, 0000,  , DB, 20.4N, 122.5E,  20, 1005,    0,    0,    0,    0,    0,    0,    0,    0,    0,    0,    0,    0, -999
20200821, 0600,  , DB, 21.1N, 122.2E,  20, 1005,    0,    0,    0,    0,    0,    0,    0,    0,    0,    0,    0,    0, -999
20200821, 1200,  , TD, 22.0N, 122.3E,  25, 1005,    0,    0,    0,    0,    0,    0,    0,    0,    0,    0,    0,    0, -999
20200821, 1800,  , TD, 22.9N, 122.4E,  30, 1002,    0,    0,    0,    0,    0,    0,    0,    0,    0,    0,    0,    0, -999
20200822, 0000,  , TS, 23.3N, 122.8E,  35, 1002,   50,   45,    0,    0,    0,    0,    0,    0,    0,    0,    0,    0, -999
20200822, 0600,  , TS, 24.3N, 123.3E,  40,  998,   60,   55,   30,   10,    0,    0,    0,    0,    0,    0,    0,    0, -999
20200822, 0900,  , TS, 24.7N, 123.7E,  45,  989,   65,   65,   50,   35,    0,    0,    0,    0,    0,    0,    0,    0, -999
20200822, 1200,  , TS, 25.3N, 123.9E,  45,  995,   70,   75,   70,   65,    0,    0,    0,    0,    0,    0,    0,    0, -999
20200822, 1800,  , TS, 25.8N, 123.7E,  50,  991,   90,  100,   70,   60,   35,   40,    0,    0,    0,    0,    0,    0, -999
20200823, 0000,  , TS, 26.4N, 123.9E,  55,  987,  110,  120,   75,   55,   45,   50,   20,   10,    0,    0,    0,    0, -999
20200823, 0600,  , TS, 26.8N, 124.6E,  60,  980,  130,  165,   75,   70,   55,   60,   40,   20,    0,    0,    0,    0, -999
20200823, 1200,  , TS, 27.0N, 125.3E,  60,  980,  115,  145,   75,   90,   65,   70,   60,   30,    0,    0,    0,    0, -999
20200823, 1800,  , HU, 27.1N, 125.7E,  65,  976,  100,  135,  110,   95,   75,   75,   75,   35,   25,   40,   40,   20, -999
20200824, 0000,  , HU, 27.4N, 126.3E,  70,  972,  100,  125,  120,   85,   65,   80,   70,   40,   30,   35,   35,   25, -999
20200824, 0600,  , HU, 27.9N, 126.5E,  75,  964,  110,  125,  110,   90,   65,   70,   60,   45,   35,   35,   20,   25, -999
20200824, 1200,  , HU, 28.2N, 126.2E,  85,  957,  115,  125,  100,  100,   65,   50,   40,   55,   35,   35,   30,   30, -999
20200824, 1800,  , HU, 28.6N, 126.1E,  85,  957,  105,  125,  110,   85,   65,   55,   50,   45,   35,   30,   30,   25, -999
20200825, 0000,  , HU, 29.2N, 125.7E,  90,  954,   95,  130,  105,   75,   60,   60,   50,   40,   30,   25,   30,   25, -999
20200825, 0600,  , HU, 29.8N, 125.4E,  95,  950,   85,  130,  100,   80,   60,   60,   45,   60,   35,   30,   30,   30, -999
20200825, 1200,  , HU, 30.6N, 125.1E,  95,  948,  115,  110,   95,   80,   65,   60,   40,   50,   35,   25,   30,   30, -999
20200825, 1800,  , HU, 31.4N, 124.7E, 100,  943,  130,  120,   95,   75,   80,   65,   40,   60,   35,   35,   30,   30, -999
20200826, 0000,  , HU, 32.3N, 124.5E, 100,  942,  125,  115,   90,   70,   80,   65,   45,   45,   40,   40,   30,   30, -999
20200826, 0600,  , HU, 33.6N, 124.4E,  95,  945,  115,  120,   85,   80,   65,   70,    0,   45,   35,   35,    0,   25, -999
20200826, 1200,  , HU, 35.0N, 124.2E,  90,  949,   90,  130,   75,   95,   55,   80,    0,   50,   30,   30,    0,   20, -999
20200826, 1800,  , HU, 36.9N, 124.4E,  80,  955,   65,   85,   50,   50,   35,   50,    0,   25,   20,   25,    0,    0, -999
20200827, 0000,  , HU, 39.3N, 124.5E,  65,  966,   35,    0,    0,   20,   20,    0,    0,   10,   10,    0,    0,    0, -999
20200827, 0600,  , TS, 41.6N, 125.8E,  40,  980,   20,    0,    0,    0,    0,    0,    0,    0,    0,    0,    0,    0, -999
20200827, 1200,  , DB, 44.0N, 127.0E,  20,  989,    0,    0,    0,    0,    0,    0,    0,    0,    0,    0,    0,    0, -999
