WP101981,            UNNAMED,     21,
19810727, 0000,  , LO, 22.5N, 150.0E,  25,    0,    0,    0,    0,    0,    0,    0,    0,    0,    0,    0,    0,    0, -999
19810727, 0600,  , LO, 23.1N, 149.0E,  25,    0,    0,    0,    0,    0,    0,    0,    0,    0,    0,    0,    0,    0, -999
19810727, 1200,  , LO, 23.7N, 148.2E,  30,    0,    0,    0,    0,    0,    0,    0,    0,    0,    0,    0,    0,    0, -999
19810727, 1800,  , LO, 24.1N, 147.4E,  30,    0,    0,    0,    0,    0,    0,    0,    0,    0,    0,    0,    0,    0, -999
19810728, 0000,  , TS, 24.6N, 146.6E,  35,    0,    0,    0,    0,    0,    0,    0,    0,    0,    0,    0,    0,    0, -999
19810728, 0600,  , TS, 25.2N, 145.8E,  35,    0,    0,    0,    0,    0,    0,    0,    0,    0,    0,    0,    0,    0, -999
19810728, 1200,  , TS, 25.9N, 144.7E,  45,    0,    0,    0,    0,    0,    0,    0,    0,    0,    0,    0,    0,    0, -999
19810728, 1800,  , TS, 26.6N, 143.3E,  50,    0,    0,    0,    0,    0,    0,    0,    0,    0,    0,    0,    0,    0, -999
19810729, 0000,  , TS, 27.3N, 141.9E,  50,    0,    0,    0,    0,    0,    0,    0,    0,    0,    0,    0,    0,    0, -999
19810729, 0600,  , TS, 28.1N, 140.8E,  50,    0,    0,    0,    0,    0,    0,    0,    0,    0,    0,    0,    0,    0, -999
19810729, 1200,  , TS, 28.8N, 139.5E,  55,    0,    0,    0,    0,    0,    0,    0,    0,    0,    0,    0,    0,    0, -999
19810729, 1800,  , TS, 29.3N, 138.2E,  55,    0,    0,    0,    0,    0,    0,    0,    0,    0,    0,    0,    0,    0, -999
19810730, 0000,  , TS, 30.0N, 136.8E,  55,    0,    0,    0,    0,    0,    0,    0,    0,    0,    0,    0,    0,    0, -999
19810730, 0600,  , TS, 30.8N, 135.0E,  55,    0,    0,    0,    0,    0,    0,    0,    0,    0,    0,    0,    0,    0, -999
19810730, 1200,  , HU, 31.2N, 132.7E,  65,    0,    0,    0,    0,    0,    0,    0,    0,    0,    0,    0,    0,    0, -999
19810730, 1800,  , TS, 31.8N, 131.2E,  55,    0,    0,    0,    0,    0,    0,    0,    0,    0,    0,    0,    0,    0, -999
19810731, 0000,  , TS, 32.8N, 129.5E,  40,    0,    0,    0,    0,    0,    0,    0,    0,    0,    0,    0,    0,    0, -999
19810731, 0600,  , TS, 33.2N, 127.9E,  40,    0,    0,    0,    0,    0,    0,    0,    0,    0,    0,    0,    0,    0, -999
19810731, 1200,  , TS, 33.8N, 126.8E,  35,    0,    0,    0,    0,    0,    0,    0,    0,    0,    0,    0,    0,    0, -999
19810731, 1800,  , LO, 34.8N, 126.2E,  30,    0,    0,    0,    0,    0,    0,    0,    0,    0,    0,    0,    0,    0, -999
19810801, 0000,  , LO, 36.0N, 125.8E,  25,    0,    0,    0,    0,    0,    0,    0,    0,    0,    0,    0,    0,    0, -999
