WP102009,               ETAU,     31,
20090806, 1800,  , DB, 19.2N, 140.3E,  20, 1007,    0,    0,    0,    0,    0,    0,    0,    0,    0,    0,    0,    0, -999
20090807, 0000,  , DB, 19.7N, 141.0E,  20, 1000,    0,    0,    0,    0,    0,    0,    0,    0,    0,    0,    0,    0, -999
20090807, 0600,  , DB, 20.5N, 141.3E,  20, 1007,    0,    0,    0,    0,    0,    0,    0,    0,    0,    0,    0,    0, -999
20090807, 1200,  , DB, 21.4N, 141.6E,  20, 1007,    0,    0,    0,    0,    0,    0,    0,    0,    0,    0,    0,    0, -999
20090807, 1800,  , TD, 22.2N, 140.9E,  25, 1004,    0,    0,    0,    0,    0,    0,    0,    0,    0,    0,    0,    0, -999
20090808, 0000,  , TD, 23.6N, 139.9E,  30, 1000,    0,    0,    0,    0,    0,    0,    0,    0,    0,    0,    0,    0, -999
20090808, 0600,  , TD, 24.3N, 138.9E,  30, 1000,    0,    0,    0,    0,    0,    0,    0,    0,    0,    0,    0,    0, -999
20090808, 1200,  , TD, 25.2N, 138.3E,  30, 1005,    0,    0,    0,    0,    0,    0,    0,    0,    0,    0,    0,    0, -999
20090808, 1800,  , TD, 26.1N, 137.6E,  30, 1000,    0,    0,    0,    0,    0,    0,    0,    0,    0,    0,    0,    0, -999
20090809, 0000,  , TD, 27.0N, 136.9E,  30,  998,    0,    0,    0,    0,    0,    0,    0,    0,    0,    0,    0,    0, -999
20090809, 0600,  , TD, 28.6N, 135.6E,  30, 1000,    0,    0,    0,    0,    0,    0,    0,    0,    0,    0,    0,    0, -999
20090809, 1200,  , TD, 28.9N, 134.8E,  30, 1001,    0,    0,    0,    0,    0,    0,    0,    0,    0,    0,    0,    0, -999
20090809, 1800,  , TS, 29.2N, 134.6E,  35,  996,    0,    0,    0,    0,    0,    0,    0,    0,    0,    0,    0,    0, -999
20090810, 0000,  , TS, 30.0N, 134.7E,  35,  994,    0,    0,    0,    0,    0,    0,    0,    0,    0,    0,    0,    0, -999
20090810, 0600,  , TD, 31.2N, 135.1E,  30, 1000,    0,    0,    0,    0,    0,    0,    0,    0,    0,    0,    0,    0, -999
20090810, 1200,  , TD, 32.2N, 135.8E,  30,  997,    0,    0,    0,    0,    0,    0,    0,    0,    0,    0,    0,    0, -999
20090810, 1800,  , TD, 32.9N, 136.8E,  30, 1000,    0,    0,    0,    0,    0,    0,    0,    0,    0,    0,    0,    0, -999
20090811, 0000,  , TD, 33.2N, 138.8E,  30, 1000,    0,    0,    0,    0,    0,    0,    0,    0,    0,    0,    0,    0, -999
20090811, 0600,  , TS, 33.4N, 140.8E,  40,  992,   30,   30,   25,   20,    0,    0,    0,    0,    0,    0,    0,    0, -999
20090811, 1200,  , TS, 33.3N, 142.9E,  35,  995,   30,   30,   25,   20,    0,    0,    0,    0,    0,    0,    0,    0, -999
20090811, 1800,  , TS, 32.5N, 145.6E,  35,  996,   30,   30,   25,   20,    0,    0,    0,    0,    0,    0,    0,    0, -999
20090812, 0000,  , TS, 32.2N, 148.1E,  35,  996,   30,   30,   25,   20,    0,    0,    0,    0,    0,    0,    0,    0, -999
20090812, 0600,  , TS, 32.6N, 150.2E,  35,  996,   30,   30,   25,   20,    0,    0,    0,    0,    0,    0,    0,    0, -999
20090812, 1200,  , TS, 33.3N, 151.4E,  30,  998,    0,    0,    0,    0,    0,    0,    0,    0,    0,    0,    0,    0, -999
20090812, 1800,  , EX, 33.5N, 151.6E,  25, 1004,    0,    0,    0,    0,    0,    0,    0,    0,    0,    0,    0,    0, -999
20090813, 0000,  , EX, 33.8N, 151.6E,  20, 1007,    0,    0,    0,    0,    0,    0,    0,    0,    0,    0,    0,    0, -999
20090813, 0600,  , EX, 34.3N, 151.6E,  20, 1007,    0,    0,    0,    0,    0,    0,    0,    0,    0,    0,    0,    0, -999
20090813, 1200,  , EX, 34.9N, 152.1E,  20, 1007,    0,    0,    0,    0,    0,    0,    0,    0,    0,    0,    0,    0, -999
20090813, 1800,  , EX, 35.7N, 152.5E,  20, 1007,    0,    0,    0,    0,    0,    0,    0,    0,    0,    0,    0,    0, -999
20090814, 0000,  , EX, 36.5N, 153.1E,  20, 1007,    0,    0,    0,    0,    0,    0,    0,    0,    0,    0,    0,    0, -999
20090814, 0600,  , EX, 37.3N, 154.1E,  20, 1007,    0,    0,    0,    0,    0,    0,    0,    0,    0,    0,    0,    0, -999
