WP102013,           MANGKHUT,     14,
20130805, 0000,  , DB, 11.2N, 119.1E,  15, 1010,    0,    0,    0,    0,    0,    0,    0,    0,    0,    0,    0,    0, -999
20130805, 0600,  , DB, 11.2N, 116.8E,  20, 1004,    0,    0,    0,    0,    0,    0,    0,    0,    0,    0,    0,    0, -999
20130805, 1200,  , DB, 12.1N, 115.1E,  20, 1004,    0,    0,    0,    0,    0,    0,    0,    0,    0,    0,    0,    0, -999
20130805, 1800,  , TD, 13.0N, 113.5E,  25, 1003,    0,    0,    0,    0,    0,    0,    0,    0,    0,    0,    0,    0, -999
20130806, 0000,  , TD, 13.7N, 112.2E,  30, 1000,    0,    0,    0,    0,    0,    0,    0,    0,    0,    0,    0,    0, -999
20130806, 0600,  , TD, 14.8N, 111.3E,  30, 1000,    0,    0,    0,    0,    0,    0,    0,    0,    0,    0,    0,    0, -999
20130806, 1200,  , TS, 16.0N, 110.6E,  35,  996,    0,    0,    0,    0,    0,    0,    0,    0,    0,    0,    0,    0, -999
20130806, 1800,  , TS, 17.0N, 109.6E,  35,  996,    0,    0,    0,    0,    0,    0,    0,    0,    0,    0,    0,    0, -999
20130807, 0000,  , TS, 18.0N, 108.6E,  40,  993,    0,    0,    0,    0,    0,    0,    0,    0,    0,    0,    0,    0, -999
20130807, 0600,  , TS, 18.7N, 107.3E,  45,  989,   30,   25,   25,   30,    0,    0,    0,    0,    0,    0,    0,    0, -999
20130807, 1200,  , TS, 19.4N, 106.2E,  40,  993,   30,   25,   25,   30,    0,    0,    0,    0,    0,    0,    0,    0, -999
20130807, 1800,  , TD, 19.7N, 105.1E,  30, 1000,    0,    0,    0,    0,    0,    0,    0,    0,    0,    0,    0,    0, -999
20130808, 0000,  , TD, 19.8N, 104.1E,  25, 1004,    0,    0,    0,    0,    0,    0,    0,    0,    0,    0,    0,    0, -999
20130808, 0600,  , DB, 21.0N, 103.6E,  20, 1007,    0,    0,    0,    0,    0,    0,    0,    0,    0,    0,    0,    0, -999
