WP102020,             MAYSAK,     35,
20200826, 0000,  , DB, 12.8N, 133.9E,  10, 1014,    0,    0,    0,    0,    0,    0,    0,    0,    0,    0,    0,    0, -999
20200826, 0600,  , DB, 13.3N, 133.5E,  10, 1014,    0,    0,    0,    0,    0,    0,    0,    0,    0,    0,    0,    0, -999
20200826, 1200,  , DB, 13.7N, 132.8E,  10, 1014,    0,    0,    0,    0,    0,    0,    0,    0,    0,    0,    0,    0, -999
20200826, 1800,  , DB, 13.8N, 132.4E,  15, 1008,    0,    0,    0,    0,    0,    0,    0,    0,    0,    0,    0,    0, -999
20200827, 0000,  , DB, 14.4N, 132.0E,  15, 1006,    0,    0,    0,    0,    0,    0,    0,    0,    0,    0,    0,    0, -999
20200827, 0600,  , DB, 15.2N, 131.9E,  15, 1005,    0,    0,    0,    0,    0,    0,    0,    0,    0,    0,    0,    0, -999
20200827, 1200,  , DB, 15.7N, 131.5E,  15, 1005,    0,    0,    0,    0,    0,    0,    0,    0,    0,    0,    0,    0, -999
20200827, 1800,  , DB, 16.2N, 130.9E,  20, 1002,    0,    0,    0,    0,    0,    0,    0,    0,    0,    0,    0,    0, -999
20200828, 0000,  , TD, 16.4N, 130.4E,  25, 1001,    0,    0,    0,    0,    0,    0,    0,    0,    0,    0,    0,    0, -999
20200828, 0600,  , TD, 16.4N, 130.0E,  30,  999,    0,    0,    0,    0,    0,    0,    0,    0,    0,    0,    0,    0, -999
20200828, 1200,  , TS, 16.4N, 129.7E,  40,  996,    0,    0,  150,  150,    0,    0,    0,    0,    0,    0,    0,    0, -999
20200828, 1800,  , TS, 16.4N, 129.5E,  45,  990,   35,   20,  140,  120,    0,    0,    0,    0,    0,    0,    0,    0, -999
20200829, 0000,  , TS, 16.5N, 129.3E,  50,  988,   45,   40,  130,  100,   10,   10,   20,   15,    0,    0,    0,    0, -999
20200829, 0600,  , TS, 16.6N, 129.1E,  55,  984,   75,   55,  130,   90,   20,   20,   30,   20,    0,    0,    0,    0, -999
20200829, 1200,  , TS, 16.7N, 128.9E,  55,  986,  110,   70,  130,   80,   40,   30,   40,   25,    0,    0,    0,    0, -999
20200829, 1800,  , HU, 16.9N, 128.7E,  65,  978,  130,  100,  130,   80,   50,   45,   50,   35,   15,   15,   15,   15, -999
20200830, 0000,  , HU, 17.3N, 128.8E,  65,  977,  135,  150,  130,   80,   55,   55,   65,   45,   20,   20,   20,   20, -999
20200830, 0600,  , HU, 18.4N, 129.0E,  75,  971,  135,  155,  115,  100,   55,   60,   80,   65,   25,   25,   25,   25, -999
20200830, 1200,  , HU, 19.5N, 128.8E,  85,  964,  135,  160,  100,  140,   55,   65,   85,   55,   30,   30,   30,   30, -999
20200830, 1800,  , HU, 20.8N, 128.7E,  90,  958,  140,  165,  100,  120,   85,   85,   75,   60,   40,   35,   35,   35, -999
20200831, 0000,  , HU, 22.4N, 128.4E,  95,  953,  155,  145,  115,  130,   95,   95,   60,   55,   50,   35,   35,   40, -999
20200831, 0600,  , HU, 24.3N, 127.5E, 105,  944,  160,  140,  110,  135,   85,   90,   50,   60,   60,   40,   30,   30, -999
20200831, 1200,  , HU, 25.0N, 127.1E, 110,  939,  165,  145,  100,  140,   80,   85,   45,   65,   60,   45,   30,   25, -999
20200831, 1800,  , HU, 26.1N, 126.5E, 115,  933,  170,  155,  120,  160,   80,   75,   55,   75,   60,   50,   45,   30, -999
20200901, 0000,  , HU, 26.9N, 126.0E, 120,  930,  175,  165,  140,  180,   85,   65,   65,   80,   65,   50,   45,   40, -999
20200901, 0600,  , HU, 27.6N, 126.1E, 115,  930,  180,  165,  160,  200,  120,   75,   75,   85,   65,   50,   40,   50, -999
20200901, 1200,  , HU, 28.4N, 126.3E, 110,  935,  175,  165,  140,  160,  125,   90,   75,   90,   70,   65,   55,   75, -999
20200901, 1800,  , HU, 29.4N, 126.6E, 105,  939,  170,  170,  145,  155,  125,  105,  100,  125,   80,   80,   75,   90, -999
20200902, 0000,  , HU, 30.5N, 126.8E,  95,  948,  180,  165,  165,  150,  115,  110,   95,   95,   80,   65,   80,   65, -999
20200902, 0600,  , HU, 31.7N, 127.1E,  85,  955,  160,  145,  150,  130,  100,  110,   80,   75,   65,   30,   50,   55, -999
20200902, 1200,  , HU, 33.1N, 127.9E,  80,  960,   90,  135,  100,  110,   65,   95,   60,   55,   55,   20,   30,   20, -999
20200902, 1800,  , HU, 35.5N, 129.0E,  75,  963,   75,   60,   65,   50,   60,   40,   40,   20,   25,   15,   15,   15, -999
20200903, 0000,  , TS, 38.9N, 129.6E,  55,  974,   60,   50,   45,   30,   30,   25,   20,   20,    0,    0,    0,    0, -999
20200903, 0600,  , TS, 42.0N, 129.5E,  40,  977,   30,   40,   25,   15,    0,    0,    0,    0,    0,    0,    0,    0, -999
20200903, 1200,  , EX, 45.5N, 127.1E,  25,  979,    0,    0,    0,    0,    0,    0,    0,    0,    0,    0,    0,    0, -999
