WP112002,            UNNAMED,     23,
20020708, 0000,  , TD, 21.6N, 117.5E,  20,  996,    0,    0,    0,    0,    0,    0,    0,    0,    0,    0,    0,    0, -999
20020708, 0600,  , TD, 21.9N, 117.8E,  25,  994,    0,    0,    0,    0,    0,    0,    0,    0,    0,    0,    0,    0, -999
20020708, 1200,  , TD, 22.2N, 118.1E,  25, 1002,    0,    0,    0,    0,    0,    0,    0,    0,    0,    0,    0,    0, -999
20020708, 1800,  , TS, 22.7N, 118.6E,  35,  997,    0,    0,    0,    0,    0,    0,    0,    0,    0,    0,    0,    0, -999
20020709, 0000,  , TS, 23.3N, 119.2E,  35,  997,    0,    0,    0,    0,    0,    0,    0,    0,    0,    0,    0,    0, -999
20020709, 0600,  , TS, 23.8N, 119.6E,  35,  997,   35,   35,   55,   55,    0,    0,    0,    0,    0,    0,    0,    0, -999
20020709, 1200,  , TS, 24.1N, 120.0E,  35,  997,   35,   35,   55,   55,    0,    0,    0,    0,    0,    0,    0,    0, -999
20020709, 1800,  , TS, 24.6N, 120.5E,  35,  997,   35,   35,   55,   55,    0,    0,    0,    0,    0,    0,    0,    0, -999
20020710, 0000,  , TS, 24.9N, 121.0E,  35,  997,   35,   35,   55,   55,    0,    0,    0,    0,    0,    0,    0,    0, -999
20020710, 0600,  , TD, 25.1N, 121.8E,  30,  990,    0,    0,    0,    0,    0,    0,    0,    0,    0,    0,    0,    0, -999
20020710, 1200,  , TS, 25.3N, 122.9E,  35,  997,    0,    0,    0,    0,    0,    0,    0,    0,    0,    0,    0,    0, -999
20020710, 1800,  , TS, 25.3N, 124.0E,  40,  994,   90,   60,   60,   90,    0,    0,    0,    0,    0,    0,    0,    0, -999
20020711, 0000,  , TS, 25.3N, 124.8E,  40,  994,   90,   60,   60,   90,    0,    0,    0,    0,    0,    0,    0,    0, -999
20020711, 0600,  , TS, 25.3N, 125.5E,  40,  994,   90,   60,   60,   90,    0,    0,    0,    0,    0,    0,    0,    0, -999
20020711, 1200,  , TS, 25.4N, 126.1E,  40,  994,   45,   45,   60,   60,    0,    0,    0,    0,    0,    0,    0,    0, -999
20020711, 1800,  , TS, 25.5N, 126.4E,  40,  994,   45,   45,   60,   60,    0,    0,    0,    0,    0,    0,    0,    0, -999
20020712, 0000,  , TS, 25.6N, 126.7E,  40,  994,   70,   90,   90,   60,    0,    0,    0,    0,    0,    0,    0,    0, -999
20020712, 0600,  , TS, 26.0N, 126.8E,  40,  994,   70,   90,   90,   60,    0,    0,    0,    0,    0,    0,    0,    0, -999
20020712, 1200,  , TS, 26.6N, 126.8E,  40,  994,   70,   90,   90,   60,    0,    0,    0,    0,    0,    0,    0,    0, -999
20020712, 1800,  , TS, 28.0N, 126.5E,  35,  997,   70,   90,   90,   60,    0,    0,    0,    0,    0,    0,    0,    0, -999
20020713, 0000,  , TS, 28.7N, 126.5E,  35,  997,   70,   90,   90,   60,    0,    0,    0,    0,    0,    0,    0,    0, -999
20020713, 0600,  , TD, 30.5N, 127.2E,  30, 1000,    0,    0,    0,    0,    0,    0,    0,    0,    0,    0,    0,    0, -999
20020713, 1200,  , TD, 31.5N, 127.7E,  25, 1002,    0,    0,    0,    0,    0,    0,    0,    0,    0,    0,    0,    0, -999
