WP111961,            UNNAMED,     18,
19610721, 0000,  , LO, 27.3N, 127.9E,  25,    0,    0,    0,    0,    0,    0,    0,    0,    0,    0,    0,    0,    0, -999
19610721, 0600,  , TS, 27.4N, 127.6E,  35,    0,    0,    0,    0,    0,    0,    0,    0,    0,    0,    0,    0,    0, -999
19610721, 1200,  , TS, 27.6N, 127.2E,  35,    0,    0,    0,    0,    0,    0,    0,    0,    0,    0,    0,    0,    0, -999
19610721, 1800,  , TS, 27.5N, 126.7E,  40,    0,    0,    0,    0,    0,    0,    0,    0,    0,    0,    0,    0,    0, -999
19610722, 0000,  , TS, 27.2N, 126.9E,  40,    0,    0,    0,    0,    0,    0,    0,    0,    0,    0,    0,    0,    0, -999
19610722, 0600,  , TS, 27.1N, 127.6E,  40,    0,    0,    0,    0,    0,    0,    0,    0,    0,    0,    0,    0,    0, -999
19610722, 1200,  , TS, 27.2N, 128.2E,  40,    0,    0,    0,    0,    0,    0,    0,    0,    0,    0,    0,    0,    0, -999
19610722, 1800,  , TS, 27.6N, 128.5E,  40,    0,    0,    0,    0,    0,    0,    0,    0,    0,    0,    0,    0,    0, -999
19610723, 0000,  , TS, 28.1N, 128.5E,  40,    0,    0,    0,    0,    0,    0,    0,    0,    0,    0,    0,    0,    0, -999
19610723, 0600,  , TS, 28.6N, 128.3E,  35,    0,    0,    0,    0,    0,    0,    0,    0,    0,    0,    0,    0,    0, -999
19610723, 1200,  , TS, 29.0N, 128.1E,  35,    0,    0,    0,    0,    0,    0,    0,    0,    0,    0,    0,    0,    0, -999
19610723, 1800,  , TS, 29.6N, 127.8E,  35,    0,    0,    0,    0,    0,    0,    0,    0,    0,    0,    0,    0,    0, -999
19610724, 0000,  , TS, 30.2N, 127.4E,  35,    0,    0,    0,    0,    0,    0,    0,    0,    0,    0,    0,    0,    0, -999
19610724, 0600,  , TS, 30.8N, 126.9E,  35,    0,    0,    0,    0,    0,    0,    0,    0,    0,    0,    0,    0,    0, -999
19610724, 1200,  , TS, 31.8N, 126.5E,  35,    0,    0,    0,    0,    0,    0,    0,    0,    0,    0,    0,    0,    0, -999
19610724, 1800,  , LO, 32.9N, 126.3E,  30,    0,    0,    0,    0,    0,    0,    0,    0,    0,    0,    0,    0,    0, -999
19610725, 0000,  , LO, 34.2N, 126.9E,  30,    0,    0,    0,    0,    0,    0,    0,    0,    0,    0,    0,    0,    0, -999
19610725, 0600,  , LO, 35.8N, 128.6E,  25,    0,    0,    0,    0,    0,    0,    0,    0,    0,    0,    0,    0,    0, -999
