WP122011,             MERBOK,     29,
20110802, 1200,  , DB, 23.7N, 164.1E,  15, 1010,    0,    0,    0,    0,    0,    0,    0,    0,    0,    0,    0,    0, -999
20110802, 1800,  , DB, 23.4N, 163.0E,  20, 1007,    0,    0,    0,    0,    0,    0,    0,    0,    0,    0,    0,    0, -999
20110803, 0000,  , DB, 23.4N, 161.8E,  20, 1007,    0,    0,    0,    0,    0,    0,    0,    0,    0,    0,    0,    0, -999
20110803, 0600,  , TD, 23.4N, 160.8E,  25, 1004,    0,    0,    0,    0,    0,    0,    0,    0,    0,    0,    0,    0, -999
20110803, 1200,  , TD, 23.5N, 159.9E,  30, 1000,    0,    0,    0,    0,    0,    0,    0,    0,    0,    0,    0,    0, -999
20110803, 1800,  , TS, 23.6N, 159.0E,  35,  996,    0,    0,    0,    0,    0,    0,    0,    0,    0,    0,    0,    0, -999
20110804, 0000,  , TS, 24.5N, 158.3E,  35,  996,   60,   30,   30,   60,    0,    0,    0,    0,    0,    0,    0,    0, -999
20110804, 0600,  , TS, 24.6N, 157.2E,  35,  996,   60,   50,   50,   60,    0,    0,    0,    0,    0,    0,    0,    0, -999
20110804, 1200,  , TS, 25.0N, 156.7E,  35,  996,   60,   50,   50,   60,    0,    0,    0,    0,    0,    0,    0,    0, -999
20110804, 1800,  , TS, 25.5N, 156.4E,  35,  996,  100,   65,   65,  100,    0,    0,    0,    0,    0,    0,    0,    0, -999
20110805, 0000,  , TS, 26.0N, 155.8E,  40,  993,  120,  110,  100,  120,    0,    0,    0,    0,    0,    0,    0,    0, -999
20110805, 0600,  , TS, 26.6N, 155.4E,  45,  989,  120,  110,  100,  120,    0,    0,    0,    0,    0,    0,    0,    0, -999
20110805, 1200,  , TS, 26.9N, 154.7E,  55,  982,  120,  120,  100,  120,   50,   50,   50,   50,    0,    0,    0,    0, -999
20110805, 1800,  , TS, 27.5N, 154.2E,  60,  978,  120,  120,  100,  120,   50,   50,   50,   50,    0,    0,    0,    0, -999
20110806, 0000,  , HU, 28.1N, 153.9E,  65,  974,  125,  115,  110,  125,   50,   50,   50,   50,    0,    0,    0,    0, -999
20110806, 0600,  , HU, 28.8N, 153.8E,  65,  974,  125,  115,  105,  125,   50,   50,   50,   50,    0,    0,    0,    0, -999
20110806, 1200,  , HU, 29.5N, 153.8E,  75,  967,  125,  115,  105,  125,   55,   50,   50,   55,   30,   30,   25,   25, -999
20110806, 1800,  , HU, 30.3N, 153.7E,  75,  967,  125,  115,  105,  120,   60,   50,   50,   55,   30,   30,   30,   30, -999
20110807, 0000,  , HU, 30.9N, 153.8E,  70,  970,  130,  120,  110,  125,   65,   55,   55,   60,   35,   30,   30,   35, -999
20110807, 0300,  , HU, 31.2N, 153.8E,  70,  970,  130,  120,  110,  125,   65,   55,   55,   60,   35,   30,   30,   35, -999
20110807, 0600,  , HU, 31.6N, 153.8E,  70,  970,  130,  120,  110,  125,   65,   55,   55,   60,   35,   30,   30,   35, -999
20110807, 1200,  , HU, 32.4N, 154.4E,  65,  974,  130,  120,  110,  125,   65,   55,   55,   60,   35,   30,   30,   35, -999
20110807, 1800,  , TS, 33.3N, 155.2E,  60,  978,  130,  120,  110,  125,   60,   50,   50,   55,    0,    0,    0,    0, -999
20110808, 0000,  , TS, 34.4N, 156.4E,  60,  978,  130,  120,  110,  125,   60,   50,   50,   55,    0,    0,    0,    0, -999
20110808, 0600,  , TS, 35.8N, 157.8E,  60,  978,  130,  120,  110,  125,   60,   50,   50,   55,    0,    0,    0,    0, -999
20110808, 1200,  , TS, 37.4N, 159.1E,  55,  982,  240,  280,  180,  160,   80,   80,   50,   55,    0,    0,    0,    0, -999
20110808, 1800,  , EX, 39.0N, 160.2E,  50,  985,  240,  280,  145,  120,    0,    0,    0,    0,    0,    0,    0,    0, -999
20110809, 0000,  , EX, 40.3N, 160.6E,  50,  985,  240,  280,  145,  120,    0,    0,    0,    0,    0,    0,    0,    0, -999
20110809, 0600,  , EX, 41.2N, 161.9E,  45,  989,  240,  280,  145,  120,    0,    0,    0,    0,    0,    0,    0,    0, -999
