WP121956,            UNNAMED,     42,
19560901, 0600,  , TS, 23.5N, 141.0E,  35,    0,    0,    0,    0,    0,    0,    0,    0,    0,    0,    0,    0,    0, -999
19560901, 1200,  , TS, 24.3N, 141.1E,  35,    0,    0,    0,    0,    0,    0,    0,    0,    0,    0,    0,    0,    0, -999
19560901, 1800,  , TS, 25.0N, 141.3E,  35,    0,    0,    0,    0,    0,    0,    0,    0,    0,    0,    0,    0,    0, -999
19560902, 0000,  , TS, 25.3N, 142.0E,  35,    0,    0,    0,    0,    0,    0,    0,    0,    0,    0,    0,    0,    0, -999
19560902, 0600,  , LO, 25.2N, 142.5E,  30,    0,    0,    0,    0,    0,    0,    0,    0,    0,    0,    0,    0,    0, -999
19560902, 1200,  , LO, 24.7N, 142.3E,  30,    0,    0,    0,    0,    0,    0,    0,    0,    0,    0,    0,    0,    0, -999
19560902, 1800,  , TS, 24.2N, 142.1E,  40,    0,    0,    0,    0,    0,    0,    0,    0,    0,    0,    0,    0,    0, -999
19560903, 0000,  , TS, 24.0N, 141.5E,  45,    0,    0,    0,    0,    0,    0,    0,    0,    0,    0,    0,    0,    0, -999
19560903, 0600,  , HU, 23.1N, 141.0E,  65,    0,    0,    0,    0,    0,    0,    0,    0,    0,    0,    0,    0,    0, -999
19560903, 1200,  , HU, 22.5N, 140.0E,  65,    0,    0,    0,    0,    0,    0,    0,    0,    0,    0,    0,    0,    0, -999
19560903, 1800,  , HU, 21.9N, 139.0E,  80,    0,    0,    0,    0,    0,    0,    0,    0,    0,    0,    0,    0,    0, -999
19560904, 0000,  , HU, 21.2N, 138.0E,  80,    0,    0,    0,    0,    0,    0,    0,    0,    0,    0,    0,    0,    0, -999
19560904, 0600,  , HU, 20.5N, 137.2E,  80,    0,    0,    0,    0,    0,    0,    0,    0,    0,    0,    0,    0,    0, -999
19560904, 1200,  , HU, 20.0N, 136.4E,  80,    0,    0,    0,    0,    0,    0,    0,    0,    0,    0,    0,    0,    0, -999
19560904, 1800,  , HU, 19.5N, 135.5E,  90,    0,    0,    0,    0,    0,    0,    0,    0,    0,    0,    0,    0,    0, -999
19560905, 0000,  , HU, 19.2N, 134.5E, 100,    0,    0,    0,    0,    0,    0,    0,    0,    0,    0,    0,    0,    0, -999
19560905, 0600,  , HU, 19.0N, 134.0E, 100,    0,    0,    0,    0,    0,    0,    0,    0,    0,    0,    0,    0,    0, -999
19560905, 1200,  , HU, 19.0N, 133.5E, 100,    0,    0,    0,    0,    0,    0,    0,    0,    0,    0,    0,    0,    0, -999
19560905, 1800,  , HU, 19.2N, 133.0E, 100,    0,    0,    0,    0,    0,    0,    0,    0,    0,    0,    0,    0,    0, -999
19560906, 0000,  , HU, 19.3N, 132.9E, 110,    0,    0,    0,    0,    0,    0,    0,    0,    0,    0,    0,    0,    0, -999
19560906, 0600,  , HU, 20.2N, 132.7E, 120,    0,    0,    0,    0,    0,    0,    0,    0,    0,    0,    0,    0,    0, -999
19560906, 1200,  , HU, 21.0N, 132.1E, 125,    0,    0,    0,    0,    0,    0,    0,    0,    0,    0,    0,    0,    0, -999
19560906, 1800,  , HU, 21.9N, 131.8E, 125,    0,    0,    0,    0,    0,    0,    0,    0,    0,    0,    0,    0,    0, -999
19560907, 0000,  , HU, 22.8N, 131.2E, 125,    0,    0,    0,    0,    0,    0,    0,    0,    0,    0,    0,    0,    0, -999
19560907, 0600,  , HU, 24.0N, 130.2E, 125,    0,    0,    0,    0,    0,    0,    0,    0,    0,    0,    0,    0,    0, -999
19560907, 1200,  , HU, 25.0N, 129.0E, 130,    0,    0,    0,    0,    0,    0,    0,    0,    0,    0,    0,    0,    0, -999
19560907, 1800,  , HU, 25.9N, 128.0E, 130,    0,    0,    0,    0,    0,    0,    0,    0,    0,    0,    0,    0,    0, -999
19560908, 0000,  , HU, 26.3N, 127.2E, 130,    0,    0,    0,    0,    0,    0,    0,    0,    0,    0,    0,    0,    0, -999
19560908, 0600,  , HU, 26.5N, 127.0E, 130,    0,    0,    0,    0,    0,    0,    0,    0,    0,    0,    0,    0,    0, -999
19560908, 1200,  , HU, 27.4N, 126.8E, 135,    0,    0,    0,    0,    0,    0,    0,    0,    0,    0,    0,    0,    0, -999
19560908, 1800,  , HU, 28.3N, 127.0E, 130,    0,    0,    0,    0,    0,    0,    0,    0,    0,    0,    0,    0,    0, -999
19560909, 0000,  , HU, 29.7N, 127.3E, 120,    0,    0,    0,    0,    0,    0,    0,    0,    0,    0,    0,    0,    0, -999
19560909, 0600,  , HU, 31.0N, 127.5E, 115,    0,    0,    0,    0,    0,    0,    0,    0,    0,    0,    0,    0,    0, -999
19560909, 1200,  , HU, 32.0N, 127.9E, 110,    0,    0,    0,    0,    0,    0,    0,    0,    0,    0,    0,    0,    0, -999
19560909, 1800,  , HU, 34.0N, 129.0E, 105,    0,    0,    0,    0,    0,    0,    0,    0,    0,    0,    0,    0,    0, -999
19560910, 0000,  , HU, 36.5N, 130.7E, 100,    0,    0,    0,    0,    0,    0,    0,    0,    0,    0,    0,    0,    0, -999
19560910, 0600,  , HU, 39.8N, 132.5E, 100,    0,    0,    0,    0,    0,    0,    0,    0,    0,    0,    0,    0,    0, -999
19560910, 1200,  , HU, 43.0N, 134.5E,  75,    0,    0,    0,    0,    0,    0,    0,    0,    0,    0,    0,    0,    0, -999
19560910, 1800,  , HU, 45.0N, 134.9E,  65,    0,    0,    0,    0,    0,    0,    0,    0,    0,    0,    0,    0,    0, -999
19560911, 0000,  , TS, 47.0N, 133.5E,  50,    0,    0,    0,    0,    0,    0,    0,    0,    0,    0,    0,    0,    0, -999
19560911, 0600,  , TS, 48.5N, 131.5E,  40,    0,    0,    0,    0,    0,    0,    0,    0,    0,    0,    0,    0,    0, -999
19560911, 1200,  , LO, 49.5N, 128.0E,  25,    0,    0,    0,    0,    0,    0,    0,    0,    0,    0,    0,    0,    0, -999
