WP121984,            UNNAMED,      9,
19840823, 0000,  , LO, 19.1N, 142.7E,  20,    0,    0,    0,    0,    0,    0,    0,    0,    0,    0,    0,    0,    0, -999
19840823, 0600,  , LO, 19.5N, 141.8E,  20,    0,    0,    0,    0,    0,    0,    0,    0,    0,    0,    0,    0,    0, -999
19840823, 1200,  , LO, 19.7N, 140.8E,  20,    0,    0,    0,    0,    0,    0,    0,    0,    0,    0,    0,    0,    0, -999
19840823, 1800,  , LO, 20.0N, 139.8E,  20,    0,    0,    0,    0,    0,    0,    0,    0,    0,    0,    0,    0,    0, -999
19840824, 0000,  , LO, 20.3N, 138.7E,  20,    0,    0,    0,    0,    0,    0,    0,    0,    0,    0,    0,    0,    0, -999
19840824, 0600,  , LO, 20.8N, 137.4E,  20,    0,    0,    0,    0,    0,    0,    0,    0,    0,    0,    0,    0,    0, -999
19840824, 1200,  , LO, 21.4N, 136.1E,  20,    0,    0,    0,    0,    0,    0,    0,    0,    0,    0,    0,    0,    0, -999
19840824, 1800,  , LO, 22.2N, 134.5E,  20,    0,    0,    0,    0,    0,    0,    0,    0,    0,    0,    0,    0,    0, -999
19840825, 0000,  , LO, 23.3N, 133.0E,  20,    0,    0,    0,    0,    0,    0,    0,    0,    0,    0,    0,    0,    0, -999
