WP131966,            UNNAMED,     16,
19660819, 0000,  , TS, 19.9N, 147.5E,  45,    0,    0,    0,    0,    0,    0,    0,    0,    0,    0,    0,    0,    0, -999
19660819, 0600,  , TS, 20.2N, 147.3E,  55,    0,    0,    0,    0,    0,    0,    0,    0,    0,    0,    0,    0,    0, -999
19660819, 1200,  , TS, 20.9N, 147.3E,  55,    0,    0,    0,    0,    0,    0,    0,    0,    0,    0,    0,    0,    0, -999
19660819, 1800,  , TS, 21.7N, 147.6E,  60,    0,    0,    0,    0,    0,    0,    0,    0,    0,    0,    0,    0,    0, -999
19660820, 0000,  , HU, 22.6N, 148.0E,  65,    0,    0,    0,    0,    0,    0,    0,    0,    0,    0,    0,    0,    0, -999
19660820, 0600,  , HU, 23.8N, 148.3E,  65,    0,    0,    0,    0,    0,    0,    0,    0,    0,    0,    0,    0,    0, -999
19660820, 1200,  , HU, 25.4N, 148.2E,  65,    0,    0,    0,    0,    0,    0,    0,    0,    0,    0,    0,    0,    0, -999
19660820, 1800,  , HU, 26.9N, 147.6E,  75,    0,    0,    0,    0,    0,    0,    0,    0,    0,    0,    0,    0,    0, -999
19660821, 0000,  , HU, 28.3N, 146.7E,  85,    0,    0,    0,    0,    0,    0,    0,    0,    0,    0,    0,    0,    0, -999
19660821, 0600,  , HU, 29.6N, 145.7E,  90,    0,    0,    0,    0,    0,    0,    0,    0,    0,    0,    0,    0,    0, -999
19660821, 1200,  , HU, 31.1N, 144.1E,  75,    0,    0,    0,    0,    0,    0,    0,    0,    0,    0,    0,    0,    0, -999
19660821, 1800,  , TS, 32.6N, 141.7E,  50,    0,    0,    0,    0,    0,    0,    0,    0,    0,    0,    0,    0,    0, -999
19660822, 0000,  , TS, 33.9N, 139.2E,  45,    0,    0,    0,    0,    0,    0,    0,    0,    0,    0,    0,    0,    0, -999
19660822, 0600,  , LO, 35.5N, 137.5E,  25,    0,    0,    0,    0,    0,    0,    0,    0,    0,    0,    0,    0,    0, -999
19660822, 1200,  , LO, 36.9N, 136.0E,  25,    0,    0,    0,    0,    0,    0,    0,    0,    0,    0,    0,    0,    0, -999
19660822, 1800,  , LO, 38.4N, 134.5E,  20,    0,    0,    0,    0,    0,    0,    0,    0,    0,    0,    0,    0,    0, -999
