WP132004,            UNNAMED,     33,
20040724, 0600,  , DB, 20.1N, 150.8E,  20, 1004,    0,    0,    0,    0,    0,    0,    0,    0,    0,    0,    0,    0, -999
20040724, 1200,  , DB, 20.7N, 150.7E,  20, 1004,    0,    0,    0,    0,    0,    0,    0,    0,    0,    0,    0,    0, -999
20040724, 1800,  , DB, 21.4N, 150.5E,  20, 1004,    0,    0,    0,    0,    0,    0,    0,    0,    0,    0,    0,    0, -999
20040725, 0000,  , TD, 22.1N, 150.3E,  25, 1002,    0,    0,    0,    0,    0,    0,    0,    0,    0,    0,    0,    0, -999
20040725, 0600,  , TD, 22.8N, 150.0E,  30, 1000,    0,    0,    0,    0,    0,    0,    0,    0,    0,    0,    0,    0, -999
20040725, 1200,  , TS, 23.6N, 149.5E,  35,  997,    0,    0,    0,    0,    0,    0,    0,    0,    0,    0,    0,    0, -999
20040725, 1800,  , TS, 24.2N, 148.9E,  50,  987,   70,   60,   60,   70,    0,    0,    0,    0,    0,    0,    0,    0, -999
20040726, 0000,  , HU, 24.8N, 148.4E,  65,  976,   80,   65,   65,   80,   20,   20,   20,   20,    0,    0,    0,    0, -999
20040726, 0600,  , HU, 25.4N, 147.8E,  90,  954,   90,   80,   80,   90,   40,   40,   40,   40,   30,   30,   30,   30, -999
20040726, 1200,  , HU, 26.1N, 147.2E, 105,  938,   90,   80,   80,   90,   40,   40,   40,   40,   30,   30,   30,   30, -999
20040726, 1800,  , HU, 26.9N, 146.6E, 115,  927,   95,   85,   85,   95,   45,   45,   45,   45,   30,   30,   30,   30, -999
20040727, 0000,  , HU, 27.8N, 146.0E, 115,  927,  105,   95,   95,  105,   45,   45,   45,   45,   30,   30,   30,   30, -999
20040727, 0600,  , HU, 28.7N, 145.2E, 110,  933,  130,  115,   95,  125,   45,   45,   45,   45,   30,   30,   30,   30, -999
20040727, 1200,  , HU, 29.7N, 144.6E, 105,  938,  130,  115,   95,  125,   45,   45,   45,   45,   30,   30,   30,   30, -999
20040727, 1800,  , HU, 30.4N, 143.6E,  90,  954,  120,  100,   85,  115,   35,   35,   35,   35,   20,   20,   20,   20, -999
20040728, 0000,  , HU, 30.8N, 142.5E,  90,  954,  120,  100,   85,  115,   35,   35,   35,   35,   20,   20,   20,   20, -999
20040728, 0600,  , HU, 31.2N, 141.6E,  90,  954,  120,  100,   85,  115,   35,   35,   35,   35,   20,   20,   20,   20, -999
20040728, 1200,  , HU, 31.4N, 140.8E,  80,  963,  120,   95,   90,  120,   35,   35,   35,   35,   20,   20,   20,   20, -999
20040728, 1800,  , HU, 31.5N, 140.3E,  80,  963,  120,   95,   90,  120,   35,   35,   35,   35,   20,   20,   20,   20, -999
20040729, 0000,  , HU, 31.5N, 139.8E,  80,  963,  120,   95,   90,  120,   35,   35,   35,   35,   20,   20,   20,   20, -999
20040729, 0600,  , HU, 31.5N, 139.3E,  75,  967,  150,  170,  170,  150,   65,   65,   65,   65,   30,   30,   30,   30, -999
20040729, 1200,  , HU, 31.4N, 138.8E,  65,  976,  160,  140,  140,  160,   60,   60,   60,   60,    0,    0,    0,    0, -999
20040729, 1800,  , HU, 31.6N, 138.2E,  65,  976,  150,  180,  165,  150,   45,   60,   60,   60,    0,    0,    0,    0, -999
20040730, 0000,  , HU, 31.8N, 137.5E,  65,  976,  160,  140,  140,  160,   40,   60,   60,   60,    0,    0,    0,    0, -999
20040730, 0600,  , TS, 31.9N, 136.8E,  60,  980,  140,  160,  160,  140,   60,   60,   60,   60,    0,    0,    0,    0, -999
20040730, 1200,  , TS, 31.9N, 136.0E,  55,  984,  140,  160,  160,  140,   60,   60,   60,   60,    0,    0,    0,    0, -999
20040730, 1800,  , TS, 32.2N, 135.2E,  55,  984,  130,  150,  150,  130,   50,   50,   50,   50,    0,    0,    0,    0, -999
20040731, 0000,  , TS, 32.6N, 134.4E,  55,  984,  130,  130,  120,  110,   50,   50,   50,   50,    0,    0,    0,    0, -999
20040731, 0600,  , TS, 33.2N, 133.4E,  50,  987,  130,  130,  120,  110,   50,   50,   50,   50,    0,    0,    0,    0, -999
20040731, 1200,  , TS, 33.8N, 132.6E,  45,  991,  115,  115,   95,  100,    0,    0,    0,    0,    0,    0,    0,    0, -999
20040731, 1800,  , TS, 34.3N, 131.9E,  35,  997,   85,   75,   85,   85,    0,    0,    0,    0,    0,    0,    0,    0, -999
20040801, 0000,  , TS, 34.9N, 131.5E,  35,  997,   70,   60,   70,   70,    0,    0,    0,    0,    0,    0,    0,    0, -999
20040801, 0600,  , EX, 35.6N, 131.2E,  35,  997,   70,   70,   70,   70,    0,    0,    0,    0,    0,    0,    0,    0, -999
