WP132005,              TALIM,     33,
20050824, 1800,  , DB, 14.2N, 147.7E,  15, 1006,    0,    0,    0,    0,    0,    0,    0,    0,    0,    0,    0,    0, -999
20050825, 0000,  , DB, 13.7N, 147.0E,  15, 1006,    0,    0,    0,    0,    0,    0,    0,    0,    0,    0,    0,    0, -999
20050825, 0600,  , DB, 13.2N, 146.3E,  15, 1006,    0,    0,    0,    0,    0,    0,    0,    0,    0,    0,    0,    0, -999
20050825, 1200,  , DB, 13.0N, 145.5E,  20, 1004,    0,    0,    0,    0,    0,    0,    0,    0,    0,    0,    0,    0, -999
20050825, 1800,  , DB, 12.8N, 145.0E,  20, 1004,    0,    0,    0,    0,    0,    0,    0,    0,    0,    0,    0,    0, -999
20050826, 0000,  , TD, 12.6N, 144.2E,  25, 1002,    0,    0,    0,    0,    0,    0,    0,    0,    0,    0,    0,    0, -999
20050826, 0600,  , TD, 13.1N, 143.6E,  30, 1000,    0,    0,    0,    0,    0,    0,    0,    0,    0,    0,    0,    0, -999
20050826, 1200,  , TD, 13.8N, 143.4E,  30, 1000,    0,    0,    0,    0,    0,    0,    0,    0,    0,    0,    0,    0, -999
20050826, 1800,  , TS, 14.4N, 142.9E,  35,  997,    0,    0,    0,    0,    0,    0,    0,    0,    0,    0,    0,    0, -999
20050827, 0000,  , TS, 14.9N, 142.1E,  35,  997,    0,    0,    0,    0,    0,    0,    0,    0,    0,    0,    0,    0, -999
20050827, 0600,  , TS, 15.8N, 141.6E,  35,  997,    0,    0,    0,    0,    0,    0,    0,    0,    0,    0,    0,    0, -999
20050827, 1200,  , TS, 16.9N, 141.0E,  40,  994,   40,   40,   35,   40,    0,    0,    0,    0,    0,    0,    0,    0, -999
20050827, 1800,  , TS, 17.4N, 139.7E,  50,  987,   85,   75,   75,   85,   25,   25,   25,   25,    0,    0,    0,    0, -999
20050828, 0000,  , TS, 18.3N, 138.7E,  60,  980,  100,   80,   80,  100,   30,   30,   30,   30,    0,    0,    0,    0, -999
20050828, 0600,  , HU, 19.2N, 137.7E,  65,  976,  100,   80,   80,  100,   30,   30,   30,   30,    0,    0,    0,    0, -999
20050828, 1200,  , HU, 20.0N, 136.8E,  70,  972,  120,   90,   90,  120,   45,   45,   45,   45,   20,   20,   20,   20, -999
20050828, 1800,  , HU, 20.4N, 135.6E,  75,  967,  120,  100,  100,  120,   45,   45,   45,   45,   25,   25,   25,   25, -999
20050829, 0000,  , HU, 20.8N, 134.3E,  85,  958,  130,  110,  110,  130,   45,   45,   45,   45,   30,   30,   30,   30, -999
20050829, 0600,  , HU, 21.0N, 132.9E,  95,  949,  130,  110,  110,  130,   50,   50,   50,   50,   35,   35,   35,   35, -999
20050829, 1200,  , HU, 21.0N, 131.7E, 115,  927,  130,  110,  110,  130,   50,   50,   50,   50,   35,   35,   35,   35, -999
20050829, 1800,  , HU, 21.2N, 130.5E, 125,  916,  150,  120,  120,  150,   50,   60,   60,   60,   40,   40,   40,   40, -999
20050830, 0000,  , HU, 21.5N, 129.4E, 125,  916,  130,  130,  145,  130,   60,   60,   60,   60,   40,   40,   40,   40, -999
20050830, 0600,  , XX, 21.8N, 128.3E, 130,  910,  130,  130,  145,  120,   60,   60,   60,   60,   40,   40,   40,   40, -999
20050830, 1200,  , XX, 22.0N, 127.2E, 130,  910,  130,  130,  150,  120,   60,   60,   60,   60,   40,   40,   40,   40, -999
20050830, 1800,  , HU, 22.3N, 126.2E, 125,  916,  130,  150,  130,  120,   60,   60,   60,   60,   40,   40,   40,   40, -999
20050831, 0000,  , HU, 22.8N, 125.1E, 120,  922,  130,  150,  130,  130,   60,   75,   60,   60,   45,   45,   45,   45, -999
20050831, 0600,  , HU, 23.3N, 124.0E, 115,  927,  130,  150,  120,  120,   60,   75,   60,   60,   45,   45,   45,   45, -999
20050831, 1200,  , HU, 23.8N, 122.9E, 110,  933,  130,  150,  120,  120,   60,   75,   60,   60,   45,   45,   45,   45, -999
20050831, 1800,  , HU, 23.9N, 121.5E,  95,  949,  130,  130,  120,  120,   60,   60,   50,   50,   40,   40,   40,   40, -999
20050901, 0000,  , HU, 24.6N, 120.7E,  70,  972,   90,  110,   70,   70,   30,   25,   25,   30,   10,   10,   10,   10, -999
20050901, 0600,  , TS, 25.2N, 119.5E,  60,  980,   70,   80,   70,   60,   20,   20,   20,   20,    0,    0,    0,    0, -999
20050901, 1200,  , TS, 25.8N, 118.2E,  40,  994,   70,   80,   70,   60,    0,    0,    0,    0,    0,    0,    0,    0, -999
20050901, 1800,  , TD, 26.3N, 116.9E,  25, 1002,    0,    0,    0,    0,    0,    0,    0,    0,    0,    0,    0,    0, -999
