WP131994,            UNNAMED,     11,
19940723, 1200,  , LO, 12.7N, 148.4E,  15,    0,    0,    0,    0,    0,    0,    0,    0,    0,    0,    0,    0,    0, -999
19940723, 1800,  , LO, 12.8N, 148.2E,  15,    0,    0,    0,    0,    0,    0,    0,    0,    0,    0,    0,    0,    0, -999
19940724, 0000,  , LO, 12.9N, 148.0E,  15,    0,    0,    0,    0,    0,    0,    0,    0,    0,    0,    0,    0,    0, -999
19940724, 0600,  , LO, 13.1N, 147.8E,  20,    0,    0,    0,    0,    0,    0,    0,    0,    0,    0,    0,    0,    0, -999
19940724, 1200,  , LO, 13.3N, 147.6E,  20,    0,    0,    0,    0,    0,    0,    0,    0,    0,    0,    0,    0,    0, -999
19940724, 1800,  , LO, 13.7N, 147.3E,  20,    0,    0,    0,    0,    0,    0,    0,    0,    0,    0,    0,    0,    0, -999
19940725, 0000,  , LO, 14.4N, 146.9E,  20,    0,    0,    0,    0,    0,    0,    0,    0,    0,    0,    0,    0,    0, -999
19940725, 0600,  , LO, 15.6N, 146.3E,  25,    0,    0,    0,    0,    0,    0,    0,    0,    0,    0,    0,    0,    0, -999
19940725, 1200,  , LO, 17.2N, 146.2E,  25,    0,    0,    0,    0,    0,    0,    0,    0,    0,    0,    0,    0,    0, -999
19940725, 1800,  , LO, 19.0N, 146.7E,  25,    0,    0,    0,    0,    0,    0,    0,    0,    0,    0,    0,    0,    0, -999
19940726, 0000,  , LO, 20.7N, 147.0E,  20,    0,    0,    0,    0,    0,    0,    0,    0,    0,    0,    0,    0,    0, -999
