WP132010,            MALAKAS,     24,
20100919, 1200,  , DB, 15.4N, 149.1E,  15, 1010,    0,    0,    0,    0,    0,    0,    0,    0,    0,    0,    0,    0, -999
20100919, 1800,  , DB, 17.0N, 148.7E,  15, 1010,    0,    0,    0,    0,    0,    0,    0,    0,    0,    0,    0,    0, -999
20100920, 0000,  , DB, 17.8N, 147.6E,  20, 1007,    0,    0,    0,    0,    0,    0,    0,    0,    0,    0,    0,    0, -999
20100920, 0600,  , TD, 18.2N, 146.5E,  25, 1004,    0,    0,    0,    0,    0,    0,    0,    0,    0,    0,    0,    0, -999
20100920, 1200,  , TD, 18.4N, 145.7E,  30, 1000,    0,    0,    0,    0,    0,    0,    0,    0,    0,    0,    0,    0, -999
20100920, 1800,  , TD, 18.3N, 145.4E,  30, 1000,    0,    0,    0,    0,    0,    0,    0,    0,    0,    0,    0,    0, -999
20100921, 0000,  , TS, 18.1N, 145.1E,  35,  996,    0,    0,    0,    0,    0,    0,    0,    0,    0,    0,    0,    0, -999
20100921, 0600,  , TS, 18.4N, 144.8E,  35,  996,    0,    0,    0,    0,    0,    0,    0,    0,    0,    0,    0,    0, -999
20100921, 1200,  , TS, 18.9N, 144.1E,  35,  996,   55,   45,   45,   55,    0,    0,    0,    0,    0,    0,    0,    0, -999
20100921, 1800,  , TS, 19.3N, 143.4E,  35,  996,   55,   45,   45,   55,    0,    0,    0,    0,    0,    0,    0,    0, -999
20100922, 0000,  , TD, 19.3N, 142.7E,  30, 1000,    0,    0,    0,    0,    0,    0,    0,    0,    0,    0,    0,    0, -999
20100922, 0600,  , TS, 19.5N, 142.3E,  35,  996,   60,   60,   45,   45,    0,    0,    0,    0,    0,    0,    0,    0, -999
20100922, 1200,  , TS, 19.6N, 141.9E,  40,  993,   60,   60,   45,   45,    0,    0,    0,    0,    0,    0,    0,    0, -999
20100922, 1800,  , TS, 19.7N, 141.5E,  55,  982,   80,   75,   70,   60,    0,    0,    0,    0,    0,    0,    0,    0, -999
20100923, 0000,  , HU, 19.9N, 141.2E,  65,  974,  100,  100,  100,   85,   35,   35,   35,   25,    0,    0,    0,    0, -999
20100923, 0600,  , HU, 20.8N, 141.0E,  65,  974,   90,   90,   75,   80,   35,   35,   25,   30,    0,    0,    0,    0, -999
20100923, 1200,  , HU, 21.9N, 140.8E,  65,  974,   90,   90,   70,   80,   35,   35,   25,   30,   15,    0,    0,    0, -999
20100923, 1800,  , HU, 23.0N, 140.8E,  75,  967,  150,  155,  140,  150,   65,   65,   55,   65,   25,   25,   20,   25, -999
20100924, 0000,  , HU, 24.4N, 140.7E,  90,  956,  155,  155,  140,  155,   70,   70,   60,   70,   30,   30,   25,   30, -999
20100924, 0600,  , HU, 26.3N, 141.3E,  90,  956,  155,  155,  130,  145,   75,   75,   55,   65,   30,   30,   25,   30, -999
20100924, 1200,  , HU, 28.5N, 141.7E,  90,  956,  150,  150,  130,  140,   75,   75,   55,   65,   30,   30,   25,   30, -999
20100924, 1800,  , HU, 31.1N, 142.6E,  80,  948,  150,  150,  130,  140,   75,   75,   55,   65,   30,   30,   25,   30, -999
20100925, 0000,  , HU, 34.2N, 144.3E,  75,  952,  160,  145,  110,  150,   80,   65,   45,   70,   35,   35,   35,   35, -999
20100925, 0600,  , EX, 37.6N, 146.1E,  65,  974,  160,  145,  110,  150,   80,   65,   45,   70,    0,    0,    0,    0, -999
