WP131998,            UNNAMED,     13,
19980918, 1800,  , LO, 19.6N, 136.9E,  15,    0,    0,    0,    0,    0,    0,    0,    0,    0,    0,    0,    0,    0, -999
19980919, 0000,  , LO, 20.2N, 137.5E,  20,    0,    0,    0,    0,    0,    0,    0,    0,    0,    0,    0,    0,    0, -999
19980919, 0600,  , LO, 20.9N, 137.8E,  20,    0,    0,    0,    0,    0,    0,    0,    0,    0,    0,    0,    0,    0, -999
19980919, 1200,  , LO, 21.9N, 138.0E,  25,    0,    0,    0,    0,    0,    0,    0,    0,    0,    0,    0,    0,    0, -999
19980919, 1800,  , LO, 22.9N, 138.1E,  25,    0,    0,    0,    0,    0,    0,    0,    0,    0,    0,    0,    0,    0, -999
19980920, 0000,  , LO, 23.9N, 137.9E,  30,    0,    0,    0,    0,    0,    0,    0,    0,    0,    0,    0,    0,    0, -999
19980920, 0600,  , TS, 24.8N, 137.3E,  35,    0,    0,    0,    0,    0,    0,    0,    0,    0,    0,    0,    0,    0, -999
19980920, 1200,  , TS, 26.2N, 136.8E,  35,    0,    0,    0,    0,    0,    0,    0,    0,    0,    0,    0,    0,    0, -999
19980920, 1800,  , TS, 27.9N, 136.4E,  40,    0,    0,    0,    0,    0,    0,    0,    0,    0,    0,    0,    0,    0, -999
19980921, 0000,  , TS, 30.1N, 136.0E,  40,    0,    0,    0,    0,    0,    0,    0,    0,    0,    0,    0,    0,    0, -999
19980921, 0600,  , TS, 32.7N, 136.0E,  45,    0,    0,    0,    0,    0,    0,    0,    0,    0,    0,    0,    0,    0, -999
19980921, 1200,  , TS, 35.4N, 136.4E,  35,    0,    0,    0,    0,    0,    0,    0,    0,    0,    0,    0,    0,    0, -999
19980921, 1800,  , LO, 38.0N, 137.2E,  30,    0,    0,    0,    0,    0,    0,    0,    0,    0,    0,    0,    0,    0, -999
