WP132008,               NURI,     29,
20080816, 0000,  , DB, 13.2N, 146.8E,  15, 1010,    0,    0,    0,    0,    0,    0,    0,    0,    0,    0,    0,    0, -999
20080816, 0600,  , DB, 13.2N, 145.2E,  15, 1010,    0,    0,    0,    0,    0,    0,    0,    0,    0,    0,    0,    0, -999
20080816, 1200,  , DB, 13.6N, 143.5E,  20, 1007,    0,    0,    0,    0,    0,    0,    0,    0,    0,    0,    0,    0, -999
20080816, 1800,  , TD, 14.2N, 141.9E,  25, 1004,    0,    0,    0,    0,    0,    0,    0,    0,    0,    0,    0,    0, -999
20080817, 0000,  , TD, 14.8N, 140.2E,  25, 1004,    0,    0,    0,    0,    0,    0,    0,    0,    0,    0,    0,    0, -999
20080817, 0600,  , TD, 16.0N, 138.4E,  30, 1000,    0,    0,    0,    0,    0,    0,    0,    0,    0,    0,    0,    0, -999
20080817, 1200,  , TS, 16.1N, 136.7E,  35,  996,    0,    0,    0,    0,    0,    0,    0,    0,    0,    0,    0,    0, -999
20080817, 1800,  , TS, 16.0N, 135.0E,  40,  993,   35,   35,   35,   35,    0,    0,    0,    0,    0,    0,    0,    0, -999
20080818, 0000,  , TS, 15.9N, 133.4E,  50,  985,   50,   50,   50,   50,   20,   20,   20,   20,    0,    0,    0,    0, -999
20080818, 0600,  , TS, 16.1N, 131.4E,  55,  982,   50,   50,   50,   50,   20,   20,   20,   20,    0,    0,    0,    0, -999
20080818, 1200,  , HU, 16.5N, 129.8E,  65,  974,   55,   50,   50,   55,   25,   20,   20,   25,    0,    0,    0,    0, -999
20080818, 1800,  , HU, 16.9N, 128.3E,  70,  970,   65,   60,   60,   65,   30,   30,   30,   30,   20,   20,   20,   20, -999
20080819, 0000,  , HU, 17.1N, 126.8E,  75,  967,   90,   85,   85,   90,   40,   40,   40,   40,   25,   25,   25,   25, -999
20080819, 0600,  , HU, 17.7N, 125.4E,  90,  956,  100,   95,   95,  100,   45,   45,   45,   45,   25,   25,   25,   25, -999
20080819, 1200,  , HU, 18.2N, 124.3E,  90,  956,  100,   95,   95,  100,   45,   45,   45,   45,   25,   25,   25,   25, -999
20080819, 1800,  , HU, 18.4N, 123.0E,  95,  952,  105,   95,   95,  105,   50,   50,   50,   50,   30,   30,   30,   30, -999
20080820, 0000,  , HU, 18.7N, 122.0E, 100,  948,  105,   95,   95,  105,   50,   50,   50,   50,   30,   30,   30,   30, -999
20080820, 0600,  , HU, 18.9N, 121.0E,  95,  952,  120,  110,  105,   95,   65,   55,   55,   50,   35,   30,   30,   35, -999
20080820, 1200,  , HU, 19.6N, 120.4E,  90,  956,  110,  135,  135,  110,   80,   75,   80,   75,   45,   45,   45,   45, -999
20080820, 1800,  , HU, 19.8N, 118.9E,  80,  963,  110,  135,  135,  110,   80,   75,   80,   75,   45,   45,   45,   45, -999
20080821, 0000,  , HU, 20.1N, 118.0E,  75,  967,  110,  135,  135,  110,   75,   75,   80,   75,   45,   45,   45,   45, -999
20080821, 0600,  , HU, 20.4N, 117.3E,  70,  970,  135,  135,  125,  110,   65,   65,   50,   50,   35,   35,   20,   25, -999
20080821, 1200,  , HU, 20.7N, 116.6E,  65,  974,  135,  135,  125,  110,   65,   65,   50,   50,    0,    0,    0,    0, -999
20080821, 1800,  , HU, 21.1N, 115.9E,  65,  974,  135,  135,  125,  110,   65,   65,   50,   50,    0,    0,    0,    0, -999
20080822, 0000,  , TS, 21.5N, 115.2E,  55,  982,  135,  135,  125,  110,   65,   65,   50,   50,    0,    0,    0,    0, -999
20080822, 0600,  , TS, 22.0N, 114.5E,  50,  985,   55,   55,   55,   55,    0,    0,    0,    0,    0,    0,    0,    0, -999
20080822, 1200,  , TS, 22.5N, 113.9E,  40,  993,   55,   55,   55,   55,    0,    0,    0,    0,    0,    0,    0,    0, -999
20080822, 1800,  , TD, 22.8N, 113.3E,  30, 1000,    0,    0,    0,    0,    0,    0,    0,    0,    0,    0,    0,    0, -999
20080823, 0000,  , DB, 23.0N, 112.7E,  20, 1007,    0,    0,    0,    0,    0,    0,    0,    0,    0,    0,    0,    0, -999
