WP132016,            KOMPASU,     11,
20160819, 0000,  , DB, 25.5N, 152.6E,  20,  996,    0,    0,    0,    0,    0,    0,    0,    0,    0,    0,    0,    0, -999
20160819, 0600,  , DB, 27.2N, 152.0E,  20,  997,    0,    0,    0,    0,    0,    0,    0,    0,    0,    0,    0,    0, -999
20160819, 1200,  , TD, 28.9N, 150.9E,  25, 1004,    0,    0,    0,    0,    0,    0,    0,    0,    0,    0,    0,    0, -999
20160819, 1800,  , TD, 30.8N, 149.1E,  30, 1000,    0,    0,    0,    0,    0,    0,    0,    0,    0,    0,    0,    0, -999
20160820, 0000,  , TD, 32.6N, 147.2E,  30, 1000,    0,    0,    0,    0,    0,    0,    0,    0,    0,    0,    0,    0, -999
20160820, 0600,  , TS, 34.5N, 145.3E,  35,  996,   80,   50,   50,  100,    0,    0,    0,    0,    0,    0,    0,    0, -999
20160820, 1200,  , TS, 36.2N, 143.6E,  35,  996,   60,   50,   60,   60,    0,    0,    0,    0,    0,    0,    0,    0, -999
20160820, 1800,  , TS, 37.8N, 142.3E,  35,  996,   60,   60,   60,   60,    0,    0,    0,    0,    0,    0,    0,    0, -999
20160821, 0000,  , TS, 38.9N, 142.6E,  35,  996,   60,   60,   50,   50,    0,    0,    0,    0,    0,    0,    0,    0, -999
20160821, 0600,  , TD, 40.9N, 143.0E,  30, 1000,    0,    0,    0,    0,    0,    0,    0,    0,    0,    0,    0,    0, -999
20160821, 1200,  , EX, 42.4N, 143.8E,  25, 1004,    0,    0,    0,    0,    0,    0,    0,    0,    0,    0,    0,    0, -999
