WP131952,            UNNAMED,     33,
19520913, 1200,  , LO, 18.0N, 178.0E,  30,    0,    0,    0,    0,    0,    0,    0,    0,    0,    0,    0,    0,    0, -999
19520913, 1800,  , LO, 18.2N, 177.1E,  30,    0,    0,    0,    0,    0,    0,    0,    0,    0,    0,    0,    0,    0, -999
19520914, 0000,  , TS, 18.2N, 176.2E,  35,    0,    0,    0,    0,    0,    0,    0,    0,    0,    0,    0,    0,    0, -999
19520914, 0600,  , TS, 18.2N, 175.1E,  35,    0,    0,    0,    0,    0,    0,    0,    0,    0,    0,    0,    0,    0, -999
19520914, 1200,  , TS, 18.3N, 174.0E,  40,    0,    0,    0,    0,    0,    0,    0,    0,    0,    0,    0,    0,    0, -999
19520914, 1800,  , TS, 18.3N, 173.0E,  45,    0,    0,    0,    0,    0,    0,    0,    0,    0,    0,    0,    0,    0, -999
19520915, 0000,  , TS, 18.7N, 171.8E,  45,    0,    0,    0,    0,    0,    0,    0,    0,    0,    0,    0,    0,    0, -999
19520915, 0600,  , TS, 18.9N, 170.7E,  50,    0,    0,    0,    0,    0,    0,    0,    0,    0,    0,    0,    0,    0, -999
19520915, 1200,  , TS, 19.2N, 169.5E,  55,    0,    0,    0,    0,    0,    0,    0,    0,    0,    0,    0,    0,    0, -999
19520915, 1800,  , HU, 19.4N, 168.3E,  75,    0,    0,    0,    0,    0,    0,    0,    0,    0,    0,    0,    0,    0, -999
19520916, 0000,  , HU, 19.7N, 167.2E,  95,    0,    0,    0,    0,    0,    0,    0,    0,    0,    0,    0,    0,    0, -999
19520916, 0600,  , HU, 19.9N, 166.0E, 110,    0,    0,    0,    0,    0,    0,    0,    0,    0,    0,    0,    0,    0, -999
19520916, 1200,  , HU, 20.1N, 164.9E, 120,    0,    0,    0,    0,    0,    0,    0,    0,    0,    0,    0,    0,    0, -999
19520916, 1800,  , HU, 20.8N, 163.4E, 130,    0,    0,    0,    0,    0,    0,    0,    0,    0,    0,    0,    0,    0, -999
19520917, 0000,  , HU, 21.6N, 161.9E, 140,    0,    0,    0,    0,    0,    0,    0,    0,    0,    0,    0,    0,    0, -999
19520917, 0600,  , HU, 22.7N, 160.3E, 150,    0,    0,    0,    0,    0,    0,    0,    0,    0,    0,    0,    0,    0, -999
19520917, 1200,  , HU, 23.7N, 158.9E, 150,    0,    0,    0,    0,    0,    0,    0,    0,    0,    0,    0,    0,    0, -999
19520917, 1800,  , HU, 24.6N, 157.8E, 160,    0,    0,    0,    0,    0,    0,    0,    0,    0,    0,    0,    0,    0, -999
19520918, 0000,  , HU, 25.4N, 156.9E, 160,    0,    0,    0,    0,    0,    0,    0,    0,    0,    0,    0,    0,    0, -999
19520918, 0600,  , HU, 26.7N, 155.9E, 140,    0,    0,    0,    0,    0,    0,    0,    0,    0,    0,    0,    0,    0, -999
19520918, 1200,  , HU, 28.2N, 155.3E, 120,    0,    0,    0,    0,    0,    0,    0,    0,    0,    0,    0,    0,    0, -999
19520918, 1800,  , HU, 30.3N, 155.3E, 100,    0,    0,    0,    0,    0,    0,    0,    0,    0,    0,    0,    0,    0, -999
19520919, 0000,  , HU, 32.2N, 156.5E,  90,    0,    0,    0,    0,    0,    0,    0,    0,    0,    0,    0,    0,    0, -999
19520919, 0600,  , HU, 34.1N, 157.9E,  75,    0,    0,    0,    0,    0,    0,    0,    0,    0,    0,    0,    0,    0, -999
19520919, 1200,  , HU, 35.9N, 160.1E,  65,    0,    0,    0,    0,    0,    0,    0,    0,    0,    0,    0,    0,    0, -999
19520919, 1800,  , TS, 38.1N, 163.1E,  55,    0,    0,    0,    0,    0,    0,    0,    0,    0,    0,    0,    0,    0, -999
19520920, 0000,  , TS, 40.6N, 168.1E,  50,    0,    0,    0,    0,    0,    0,    0,    0,    0,    0,    0,    0,    0, -999
19520920, 0600,  , TS, 42.5N, 172.5E,  50,    0,    0,    0,    0,    0,    0,    0,    0,    0,    0,    0,    0,    0, -999
19520920, 1200,  , TS, 44.5N, 174.0E,  45,    0,    0,    0,    0,    0,    0,    0,    0,    0,    0,    0,    0,    0, -999
19520920, 1800,  , TS, 45.8N, 177.0E,  40,    0,    0,    0,    0,    0,    0,    0,    0,    0,    0,    0,    0,    0, -999
19520921, 0000,  , TS, 47.0N, 178.5W,  50,    0,    0,    0,    0,    0,    0,    0,    0,    0,    0,    0,    0,    0, -999
19520921, 0600,  , TS, 47.5N, 174.5W,  55,    0,    0,    0,    0,    0,    0,    0,    0,    0,    0,    0,    0,    0, -999
19520921, 1200,  , TS, 48.0N, 172.0W,  50,    0,    0,    0,    0,    0,    0,    0,    0,    0,    0,    0,    0,    0, -999
