WP142009,            MUJIGAE,     17,
20090908, 0600,  , DB, 16.3N, 118.0E,  20, 1007,    0,    0,    0,    0,    0,    0,    0,    0,    0,    0,    0,    0, -999
20090908, 1200,  , DB, 16.2N, 118.4E,  20, 1007,    0,    0,    0,    0,    0,    0,    0,    0,    0,    0,    0,    0, -999
20090908, 1800,  , TD, 16.4N, 118.9E,  25, 1004,    0,    0,    0,    0,    0,    0,    0,    0,    0,    0,    0,    0, -999
20090909, 0000,  , TD, 17.1N, 119.0E,  25, 1004,    0,    0,    0,    0,    0,    0,    0,    0,    0,    0,    0,    0, -999
20090909, 0600,  , TD, 17.9N, 118.5E,  25,  999,    0,    0,    0,    0,    0,    0,    0,    0,    0,    0,    0,    0, -999
20090909, 1200,  , TD, 18.3N, 117.5E,  30,  998,    0,    0,    0,    0,    0,    0,    0,    0,    0,    0,    0,    0, -999
20090909, 1800,  , TD, 18.7N, 116.1E,  30, 1000,    0,    0,    0,    0,    0,    0,    0,    0,    0,    0,    0,    0, -999
20090910, 0000,  , TD, 19.1N, 114.9E,  30, 1000,    0,    0,    0,    0,    0,    0,    0,    0,    0,    0,    0,    0, -999
20090910, 0600,  , TD, 19.3N, 113.7E,  30, 1000,    0,    0,    0,    0,    0,    0,    0,    0,    0,    0,    0,    0, -999
20090910, 1200,  , TD, 19.5N, 112.7E,  30,  998,    0,    0,    0,    0,    0,    0,    0,    0,    0,    0,    0,    0, -999
20090910, 1800,  , TD, 19.5N, 111.4E,  30, 1000,    0,    0,    0,    0,    0,    0,    0,    0,    0,    0,    0,    0, -999
20090911, 0000,  , TD, 19.7N, 110.0E,  30, 1000,    0,    0,    0,    0,    0,    0,    0,    0,    0,    0,    0,    0, -999
20090911, 0600,  , TD, 19.9N, 108.5E,  30, 1000,    0,    0,    0,    0,    0,    0,    0,    0,    0,    0,    0,    0, -999
20090911, 1200,  , TD, 19.8N, 107.8E,  30, 1000,    0,    0,    0,    0,    0,    0,    0,    0,    0,    0,    0,    0, -999
20090911, 1800,  , TD, 19.8N, 106.9E,  25, 1004,    0,    0,    0,    0,    0,    0,    0,    0,    0,    0,    0,    0, -999
20090912, 0000,  , TD, 19.8N, 106.3E,  25, 1004,    0,    0,    0,    0,    0,    0,    0,    0,    0,    0,    0,    0, -999
20090912, 0600,  , TD, 20.1N, 105.8E,  25, 1004,    0,    0,    0,    0,    0,    0,    0,    0,    0,    0,    0,    0, -999
