WP142012,            KAI-TAK,     27,
20120811, 1200,  , TD, 16.2N, 133.3E,  15, 1010,    0,    0,    0,    0,    0,    0,    0,    0,    0,    0,    0,    0, -999
20120811, 1800,  , TD, 16.3N, 132.8E,  15, 1010,    0,    0,    0,    0,    0,    0,    0,    0,    0,    0,    0,    0, -999
20120812, 0000,  , TD, 16.5N, 132.3E,  15, 1010,    0,    0,    0,    0,    0,    0,    0,    0,    0,    0,    0,    0, -999
20120812, 0600,  , DB, 16.6N, 131.5E,  15, 1010,    0,    0,    0,    0,    0,    0,    0,    0,    0,    0,    0,    0, -999
20120812, 1200,  , DB, 16.8N, 130.6E,  20, 1007,    0,    0,    0,    0,    0,    0,    0,    0,    0,    0,    0,    0, -999
20120812, 1800,  , TD, 16.9N, 129.6E,  25, 1004,    0,    0,    0,    0,    0,    0,    0,    0,    0,    0,    0,    0, -999
20120813, 0000,  , TD, 16.5N, 129.0E,  25, 1004,    0,    0,    0,    0,    0,    0,    0,    0,    0,    0,    0,    0, -999
20120813, 0600,  , TS, 16.6N, 128.1E,  35,  996,    0,    0,    0,    0,    0,    0,    0,    0,    0,    0,    0,    0, -999
20120813, 1200,  , TS, 17.0N, 127.0E,  35,  996,   20,   20,   25,   25,    0,    0,    0,    0,    0,    0,    0,    0, -999
20120813, 1800,  , TS, 17.6N, 126.2E,  40,  993,   30,   60,   60,   45,    0,    0,    0,    0,    0,    0,    0,    0, -999
20120814, 0000,  , TS, 18.2N, 125.7E,  40,  993,   60,   60,   60,   60,    0,    0,    0,    0,    0,    0,    0,    0, -999
20120814, 0600,  , TS, 17.7N, 124.7E,  40,  993,   85,   65,   60,   85,    0,    0,    0,    0,    0,    0,    0,    0, -999
20120814, 1200,  , TS, 17.1N, 123.3E,  50,  985,   70,   60,   50,   70,    0,    0,    0,    0,    0,    0,    0,    0, -999
20120814, 1800,  , TS, 17.3N, 122.7E,  55,  982,   70,   60,   50,   70,   20,   15,   15,   20,    0,    0,    0,    0, -999
20120815, 0000,  , TS, 18.2N, 122.0E,  55,  982,   80,   70,   55,   70,   35,   20,   20,   35,    0,    0,    0,    0, -999
20120815, 0600,  , TS, 18.8N, 120.6E,  55,  982,   80,   70,   55,   70,   35,   20,   20,   35,    0,    0,    0,    0, -999
20120815, 1200,  , TS, 18.7N, 119.3E,  55,  982,   80,   70,   55,   70,   35,   20,   20,   35,    0,    0,    0,    0, -999
20120815, 1800,  , TS, 18.8N, 118.0E,  60,  978,   85,   70,   90,   90,   35,   30,   40,   40,    0,    0,    0,    0, -999
20120816, 0000,  , HU, 19.2N, 117.1E,  65,  974,   90,   75,   95,   95,   35,   30,   40,   40,   20,   20,   20,   20, -999
20120816, 0600,  , HU, 19.3N, 115.6E,  65,  974,   90,   80,   80,   90,   45,   40,   40,   45,    0,    0,    0,    0, -999
20120816, 1200,  , HU, 19.8N, 114.2E,  65,  974,   90,   80,   80,   90,   45,   40,   40,   45,    0,    0,    0,    0, -999
20120816, 1800,  , HU, 20.2N, 112.8E,  65,  974,   90,   80,   80,   90,   45,   40,   40,   45,    0,    0,    0,    0, -999
20120817, 0000,  , HU, 20.7N, 111.3E,  65,  974,   80,   70,   70,   90,   45,   40,   40,   45,   25,   25,   25,   25, -999
20120817, 0600,  , HU, 21.2N, 109.8E,  65,  974,   80,   70,   70,   80,   45,   40,   40,   45,    0,    0,    0,    0, -999
20120817, 1200,  , TS, 21.4N, 107.7E,  60,  978,   80,   70,   70,   80,   45,   40,   40,   45,    0,    0,    0,    0, -999
20120817, 1800,  , TS, 21.4N, 106.1E,  50,  985,   80,   70,   70,   80,   45,   40,   40,   45,    0,    0,    0,    0, -999
20120818, 0000,  , TS, 21.6N, 105.3E,  35,  996,   80,   70,   70,   80,    0,    0,    0,    0,    0,    0,    0,    0, -999
