WP142020,            DOLPHIN,     21,
20200919, 0600,  , DB, 21.4N, 135.6E,  15, 1012,    0,    0,    0,    0,    0,    0,    0,    0,    0,    0,    0,    0, -999
20200919, 1200,  , DB, 21.7N, 135.1E,  20, 1011,    0,    0,    0,    0,    0,    0,    0,    0,    0,    0,    0,    0, -999
20200919, 1800,  , DB, 22.3N, 134.8E,  20, 1010,    0,    0,    0,    0,    0,    0,    0,    0,    0,    0,    0,    0, -999
20200920, 0000,  , DB, 23.1N, 133.9E,  20, 1009,    0,    0,    0,    0,    0,    0,    0,    0,    0,    0,    0,    0, -999
20200920, 0600,  , DB, 23.7N, 133.8E,  20, 1008,    0,    0,    0,    0,    0,    0,    0,    0,    0,    0,    0,    0, -999
20200920, 1200,  , TD, 24.1N, 134.0E,  30, 1004,    0,    0,    0,    0,    0,    0,    0,    0,    0,    0,    0,    0, -999
20200920, 1800,  , TS, 24.5N, 134.3E,  35,  997,   40,   60,   20,   30,    0,    0,    0,    0,    0,    0,    0,    0, -999
20200921, 0000,  , TS, 25.0N, 134.7E,  45,  993,   50,   80,   25,   35,    0,    0,    0,    0,    0,    0,    0,    0, -999
20200921, 0600,  , TS, 25.4N, 134.9E,  45,  993,   65,   75,   25,   45,    0,    0,    0,    0,    0,    0,    0,    0, -999
20200921, 1200,  , TS, 25.7N, 135.0E,  45,  994,   80,   65,   25,   60,    0,    0,    0,    0,    0,    0,    0,    0, -999
20200921, 1800,  , TS, 26.2N, 135.1E,  50,  988,   85,   70,   40,   65,    0,    0,    0,    0,    0,    0,    0,    0, -999
20200922, 0000,  , TS, 27.1N, 135.4E,  50,  989,   95,   75,   50,   75,   25,   15,    0,    0,    0,    0,    0,    0, -999
20200922, 0600,  , TS, 28.1N, 135.6E,  55,  984,  110,  100,   90,   45,   45,   20,    0,    0,    0,    0,    0,    0, -999
20200922, 1200,  , TS, 29.3N, 136.1E,  55,  983,   80,   65,   25,   60,   20,   20,   15,   35,    0,    0,    0,    0, -999
20200922, 1800,  , TS, 30.1N, 136.5E,  50,  988,  130,   90,   80,  120,   25,   30,   25,   35,    0,    0,    0,    0, -999
20200923, 0000,  , TS, 31.1N, 137.7E,  45,  989,  155,   95,   75,  150,    0,    0,    0,    0,    0,    0,    0,    0, -999
20200923, 0600,  , TS, 32.2N, 139.3E,  50,  986,  160,  100,   85,  190,   45,   40,   35,   65,    0,    0,    0,    0, -999
20200923, 1200,  , XX, 32.7N, 141.3E,  55,  983,  175,  115,  100,  135,   50,   55,   50,   65,    0,    0,    0,    0, -999
20200923, 1800,  , XX, 32.8N, 141.6E,  45,  987,  165,  130,  115,  170,    0,    0,    0,    0,    0,    0,    0,    0, -999
20200924, 0000,  , XX, 32.9N, 141.8E,  40,  990,  125,  105,  100,  100,    0,    0,    0,    0,    0,    0,    0,    0, -999
20200924, 0600,  , XX, 32.6N, 142.4E,  35,  990,  110,  105,   95,  145,    0,    0,    0,    0,    0,    0,    0,    0, -999
