WP141953,            UNNAMED,     22,
19530915, 0600,  , LO, 19.7N, 119.5E,  25,    0,    0,    0,    0,    0,    0,    0,    0,    0,    0,    0,    0,    0, -999
19530915, 1200,  , LO, 19.7N, 119.0E,  30,    0,    0,    0,    0,    0,    0,    0,    0,    0,    0,    0,    0,    0, -999
19530915, 1800,  , LO, 20.0N, 118.4E,  30,    0,    0,    0,    0,    0,    0,    0,    0,    0,    0,    0,    0,    0, -999
19530916, 0000,  , HU, 20.0N, 117.9E,  80,    0,    0,    0,    0,    0,    0,    0,    0,    0,    0,    0,    0,    0, -999
19530916, 0600,  , HU, 20.1N, 117.5E,  90,    0,    0,    0,    0,    0,    0,    0,    0,    0,    0,    0,    0,    0, -999
19530916, 1200,  , HU, 20.1N, 117.2E, 100,    0,    0,    0,    0,    0,    0,    0,    0,    0,    0,    0,    0,    0, -999
19530916, 1800,  , HU, 20.3N, 116.8E, 100,    0,    0,    0,    0,    0,    0,    0,    0,    0,    0,    0,    0,    0, -999
19530917, 0000,  , HU, 20.4N, 116.5E, 100,    0,    0,    0,    0,    0,    0,    0,    0,    0,    0,    0,    0,    0, -999
19530917, 0600,  , HU, 20.6N, 116.3E, 100,    0,    0,    0,    0,    0,    0,    0,    0,    0,    0,    0,    0,    0, -999
19530917, 1200,  , HU, 20.8N, 115.8E, 100,    0,    0,    0,    0,    0,    0,    0,    0,    0,    0,    0,    0,    0, -999
19530917, 1800,  , HU, 21.0N, 115.3E, 100,    0,    0,    0,    0,    0,    0,    0,    0,    0,    0,    0,    0,    0, -999
19530918, 0000,  , HU, 21.3N, 115.0E, 100,    0,    0,    0,    0,    0,    0,    0,    0,    0,    0,    0,    0,    0, -999
19530918, 0600,  , HU, 21.4N, 114.5E, 110,    0,    0,    0,    0,    0,    0,    0,    0,    0,    0,    0,    0,    0, -999
19530918, 1200,  , HU, 21.7N, 113.8E, 110,    0,    0,    0,    0,    0,    0,    0,    0,    0,    0,    0,    0,    0, -999
19530918, 1800,  , HU, 21.8N, 112.9E, 110,    0,    0,    0,    0,    0,    0,    0,    0,    0,    0,    0,    0,    0, -999
19530919, 0000,  , HU, 21.5N, 112.2E,  90,    0,    0,    0,    0,    0,    0,    0,    0,    0,    0,    0,    0,    0, -999
19530919, 0600,  , HU, 21.2N, 111.6E,  80,    0,    0,    0,    0,    0,    0,    0,    0,    0,    0,    0,    0,    0, -999
19530919, 1200,  , TS, 21.0N, 110.5E,  60,    0,    0,    0,    0,    0,    0,    0,    0,    0,    0,    0,    0,    0, -999
19530919, 1800,  , TS, 21.5N, 109.5E,  50,    0,    0,    0,    0,    0,    0,    0,    0,    0,    0,    0,    0,    0, -999
19530920, 0000,  , TS, 21.8N, 109.0E,  40,    0,    0,    0,    0,    0,    0,    0,    0,    0,    0,    0,    0,    0, -999
19530920, 0600,  , LO, 22.0N, 108.5E,  30,    0,    0,    0,    0,    0,    0,    0,    0,    0,    0,    0,    0,    0, -999
19530920, 1200,  , LO, 22.0N, 108.0E,  25,    0,    0,    0,    0,    0,    0,    0,    0,    0,    0,    0,    0,    0, -999
