WP142004,            UNNAMED,     27,
20040802, 1800,  , DB, 15.8N, 165.8E,  20, 1004,    0,    0,    0,    0,    0,    0,    0,    0,    0,    0,    0,    0, -999
20040803, 0000,  , TD, 16.7N, 166.1E,  25, 1002,    0,    0,    0,    0,    0,    0,    0,    0,    0,    0,    0,    0, -999
20040803, 0600,  , TD, 17.6N, 166.4E,  25, 1002,    0,    0,    0,    0,    0,    0,    0,    0,    0,    0,    0,    0, -999
20040803, 1200,  , TD, 18.5N, 166.5E,  25, 1002,    0,    0,    0,    0,    0,    0,    0,    0,    0,    0,    0,    0, -999
20040803, 1800,  , TD, 19.4N, 166.2E,  30, 1000,    0,    0,    0,    0,    0,    0,    0,    0,    0,    0,    0,    0, -999
20040804, 0000,  , TS, 20.6N, 166.0E,  35,  997,    0,    0,    0,    0,    0,    0,    0,    0,    0,    0,    0,    0, -999
20040804, 0600,  , TS, 21.9N, 165.8E,  35,  997,    0,    0,    0,    0,    0,    0,    0,    0,    0,    0,    0,    0, -999
20040804, 1200,  , TS, 23.2N, 165.5E,  35,  997,    0,    0,    0,    0,    0,    0,    0,    0,    0,    0,    0,    0, -999
20040804, 1800,  , TS, 24.4N, 165.5E,  35,  997,    0,    0,    0,    0,    0,    0,    0,    0,    0,    0,    0,    0, -999
20040805, 0000,  , TS, 25.5N, 165.8E,  45,  991,   50,   50,   50,   50,    0,    0,    0,    0,    0,    0,    0,    0, -999
20040805, 0600,  , TS, 26.3N, 166.3E,  55,  984,   60,   50,   50,   60,   15,   15,   15,   15,    0,    0,    0,    0, -999
20040805, 1200,  , HU, 27.1N, 166.8E,  70,  972,   70,   55,   55,   70,   20,   15,   20,   15,   15,   10,   15,   10, -999
20040805, 1800,  , HU, 27.9N, 167.5E,  90,  954,   90,   80,   80,   90,   30,   30,   30,   30,   20,   20,   20,   20, -999
20040806, 0000,  , HU, 28.7N, 168.1E,  90,  954,  100,  100,   75,  100,   40,   40,   40,   40,   20,   20,   20,   20, -999
20040806, 0600,  , HU, 29.5N, 168.8E,  90,  954,  100,  100,   75,  100,   40,   40,   40,   40,   20,   20,   20,   20, -999
20040806, 1200,  , HU, 30.3N, 169.5E,  90,  954,  100,  100,   75,  100,   40,   40,   40,   40,   20,   20,   20,   20, -999
20040806, 1800,  , HU, 31.2N, 170.2E,  65,  976,  100,  100,   70,   70,   35,   35,   35,   35,    0,    0,    0,    0, -999
20040807, 0000,  , TS, 32.1N, 171.0E,  60,  980,  100,  100,   70,   70,   25,   25,   25,   25,    0,    0,    0,    0, -999
20040807, 0600,  , TS, 32.9N, 171.7E,  55,  984,   80,   80,   60,   60,   15,   15,   15,   15,    0,    0,    0,    0, -999
20040807, 1200,  , TS, 34.0N, 172.0E,  55,  984,  100,   80,   80,   80,    0,    0,    0,    0,    0,    0,    0,    0, -999
20040807, 1800,  , TS, 34.9N, 171.4E,  45,  991,  100,   80,   80,   80,    0,    0,    0,    0,    0,    0,    0,    0, -999
20040808, 0000,  , TS, 35.9N, 171.6E,  45,  991,  100,   80,   80,   80,    0,    0,    0,    0,    0,    0,    0,    0, -999
20040808, 0600,  , TS, 37.1N, 171.7E,  35,  997,   60,   80,   60,   60,    0,    0,    0,    0,    0,    0,    0,    0, -999
20040808, 1200,  , TS, 37.8N, 172.1E,  35,  997,   60,   80,   60,   60,    0,    0,    0,    0,    0,    0,    0,    0, -999
20040808, 1800,  , TD, 38.4N, 172.7E,  25, 1002,    0,    0,    0,    0,    0,    0,    0,    0,    0,    0,    0,    0, -999
20040809, 0000,  , TD, 39.2N, 172.6E,  25, 1002,    0,    0,    0,    0,    0,    0,    0,    0,    0,    0,    0,    0, -999
20040809, 0600,  , DB, 40.0N, 172.6E,  20, 1004,    0,    0,    0,    0,    0,    0,    0,    0,    0,    0,    0,    0, -999
