WP152019,           LINGLING,     34,
20190830, 1200,  , DB,  6.4N, 136.0E,  15, 1010,    0,    0,    0,    0,    0,    0,    0,    0,    0,    0,    0,    0, -999
20190830, 1800,  , DB,  6.4N, 134.7E,  15, 1010,    0,    0,    0,    0,    0,    0,    0,    0,    0,    0,    0,    0, -999
20190831, 0000,  , DB,  6.5N, 133.6E,  15, 1010,    0,    0,    0,    0,    0,    0,    0,    0,    0,    0,    0,    0, -999
20190831, 0600,  , DB,  7.0N, 132.7E,  15, 1004,    0,    0,    0,    0,    0,    0,    0,    0,    0,    0,    0,    0, -999
20190831, 1200,  , DB,  7.8N, 131.7E,  20, 1005,    0,    0,    0,    0,    0,    0,    0,    0,    0,    0,    0,    0, -999
20190831, 1800,  , DB,  9.2N, 130.4E,  20, 1004,    0,    0,    0,    0,    0,    0,    0,    0,    0,    0,    0,    0, -999
20190901, 0000,  , DB, 10.5N, 129.2E,  20, 1004,    0,    0,    0,    0,    0,    0,    0,    0,    0,    0,    0,    0, -999
20190901, 0600,  , DB, 11.7N, 128.3E,  20, 1004,    0,    0,    0,    0,    0,    0,    0,    0,    0,    0,    0,    0, -999
20190901, 1200,  , TD, 13.2N, 127.4E,  25, 1007,    0,    0,    0,    0,    0,    0,    0,    0,    0,    0,    0,    0, -999
20190901, 1800,  , TD, 14.4N, 126.3E,  25, 1005,    0,    0,    0,    0,    0,    0,    0,    0,    0,    0,    0,    0, -999
20190902, 0000,  , TD, 15.8N, 125.4E,  30, 1005,    0,    0,    0,    0,    0,    0,    0,    0,    0,    0,    0,    0, -999
20190902, 0600,  , TS, 16.9N, 125.0E,  35, 1000,   60,   40,   20,   30,    0,    0,    0,    0,    0,    0,    0,    0, -999
20190902, 1200,  , TS, 18.0N, 124.4E,  40, 1001,   80,   70,   60,   60,    0,    0,    0,    0,    0,    0,    0,    0, -999
20190902, 1800,  , TS, 19.0N, 124.1E,  45,  998,   80,   70,   60,   60,    0,    0,    0,    0,    0,    0,    0,    0, -999
20190903, 0000,  , TS, 19.8N, 123.9E,  50,  994,   90,   80,   70,   70,   42,   36,   29,   29,    0,    0,    0,    0, -999
20190903, 0600,  , HU, 20.7N, 124.1E,  65,  983,   90,   80,   70,   70,   43,   37,   30,   30,   22,   18,   15,   15, -999
20190903, 1200,  , HU, 21.3N, 124.2E,  70,  979,  120,  120,   90,   90,   62,   62,   43,   43,   32,   32,   22,   22, -999
20190903, 1800,  , HU, 21.8N, 124.3E,  70,  979,  120,  120,  100,   90,   62,   62,   49,   43,   32,   32,   25,   22, -999
20190904, 0000,  , HU, 22.1N, 124.6E,  80,  971,  140,  120,  120,   90,   75,   63,   63,   44,   40,   33,   33,   22, -999
20190904, 0600,  , HU, 22.4N, 125.1E,  85,  965,  140,  120,  120,   90,   75,   63,   63,   44,   40,   33,   33,   23, -999
20190904, 1200,  , HU, 23.0N, 125.4E,  90,  961,  140,  130,  120,  110,   76,   69,   63,   57,   40,   37,   33,   30, -999
20190904, 1800,  , HU, 23.6N, 125.4E, 105,  947,  150,  150,  120,  120,   83,   83,   64,   64,   44,   44,   34,   34, -999
20190905, 0000,  , HU, 24.2N, 125.3E, 115,  930,  160,  160,  120,  120,   90,   90,   64,   64,   48,   48,   34,   34, -999
20190905, 0600,  , HU, 25.0N, 125.3E, 115,  934,  170,  160,  120,  120,   96,   90,   64,   64,   52,   48,   34,   34, -999
20190905, 1200,  , HU, 25.7N, 125.3E, 120,  931,  170,  160,  120,  130,   96,   90,   65,   71,   52,   49,   35,   38, -999
20190905, 1800,  , HU, 26.9N, 125.2E, 120,  928,  170,  160,  120,  140,   96,   90,   65,   77,   52,   49,   35,   42, -999
20190906, 0000,  , HU, 28.1N, 125.1E, 115,  935,  190,  160,  130,  150,  109,   90,   71,   83,   59,   48,   38,   45, -999
20190906, 0600,  , HU, 29.6N, 125.2E, 110,  936,  200,  170,  130,  170,  115,   96,   70,   96,   62,   52,   38,   52, -999
20190906, 1200,  , HU, 31.2N, 125.1E, 100,  944,  230,  180,  180,  180,  133,  101,  101,  101,   72,   55,   55,   55, -999
20190906, 1800,  , HU, 33.3N, 124.8E,  90,  951,  230,  200,  180,  180,  132,  113,  101,  101,   72,   61,   54,   54, -999
20190907, 0000,  , HU, 35.6N, 124.7E,  75,  962,  190,  190,  150,  170,  106,  106,   81,   94,   57,   57,   43,   50, -999
20190907, 0600,  , HU, 37.8N, 125.1E,  65,  969,  170,  170,  130,  140,   93,   93,   68,   74,   50,   50,   36,   39, -999
20190907, 1200,  , TS, 40.7N, 126.5E,  50,  977,  150,  120,   70,  100,   80,   61,   29,   48,    0,    0,    0,    0, -999
20190907, 1800,  , EX, 44.4N, 128.9E,  35,  992,   80,   70,   70,   70,    0,    0,    0,    0,    0,    0,    0,    0, -999
