WP151999,            UNNAMED,     18,
19990815, 1800,  , LO, 31.0N, 127.6E,  20,    0,    0,    0,    0,    0,    0,    0,    0,    0,    0,    0,    0,    0, -999
19990816, 0000,  , LO, 30.8N, 127.8E,  20,    0,    0,    0,    0,    0,    0,    0,    0,    0,    0,    0,    0,    0, -999
19990816, 0600,  , LO, 30.8N, 128.0E,  25,    0,    0,    0,    0,    0,    0,    0,    0,    0,    0,    0,    0,    0, -999
19990816, 1200,  , LO, 30.9N, 128.3E,  25,    0,    0,    0,    0,    0,    0,    0,    0,    0,    0,    0,    0,    0, -999
19990816, 1800,  , LO, 31.4N, 128.9E,  25,    0,    0,    0,    0,    0,    0,    0,    0,    0,    0,    0,    0,    0, -999
19990817, 0000,  , LO, 31.7N, 129.9E,  25,    0,    0,    0,    0,    0,    0,    0,    0,    0,    0,    0,    0,    0, -999
19990817, 0600,  , LO, 32.5N, 130.2E,  25,    0,    0,    0,    0,    0,    0,    0,    0,    0,    0,    0,    0,    0, -999
19990817, 1200,  , LO, 33.2N, 130.4E,  25,    0,    0,    0,    0,    0,    0,    0,    0,    0,    0,    0,    0,    0, -999
19990817, 1800,  , LO, 33.8N, 130.6E,  25,    0,    0,    0,    0,    0,    0,    0,    0,    0,    0,    0,    0,    0, -999
19990818, 0000,  , LO, 34.5N, 130.6E,  25,    0,    0,    0,    0,    0,    0,    0,    0,    0,    0,    0,    0,    0, -999
19990818, 0600,  , LO, 35.6N, 130.7E,  25,    0,    0,    0,    0,    0,    0,    0,    0,    0,    0,    0,    0,    0, -999
19990818, 1200,  , LO, 36.4N, 130.9E,  20,    0,    0,    0,    0,    0,    0,    0,    0,    0,    0,    0,    0,    0, -999
19990818, 1800,  , LO, 37.3N, 131.1E,  20,    0,    0,    0,    0,    0,    0,    0,    0,    0,    0,    0,    0,    0, -999
19990819, 0000,  , LO, 38.1N, 131.3E,  20,    0,    0,    0,    0,    0,    0,    0,    0,    0,    0,    0,    0,    0, -999
19990819, 0600,  , LO, 38.9N, 131.7E,  20,    0,    0,    0,    0,    0,    0,    0,    0,    0,    0,    0,    0,    0, -999
19990819, 1200,  , LO, 40.0N, 132.2E,  20,    0,    0,    0,    0,    0,    0,    0,    0,    0,    0,    0,    0,    0, -999
19990819, 1800,  , LO, 41.5N, 133.1E,  20,    0,    0,    0,    0,    0,    0,    0,    0,    0,    0,    0,    0,    0, -999
19990820, 0000,  , LO, 42.3N, 135.2E,  20,    0,    0,    0,    0,    0,    0,    0,    0,    0,    0,    0,    0,    0, -999
