WP152005,             KHANUN,     27,
20050905, 0600,  , TD,  8.2N, 140.7E,  25, 1002,    0,    0,    0,    0,    0,    0,    0,    0,    0,    0,    0,    0, -999
20050905, 1200,  , TD,  9.2N, 140.0E,  30, 1000,    0,    0,    0,    0,    0,    0,    0,    0,    0,    0,    0,    0, -999
20050905, 1800,  , TS, 10.0N, 139.1E,  35,  997,    0,    0,    0,    0,    0,    0,    0,    0,    0,    0,    0,    0, -999
20050906, 0000,  , TS, 10.6N, 137.8E,  35,  997,    0,    0,    0,    0,    0,    0,    0,    0,    0,    0,    0,    0, -999
20050906, 0600,  , TS, 10.9N, 136.4E,  35,  997,    0,    0,    0,    0,    0,    0,    0,    0,    0,    0,    0,    0, -999
20050906, 1200,  , TS, 12.2N, 136.4E,  40,  994,   50,   50,   50,   50,    0,    0,    0,    0,    0,    0,    0,    0, -999
20050906, 1800,  , TS, 13.0N, 135.5E,  45,  991,   50,   50,   50,   50,    0,    0,    0,    0,    0,    0,    0,    0, -999
20050907, 0000,  , TS, 13.3N, 134.3E,  45,  991,   50,   80,  100,   40,    0,    0,    0,    0,    0,    0,    0,    0, -999
20050907, 0600,  , TS, 13.0N, 133.5E,  55,  984,   50,   80,   80,   50,   25,   25,   25,   25,    0,    0,    0,    0, -999
20050907, 1200,  , TS, 14.0N, 133.5E,  55,  984,   80,   80,   90,   80,   30,   30,   30,   30,    0,    0,    0,    0, -999
20050907, 1800,  , TS, 14.7N, 132.9E,  60,  980,   80,   95,   95,   80,   30,   30,   30,   30,    0,    0,    0,    0, -999
20050908, 0000,  , HU, 15.5N, 132.4E,  65,  976,   80,  100,   90,   80,   30,   30,   30,   30,    0,    0,    0,    0, -999
20050908, 0600,  , HU, 16.5N, 132.1E,  65,  976,   75,   85,   90,   70,   25,   25,   25,   25,    0,    0,    0,    0, -999
20050908, 1200,  , HU, 17.3N, 131.5E,  65,  976,   90,   80,   60,   70,   30,   25,   25,   25,    0,    0,    0,    0, -999
20050908, 1800,  , HU, 18.2N, 131.0E,  70,  972,  110,   80,   75,  100,   40,   30,   30,   35,    0,    0,    0,    0, -999
20050909, 0000,  , HU, 19.2N, 130.4E,  75,  967,  110,   90,   90,  100,   40,   30,   30,   35,    0,    0,    0,    0, -999
20050909, 0600,  , HU, 20.4N, 129.6E,  80,  963,  100,  110,  100,  100,   35,   35,   35,   35,   15,   15,   15,   15, -999
20050909, 1200,  , HU, 21.4N, 128.6E,  90,  954,  100,  110,  120,  120,   35,   35,   40,   40,   20,   20,   20,   20, -999
20050909, 1800,  , HU, 22.3N, 127.4E,  90,  954,   90,  120,  105,  120,   35,   35,   40,   40,   20,   20,   20,   20, -999
20050910, 0000,  , HU, 23.2N, 126.2E,  95,  949,  120,   90,  105,  110,   35,   35,   40,   40,   20,   20,   20,   20, -999
20050910, 0600,  , HU, 24.2N, 125.2E, 105,  938,  105,   90,  100,  100,   35,   35,   35,   35,   20,   20,   20,   20, -999
20050910, 1200,  , HU, 25.2N, 124.4E, 110,  933,   85,   85,   85,   85,   35,   35,   35,   35,   20,   20,   20,   20, -999
20050910, 1800,  , HU, 26.1N, 123.5E, 115,  927,   85,   85,   85,   85,   35,   35,   35,   35,   20,   20,   20,   20, -999
20050911, 0000,  , HU, 27.2N, 122.7E, 110,  933,   85,   85,   85,   85,   35,   35,   35,   35,   20,   20,   20,   20, -999
20050911, 0600,  , HU, 28.3N, 121.9E, 105,  938,   80,   80,   80,   55,   30,   30,   30,   25,   15,   15,   15,   15, -999
20050911, 1200,  , HU, 29.3N, 121.1E,  80,  963,   60,   60,   60,   60,   25,   25,   25,   25,   10,   10,   10,   10, -999
20050911, 1800,  , HU, 30.7N, 120.3E,  65,  976,   60,   60,   60,   60,   25,   25,   25,   25,    0,    0,    0,    0, -999
