WP152014,           KALMAEGI,     30,
20140910, 1200,  , DB,  9.9N, 142.4E,  15, 1010,    0,    0,    0,    0,    0,    0,    0,    0,    0,    0,    0,    0, -999
20140910, 1800,  , DB, 10.4N, 141.0E,  20, 1007,    0,    0,    0,    0,    0,    0,    0,    0,    0,    0,    0,    0, -999
20140911, 0000,  , DB, 11.3N, 139.6E,  20, 1007,    0,    0,    0,    0,    0,    0,    0,    0,    0,    0,    0,    0, -999
20140911, 0600,  , TD, 12.8N, 138.2E,  25, 1004,    0,    0,    0,    0,    0,    0,    0,    0,    0,    0,    0,    0, -999
20140911, 1200,  , TD, 13.7N, 136.1E,  25, 1004,    0,    0,    0,    0,    0,    0,    0,    0,    0,    0,    0,    0, -999
20140911, 1800,  , TD, 13.9N, 133.9E,  30, 1000,    0,    0,    0,    0,    0,    0,    0,    0,    0,    0,    0,    0, -999
20140912, 0000,  , TD, 13.8N, 132.4E,  30, 1000,    0,    0,    0,    0,    0,    0,    0,    0,    0,    0,    0,    0, -999
20140912, 0600,  , TS, 13.7N, 131.2E,  35,  996,    0,    0,    0,    0,    0,    0,    0,    0,    0,    0,    0,    0, -999
20140912, 1200,  , TS, 13.5N, 130.4E,  40,  993,  100,  110,  110,  100,    0,    0,    0,    0,    0,    0,    0,    0, -999
20140912, 1800,  , TS, 13.8N, 129.6E,  50,  985,  100,  110,  110,  100,    0,    0,    0,    0,    0,    0,    0,    0, -999
20140913, 0000,  , TS, 14.1N, 128.7E,  55,  982,  100,  110,  110,  100,   35,   35,   35,   35,    0,    0,    0,    0, -999
20140913, 0600,  , TS, 14.6N, 127.7E,  60,  978,  100,  110,  110,  100,   35,   35,   35,   35,    0,    0,    0,    0, -999
20140913, 1200,  , HU, 15.2N, 126.7E,  65,  974,  100,  120,  120,  100,   45,   45,   45,   45,    0,    0,    0,    0, -999
20140913, 1800,  , HU, 15.9N, 125.8E,  65,  974,  110,  120,  120,  110,   45,   45,   45,   45,    0,    0,    0,    0, -999
20140914, 0000,  , HU, 16.5N, 124.5E,  70,  970,  110,  120,  120,  110,   45,   45,   45,   45,   25,   25,   25,   25, -999
20140914, 0600,  , HU, 17.1N, 123.3E,  70,  970,  110,  120,  120,  110,   45,   45,   45,   45,   25,   25,   25,   25, -999
20140914, 0900,  , HU, 17.6N, 122.3E,  75,  967,  110,  120,  120,  110,   45,   45,   45,   45,   25,   25,   25,   25, -999
20140914, 1200,  , HU, 17.9N, 121.3E,  70,  970,  110,  120,  120,  110,   45,   45,   45,   45,   25,   25,   25,   25, -999
20140914, 1800,  , HU, 18.0N, 119.3E,  65,  974,  110,  120,  120,  110,   45,   45,   45,   45,    0,    0,    0,    0, -999
20140915, 0000,  , HU, 18.0N, 117.9E,  65,  974,  120,  110,  110,  120,   55,   55,   55,   55,    0,    0,    0,    0, -999
20140915, 0600,  , HU, 18.4N, 115.8E,  65,  974,  120,  110,  110,  120,   55,   55,   55,   55,    0,    0,    0,    0, -999
20140915, 1200,  , HU, 18.9N, 114.0E,  70,  970,  155,  150,  140,  150,   65,   60,   55,   55,   25,   25,   25,   25, -999
20140915, 1800,  , HU, 19.6N, 113.0E,  70,  970,  155,  150,  140,  150,   65,   60,   55,   55,   25,   25,   25,   25, -999
20140916, 0000,  , HU, 20.2N, 111.5E,  75,  967,  155,  150,  140,  150,   65,   60,   55,   55,   25,   25,   25,   25, -999
20140916, 0600,  , HU, 20.8N, 109.7E,  80,  963,  155,  150,  140,  150,   65,   60,   55,   55,   25,   25,   25,   25, -999
20140916, 1200,  , HU, 21.2N, 107.8E,  75,  967,  155,  150,  140,  150,   65,   60,   55,   55,   25,   25,   25,   25, -999
20140916, 1800,  , HU, 21.7N, 106.1E,  65,  974,  155,  150,  140,  150,   65,   60,   55,   55,    0,    0,    0,    0, -999
20140917, 0000,  , TS, 22.3N, 104.4E,  55,  982,  155,  150,  140,  150,    0,    0,    0,    0,    0,    0,    0,    0, -999
20140917, 0600,  , TS, 23.4N, 102.8E,  35,  996,  155,  150,  140,  150,    0,    0,    0,    0,    0,    0,    0,    0, -999
20140917, 1200,  , DB, 24.0N, 101.1E,  20, 1007,    0,    0,    0,    0,    0,    0,    0,    0,    0,    0,    0,    0, -999
