WP152012,             TEMBIN,     49,
20120818, 1200,  , DB, 17.8N, 124.9E,  20, 1007,    0,    0,    0,    0,    0,    0,    0,    0,    0,    0,    0,    0, -999
20120818, 1800,  , TD, 18.0N, 124.7E,  30, 1000,    0,    0,    0,    0,    0,    0,    0,    0,    0,    0,    0,    0, -999
20120819, 0000,  , TS, 17.8N, 124.6E,  35,  996,    0,    0,    0,    0,    0,    0,    0,    0,    0,    0,    0,    0, -999
20120819, 0600,  , TS, 17.6N, 124.6E,  40,  993,   45,   45,   45,   45,    0,    0,    0,    0,    0,    0,    0,    0, -999
20120819, 1200,  , TS, 17.5N, 124.8E,  45,  989,   40,   40,   40,   40,    0,    0,    0,    0,    0,    0,    0,    0, -999
20120819, 1800,  , TS, 17.6N, 124.8E,  55,  982,   45,   45,   45,   45,   20,   20,   20,   20,    0,    0,    0,    0, -999
20120820, 0000,  , HU, 17.9N, 124.8E,  75,  967,   50,   50,   50,   50,   20,   20,   20,   20,   10,   10,   10,   10, -999
20120820, 0600,  , HU, 18.4N, 124.9E,  95,  952,   85,   85,   85,   85,   50,   50,   50,   50,   30,   30,   30,   30, -999
20120820, 1200,  , HU, 18.8N, 125.2E, 115,  937,   90,   90,   90,   90,   50,   50,   50,   50,   30,   30,   30,   30, -999
20120820, 1800,  , HU, 19.5N, 125.3E, 115,  937,  100,   90,   90,   95,   65,   60,   60,   65,   30,   30,   30,   30, -999
20120821, 0000,  , HU, 20.1N, 125.5E, 115,  937,  100,   90,   90,   95,   65,   60,   60,   65,   30,   30,   30,   30, -999
20120821, 0600,  , HU, 21.0N, 125.4E, 115,  937,  100,  100,   95,   95,   65,   65,   60,   60,   30,   30,   30,   30, -999
20120821, 1200,  , HU, 21.7N, 125.2E, 105,  944,  100,  100,   95,   95,   65,   65,   60,   60,   30,   30,   30,   30, -999
20120821, 1800,  , HU, 21.9N, 124.9E,  95,  952,  100,  100,   95,   95,   65,   65,   60,   60,   30,   30,   30,   30, -999
20120822, 0000,  , HU, 22.2N, 124.6E,  90,  956,   90,   90,   85,   85,   55,   55,   50,   50,   30,   30,   30,   30, -999
20120822, 0600,  , HU, 22.4N, 124.4E,  90,  956,  115,  115,  115,  130,   70,   60,   65,   65,   40,   40,   40,   40, -999
20120822, 1200,  , HU, 22.5N, 124.2E,  90,  956,  115,  115,  115,  130,   70,   60,   65,   65,   40,   40,   40,   40, -999
20120822, 1800,  , HU, 22.6N, 123.9E,  90,  956,  115,  115,  115,  130,   70,   60,   65,   65,   40,   40,   40,   40, -999
20120823, 0000,  , HU, 22.6N, 123.6E,  90,  956,  115,  115,  115,  130,   70,   60,   65,   65,   40,   40,   40,   40, -999
20120823, 0600,  , HU, 22.7N, 123.1E, 110,  941,  140,  135,  125,  145,   75,   80,   75,   75,   45,   45,   45,   45, -999
20120823, 1200,  , HU, 22.7N, 122.4E, 120,  933,  140,  135,  125,  145,   75,   80,   75,   75,   45,   45,   45,   45, -999
20120823, 1800,  , HU, 22.5N, 121.5E, 115,  937,  140,  135,  125,  145,   75,   80,   75,   75,   45,   45,   45,   45, -999
20120824, 0000,  , HU, 22.2N, 120.6E, 100,  948,  140,  135,  125,  145,   75,   80,   75,   75,   45,   45,   45,   45, -999
20120824, 0600,  , HU, 22.3N, 120.0E,  85,  959,  140,  135,  125,  145,   30,   30,   30,   30,   20,   20,   20,   20, -999
20120824, 1200,  , HU, 22.6N, 119.5E,  80,  963,  140,  135,  125,  145,   40,   40,   40,   40,   20,   20,   20,   20, -999
20120824, 1800,  , HU, 22.5N, 118.9E,  75,  967,  140,  135,  125,  145,   40,   40,   40,   40,   20,   20,   20,   20, -999
20120825, 0000,  , HU, 22.6N, 118.3E,  75,  967,  140,  135,  125,  145,   40,   40,   40,   40,   20,   20,   20,   20, -999
20120825, 0600,  , HU, 22.3N, 117.8E,  75,  967,  110,  110,  110,  110,   50,   50,   50,   50,   35,   35,   35,   35, -999
20120825, 1200,  , HU, 21.9N, 117.0E,  75,  967,  110,  110,  110,  110,   50,   50,   50,   50,   35,   35,   35,   35, -999
20120825, 1800,  , HU, 21.4N, 116.7E,  80,  963,  120,  115,  115,  110,   50,   50,   50,   50,   35,   35,   35,   35, -999
20120826, 0000,  , HU, 21.0N, 116.8E,  85,  959,  140,  130,  130,  135,   55,   65,   65,   55,   35,   35,   35,   35, -999
20120826, 0600,  , HU, 20.9N, 116.7E,  95,  952,  140,  130,  130,  135,   55,   65,   65,   55,   35,   35,   35,   35, -999
20120826, 1200,  , HU, 20.6N, 117.1E,  90,  956,  140,  130,  130,  135,   55,   65,   65,   55,   35,   35,   35,   35, -999
20120826, 1800,  , HU, 20.5N, 117.6E,  85,  959,  130,  130,  135,  125,   60,   65,   65,   60,   35,   35,   35,   35, -999
20120827, 0000,  , HU, 20.5N, 118.1E,  75,  967,  135,  130,  135,  120,   65,   65,   65,   65,   35,   35,   35,   35, -999
20120827, 0600,  , HU, 20.8N, 118.9E,  70,  970,  120,  135,  135,  120,   50,   50,   50,   50,   20,   20,   20,   20, -999
20120827, 1200,  , HU, 21.3N, 119.9E,  70,  970,  120,  135,  135,  120,   50,   50,   50,   50,    0,    0,    0,    0, -999
20120827, 1800,  , TS, 22.0N, 121.0E,  60,  978,  120,  135,  135,  120,   40,   40,   40,   40,    0,    0,    0,    0, -999
20120828, 0000,  , TS, 22.9N, 122.0E,  55,  982,  120,  135,  135,  120,   40,   40,   40,   40,    0,    0,    0,    0, -999
20120828, 0600,  , TS, 24.0N, 122.9E,  55,  982,  120,  135,  135,  120,   40,   40,   40,   40,    0,    0,    0,    0, -999
20120828, 1200,  , TS, 25.3N, 123.5E,  55,  982,   70,   60,   50,   40,    0,    0,    0,    0,    0,    0,    0,    0, -999
20120828, 1800,  , TS, 26.6N, 123.8E,  50,  985,   70,   60,   50,   40,    0,    0,    0,    0,    0,    0,    0,    0, -999
20120829, 0000,  , TS, 27.8N, 124.0E,  50,  985,   70,   60,   50,   40,    0,    0,    0,    0,    0,    0,    0,    0, -999
20120829, 0600,  , TS, 29.0N, 124.3E,  50,  985,   70,   80,   50,   40,    0,    0,    0,    0,    0,    0,    0,    0, -999
20120829, 1200,  , TS, 30.4N, 124.7E,  50,  985,   70,   80,   50,   40,    0,    0,    0,    0,    0,    0,    0,    0, -999
20120829, 1800,  , TS, 32.3N, 125.1E,  50,  985,   65,   55,   45,   60,    0,    0,    0,    0,    0,    0,    0,    0, -999
20120830, 0000,  , TS, 34.0N, 126.2E,  40,  993,   65,   55,   45,   60,    0,    0,    0,    0,    0,    0,    0,    0, -999
20120830, 0600,  , EX, 35.3N, 127.6E,  35,  996,   65,   55,   45,   60,    0,    0,    0,    0,    0,    0,    0,    0, -999
20120830, 1200,  , EX, 36.8N, 128.5E,  30, 1000,    0,    0,    0,    0,    0,    0,    0,    0,    0,    0,    0,    0, -999
