WP161965,            UNNAMED,     29,
19650731, 0000,  , TS, 17.5N, 133.2E,  40,    0,    0,    0,    0,    0,    0,    0,    0,    0,    0,    0,    0,    0, -999
19650731, 0600,  , HU, 17.6N, 132.3E,  70,    0,    0,    0,    0,    0,    0,    0,    0,    0,    0,    0,    0,    0, -999
19650731, 1200,  , HU, 17.4N, 131.2E,  70,    0,    0,    0,    0,    0,    0,    0,    0,    0,    0,    0,    0,    0, -999
19650731, 1800,  , HU, 17.5N, 131.0E,  70,    0,    0,    0,    0,    0,    0,    0,    0,    0,    0,    0,    0,    0, -999
19650801, 0000,  , HU, 17.8N, 130.8E,  75,    0,    0,    0,    0,    0,    0,    0,    0,    0,    0,    0,    0,    0, -999
19650801, 0600,  , HU, 18.6N, 130.5E,  75,    0,    0,    0,    0,    0,    0,    0,    0,    0,    0,    0,    0,    0, -999
19650801, 1200,  , HU, 19.5N, 130.4E,  75,    0,    0,    0,    0,    0,    0,    0,    0,    0,    0,    0,    0,    0, -999
19650801, 1800,  , HU, 20.1N, 129.7E,  75,    0,    0,    0,    0,    0,    0,    0,    0,    0,    0,    0,    0,    0, -999
19650802, 0000,  , HU, 20.4N, 129.2E,  80,    0,    0,    0,    0,    0,    0,    0,    0,    0,    0,    0,    0,    0, -999
19650802, 0600,  , HU, 21.1N, 128.6E,  80,    0,    0,    0,    0,    0,    0,    0,    0,    0,    0,    0,    0,    0, -999
19650802, 1200,  , HU, 21.8N, 128.3E,  85,    0,    0,    0,    0,    0,    0,    0,    0,    0,    0,    0,    0,    0, -999
19650802, 1800,  , HU, 22.4N, 128.0E,  85,    0,    0,    0,    0,    0,    0,    0,    0,    0,    0,    0,    0,    0, -999
19650803, 0000,  , HU, 22.9N, 127.7E,  85,    0,    0,    0,    0,    0,    0,    0,    0,    0,    0,    0,    0,    0, -999
19650803, 0600,  , HU, 23.5N, 127.5E, 100,    0,    0,    0,    0,    0,    0,    0,    0,    0,    0,    0,    0,    0, -999
19650803, 1200,  , HU, 24.0N, 127.3E, 110,    0,    0,    0,    0,    0,    0,    0,    0,    0,    0,    0,    0,    0, -999
19650803, 1800,  , HU, 24.8N, 127.1E, 110,    0,    0,    0,    0,    0,    0,    0,    0,    0,    0,    0,    0,    0, -999
19650804, 0000,  , HU, 25.4N, 126.9E, 120,    0,    0,    0,    0,    0,    0,    0,    0,    0,    0,    0,    0,    0, -999
19650804, 0600,  , HU, 26.1N, 126.8E, 140,    0,    0,    0,    0,    0,    0,    0,    0,    0,    0,    0,    0,    0, -999
19650804, 1200,  , HU, 26.7N, 127.1E, 140,    0,    0,    0,    0,    0,    0,    0,    0,    0,    0,    0,    0,    0, -999
19650804, 1800,  , HU, 27.6N, 127.4E, 140,    0,    0,    0,    0,    0,    0,    0,    0,    0,    0,    0,    0,    0, -999
19650805, 0000,  , HU, 28.6N, 128.0E, 140,    0,    0,    0,    0,    0,    0,    0,    0,    0,    0,    0,    0,    0, -999
19650805, 0600,  , HU, 29.6N, 128.4E, 140,    0,    0,    0,    0,    0,    0,    0,    0,    0,    0,    0,    0,    0, -999
19650805, 1200,  , HU, 30.7N, 129.3E, 130,    0,    0,    0,    0,    0,    0,    0,    0,    0,    0,    0,    0,    0, -999
19650805, 1800,  , HU, 32.1N, 130.0E, 130,    0,    0,    0,    0,    0,    0,    0,    0,    0,    0,    0,    0,    0, -999
19650806, 0000,  , HU, 33.8N, 131.0E,  80,    0,    0,    0,    0,    0,    0,    0,    0,    0,    0,    0,    0,    0, -999
19650806, 0600,  , HU, 35.8N, 132.5E,  75,    0,    0,    0,    0,    0,    0,    0,    0,    0,    0,    0,    0,    0, -999
19650806, 1200,  , HU, 38.3N, 134.1E,  65,    0,    0,    0,    0,    0,    0,    0,    0,    0,    0,    0,    0,    0, -999
19650806, 1800,  , HU, 40.7N, 136.5E,  65,    0,    0,    0,    0,    0,    0,    0,    0,    0,    0,    0,    0,    0, -999
19650807, 0000,  , TS, 44.5N, 137.8E,  55,    0,    0,    0,    0,    0,    0,    0,    0,    0,    0,    0,    0,    0, -999
