WP162002,            UNNAMED,     16,
20020802, 0000,  , TD, 18.8N, 119.1E,  25, 1002,    0,    0,    0,    0,    0,    0,    0,    0,    0,    0,    0,    0, -999
20020802, 0600,  , TD, 18.9N, 118.5E,  30, 1000,    0,    0,    0,    0,    0,    0,    0,    0,    0,    0,    0,    0, -999
20020802, 1200,  , TD, 19.3N, 118.1E,  30, 1000,    0,    0,    0,    0,    0,    0,    0,    0,    0,    0,    0,    0, -999
20020802, 1800,  , TD, 19.8N, 117.8E,  30, 1000,    0,    0,    0,    0,    0,    0,    0,    0,    0,    0,    0,    0, -999
20020803, 0000,  , TD, 20.4N, 117.3E,  30, 1000,    0,    0,    0,    0,    0,    0,    0,    0,    0,    0,    0,    0, -999
20020803, 0600,  , TD, 20.9N, 116.3E,  30, 1000,    0,    0,    0,    0,    0,    0,    0,    0,    0,    0,    0,    0, -999
20020803, 1200,  , TS, 21.0N, 115.7E,  35,  997,    0,    0,    0,    0,    0,    0,    0,    0,    0,    0,    0,    0, -999
20020803, 1800,  , TS, 21.0N, 115.4E,  40,  994,   50,   60,   60,   55,    0,    0,    0,    0,    0,    0,    0,    0, -999
20020804, 0000,  , TS, 21.0N, 115.1E,  45,  991,   60,  120,  120,   70,    0,    0,    0,    0,    0,    0,    0,    0, -999
20020804, 0600,  , TS, 21.2N, 115.2E,  45,  991,   60,  120,  120,   70,    0,    0,    0,    0,    0,    0,    0,    0, -999
20020804, 1200,  , TS, 21.5N, 115.3E,  45,  989,   60,  120,  120,   70,    0,    0,    0,    0,    0,    0,    0,    0, -999
20020804, 1800,  , TS, 22.1N, 115.5E,  50,  987,   60,  120,  120,   70,    0,    0,    0,    0,    0,    0,    0,    0, -999
20020805, 0000,  , TS, 23.0N, 115.6E,  50,  987,   70,  120,  120,   70,    0,    0,    0,    0,    0,    0,    0,    0, -999
20020805, 0600,  , TD, 24.0N, 115.6E,  30, 1000,    0,    0,    0,    0,    0,    0,    0,    0,    0,    0,    0,    0, -999
20020805, 1200,  , TD, 25.0N, 115.7E,  20, 1004,    0,    0,    0,    0,    0,    0,    0,    0,    0,    0,    0,    0, -999
20020805, 1800,  , TD, 25.9N, 115.6E,  20, 1004,    0,    0,    0,    0,    0,    0,    0,    0,    0,    0,    0,    0, -999
