WP172011,              KULAP,     19,
20110905, 1800,  , DB, 18.2N, 133.7E,  15, 1010,    0,    0,    0,    0,    0,    0,    0,    0,    0,    0,    0,    0, -999
20110906, 0000,  , DB, 18.7N, 134.4E,  15, 1010,    0,    0,    0,    0,    0,    0,    0,    0,    0,    0,    0,    0, -999
20110906, 0600,  , DB, 19.4N, 134.8E,  20, 1007,    0,    0,    0,    0,    0,    0,    0,    0,    0,    0,    0,    0, -999
20110906, 1200,  , TD, 20.3N, 134.9E,  25, 1004,    0,    0,    0,    0,    0,    0,    0,    0,    0,    0,    0,    0, -999
20110906, 1800,  , TD, 21.0N, 135.5E,  30, 1000,    0,    0,    0,    0,    0,    0,    0,    0,    0,    0,    0,    0, -999
20110907, 0000,  , TD, 21.5N, 135.6E,  30, 1000,    0,    0,    0,    0,    0,    0,    0,    0,    0,    0,    0,    0, -999
20110907, 0600,  , TS, 22.2N, 135.7E,  35,  996,    0,    0,    0,    0,    0,    0,    0,    0,    0,    0,    0,    0, -999
20110907, 1200,  , TS, 23.1N, 135.5E,  40,  993,   50,   50,   50,   50,    0,    0,    0,    0,    0,    0,    0,    0, -999
20110907, 1800,  , TS, 24.0N, 135.0E,  40,  993,   55,   55,   55,   55,    0,    0,    0,    0,    0,    0,    0,    0, -999
20110908, 0000,  , TS, 24.7N, 134.2E,  35,  996,   70,   70,   50,   50,    0,    0,    0,    0,    0,    0,    0,    0, -999
20110908, 0600,  , TS, 25.5N, 133.5E,  35,  996,   70,   70,   50,   50,    0,    0,    0,    0,    0,    0,    0,    0, -999
20110908, 1200,  , TD, 26.3N, 132.5E,  30, 1000,    0,    0,    0,    0,    0,    0,    0,    0,    0,    0,    0,    0, -999
20110908, 1800,  , TD, 27.1N, 131.5E,  30, 1000,    0,    0,    0,    0,    0,    0,    0,    0,    0,    0,    0,    0, -999
20110909, 0000,  , TD, 28.2N, 130.9E,  25, 1004,    0,    0,    0,    0,    0,    0,    0,    0,    0,    0,    0,    0, -999
20110909, 0600,  , DB, 29.2N, 130.1E,  20, 1007,    0,    0,    0,    0,    0,    0,    0,    0,    0,    0,    0,    0, -999
20110909, 1200,  , DB, 29.6N, 128.9E,  20, 1007,    0,    0,    0,    0,    0,    0,    0,    0,    0,    0,    0,    0, -999
20110909, 1800,  , DB, 30.3N, 128.0E,  20, 1007,    0,    0,    0,    0,    0,    0,    0,    0,    0,    0,    0,    0, -999
20110910, 0000,  , DB, 30.9N, 127.6E,  20, 1007,    0,    0,    0,    0,    0,    0,    0,    0,    0,    0,    0,    0, -999
20110910, 0600,  , DB, 31.6N, 127.3E,  15, 1010,    0,    0,    0,    0,    0,    0,    0,    0,    0,    0,    0,    0, -999
