WP182008,            HAGUPIT,     32,
20080917, 1200,  , DB, 17.4N, 142.9E,  20, 1006,    0,    0,    0,    0,    0,    0,    0,    0,    0,    0,    0,    0, -999
20080917, 1800,  , DB, 17.0N, 141.8E,  20, 1007,    0,    0,    0,    0,    0,    0,    0,    0,    0,    0,    0,    0, -999
20080918, 0000,  , DB, 16.7N, 140.6E,  20, 1006,    0,    0,    0,    0,    0,    0,    0,    0,    0,    0,    0,    0, -999
20080918, 0600,  , DB, 16.4N, 139.4E,  20, 1007,    0,    0,    0,    0,    0,    0,    0,    0,    0,    0,    0,    0, -999
20080918, 1200,  , DB, 15.9N, 138.1E,  20, 1008,    0,    0,    0,    0,    0,    0,    0,    0,    0,    0,    0,    0, -999
20080918, 1800,  , TD, 15.4N, 136.9E,  25, 1004,    0,    0,    0,    0,    0,    0,    0,    0,    0,    0,    0,    0, -999
20080919, 0000,  , TD, 14.8N, 135.6E,  30, 1000,    0,    0,    0,    0,    0,    0,    0,    0,    0,    0,    0,    0, -999
20080919, 0600,  , TS, 14.1N, 134.2E,  35,  996,   45,   45,   45,   45,    0,    0,    0,    0,    0,    0,    0,    0, -999
20080919, 1200,  , TS, 13.6N, 132.7E,  40,  993,   45,   45,   45,   45,    0,    0,    0,    0,    0,    0,    0,    0, -999
20080919, 1800,  , TS, 13.3N, 131.5E,  45,  989,   85,   80,   80,   85,    0,    0,    0,    0,    0,    0,    0,    0, -999
20080920, 0000,  , TS, 14.0N, 130.8E,  50,  985,  110,   95,   90,  100,   35,   35,   35,   35,    0,    0,    0,    0, -999
20080920, 0600,  , TS, 14.1N, 129.6E,  55,  982,   80,   65,   65,   70,   45,   40,   40,   40,    0,    0,    0,    0, -999
20080920, 1200,  , TS, 14.5N, 129.0E,  55,  982,   65,   60,   50,   55,   40,   40,   35,   35,    0,    0,    0,    0, -999
20080920, 1800,  , TS, 15.7N, 128.1E,  55,  982,   80,   75,   65,   70,   40,   40,   35,   35,    0,    0,    0,    0, -999
20080921, 0000,  , TS, 16.5N, 127.2E,  60,  978,   95,   90,   85,   90,   40,   40,   35,   35,    0,    0,    0,    0, -999
20080921, 0600,  , TS, 17.3N, 126.4E,  60,  978,  130,  100,  100,  130,   40,   40,   35,   35,    0,    0,    0,    0, -999
20080921, 1200,  , HU, 18.1N, 125.5E,  65,  974,  135,  140,  140,  135,   50,   40,   40,   50,   30,   30,   25,   25, -999
20080921, 1800,  , HU, 18.7N, 124.4E,  80,  963,  155,  145,  145,  150,   50,   50,   50,   50,   35,   35,   35,   35, -999
20080922, 0000,  , HU, 19.0N, 123.4E,  85,  959,  185,  175,  170,  180,   65,   65,   65,   65,   40,   40,   40,   40, -999
20080922, 0600,  , HU, 19.3N, 122.1E,  90,  956,  185,  175,  170,  180,   75,   75,   75,   75,   45,   45,   45,   45, -999
20080922, 1200,  , HU, 19.5N, 120.9E, 100,  948,  210,  170,  180,  200,  120,   85,  100,  120,   75,   55,   65,   70, -999
20080922, 1800,  , HU, 19.8N, 119.1E, 100,  948,  140,  120,  115,  140,   65,   70,   65,   60,   55,   50,   50,   55, -999
20080923, 0000,  , HU, 20.1N, 117.2E, 105,  944,  135,  125,  120,  125,   65,   70,   65,   60,   55,   45,   45,   55, -999
20080923, 0600,  , HU, 20.4N, 115.5E, 110,  941,  135,  125,  120,  125,   65,   70,   65,   60,   55,   45,   45,   55, -999
20080923, 1200,  , HU, 20.7N, 114.0E, 125,  929,  135,  125,  120,  125,   65,   70,   65,   60,   55,   45,   45,   55, -999
20080923, 1800,  , HU, 21.1N, 112.4E, 120,  933,  155,  135,  130,  155,   75,   70,   65,   75,   55,   55,   55,   55, -999
20080924, 0000,  , HU, 21.5N, 110.9E, 105,  944,  155,  135,  130,  155,   85,   80,   70,   85,   55,   55,   50,   45, -999
20080924, 0600,  , HU, 21.7N, 109.4E,  70,  970,   90,  120,  130,   85,   60,   80,   70,   60,    0,    0,    0,    0, -999
20080924, 1200,  , TS, 22.2N, 108.1E,  60,  978,   90,  120,  130,   85,    0,    0,    0,    0,    0,    0,    0,    0, -999
20080924, 1800,  , TS, 22.4N, 107.1E,  40,  993,   90,  120,  130,   85,    0,    0,    0,    0,    0,    0,    0,    0, -999
20080925, 0000,  , TD, 22.5N, 106.3E,  30, 1000,    0,    0,    0,    0,    0,    0,    0,    0,    0,    0,    0,    0, -999
20080925, 0600,  , DB, 22.8N, 105.6E,  20, 1007,    0,    0,    0,    0,    0,    0,    0,    0,    0,    0,    0,    0, -999
