WP181962,            UNNAMED,     13,
19620914, 0000,  , LO, 12.7N, 114.4E,  30,    0,    0,    0,    0,    0,    0,    0,    0,    0,    0,    0,    0,    0, -999
19620914, 0600,  , TS, 12.9N, 113.8E,  35,    0,    0,    0,    0,    0,    0,    0,    0,    0,    0,    0,    0,    0, -999
19620914, 1200,  , TS, 13.2N, 113.2E,  45,    0,    0,    0,    0,    0,    0,    0,    0,    0,    0,    0,    0,    0, -999
19620914, 1800,  , TS, 13.7N, 112.8E,  45,    0,    0,    0,    0,    0,    0,    0,    0,    0,    0,    0,    0,    0, -999
19620915, 0000,  , TS, 14.2N, 112.3E,  50,    0,    0,    0,    0,    0,    0,    0,    0,    0,    0,    0,    0,    0, -999
19620915, 0600,  , TS, 14.7N, 111.7E,  50,    0,    0,    0,    0,    0,    0,    0,    0,    0,    0,    0,    0,    0, -999
19620915, 1200,  , TS, 15.2N, 111.0E,  55,    0,    0,    0,    0,    0,    0,    0,    0,    0,    0,    0,    0,    0, -999
19620915, 1800,  , TS, 15.6N, 110.2E,  55,    0,    0,    0,    0,    0,    0,    0,    0,    0,    0,    0,    0,    0, -999
19620916, 0000,  , TS, 16.0N, 109.3E,  45,    0,    0,    0,    0,    0,    0,    0,    0,    0,    0,    0,    0,    0, -999
19620916, 0600,  , TS, 16.3N, 108.1E,  40,    0,    0,    0,    0,    0,    0,    0,    0,    0,    0,    0,    0,    0, -999
19620916, 1200,  , TS, 16.5N, 107.0E,  35,    0,    0,    0,    0,    0,    0,    0,    0,    0,    0,    0,    0,    0, -999
19620916, 1800,  , LO, 16.6N, 105.8E,  30,    0,    0,    0,    0,    0,    0,    0,    0,    0,    0,    0,    0,    0, -999
19620917, 0000,  , LO, 16.6N, 104.8E,  25,    0,    0,    0,    0,    0,    0,    0,    0,    0,    0,    0,    0,    0, -999
