WP181961,            UNNAMED,     41,
19610907, 1200,  , TS,  8.8N, 164.3E,  50,    0,    0,    0,    0,    0,    0,    0,    0,    0,    0,    0,    0,    0, -999
19610907, 1800,  , TS,  8.8N, 163.2E,  60,    0,    0,    0,    0,    0,    0,    0,    0,    0,    0,    0,    0,    0, -999
19610908, 0000,  , HU,  8.8N, 161.8E,  90,    0,    0,    0,    0,    0,    0,    0,    0,    0,    0,    0,    0,    0, -999
19610908, 0600,  , HU,  8.9N, 160.1E, 105,    0,    0,    0,    0,    0,    0,    0,    0,    0,    0,    0,    0,    0, -999
19610908, 1200,  , HU,  8.9N, 158.4E, 115,    0,    0,    0,    0,    0,    0,    0,    0,    0,    0,    0,    0,    0, -999
19610908, 1800,  , HU,  9.0N, 156.8E, 125,    0,    0,    0,    0,    0,    0,    0,    0,    0,    0,    0,    0,    0, -999
19610909, 0000,  , HU,  9.1N, 155.1E, 135,    0,    0,    0,    0,    0,    0,    0,    0,    0,    0,    0,    0,    0, -999
19610909, 0600,  , HU,  9.3N, 153.3E, 140,    0,    0,    0,    0,    0,    0,    0,    0,    0,    0,    0,    0,    0, -999
19610909, 1200,  , HU,  9.6N, 151.7E, 150,    0,    0,    0,    0,    0,    0,    0,    0,    0,    0,    0,    0,    0, -999
19610909, 1800,  , HU, 10.0N, 149.9E, 150,    0,    0,    0,    0,    0,    0,    0,    0,    0,    0,    0,    0,    0, -999
19610910, 0000,  , HU, 10.5N, 148.3E, 160,    0,    0,    0,    0,    0,    0,    0,    0,    0,    0,    0,    0,    0, -999
19610910, 0600,  , HU, 11.0N, 146.7E, 165,    0,    0,    0,    0,    0,    0,    0,    0,    0,    0,    0,    0,    0, -999
19610910, 1200,  , HU, 11.5N, 145.2E, 175,    0,    0,    0,    0,    0,    0,    0,    0,    0,    0,    0,    0,    0, -999
19610910, 1800,  , HU, 12.0N, 144.0E, 175,    0,    0,    0,    0,    0,    0,    0,    0,    0,    0,    0,    0,    0, -999
19610911, 0000,  , HU, 12.6N, 142.8E, 180,    0,    0,    0,    0,    0,    0,    0,    0,    0,    0,    0,    0,    0, -999
19610911, 0600,  , HU, 13.2N, 141.4E, 180,    0,    0,    0,    0,    0,    0,    0,    0,    0,    0,    0,    0,    0, -999
19610911, 1200,  , HU, 14.0N, 140.1E, 180,    0,    0,    0,    0,    0,    0,    0,    0,    0,    0,    0,    0,    0, -999
19610911, 1800,  , HU, 14.8N, 138.8E, 180,    0,    0,    0,    0,    0,    0,    0,    0,    0,    0,    0,    0,    0, -999
19610912, 0000,  , HU, 15.5N, 137.5E, 185,    0,    0,    0,    0,    0,    0,    0,    0,    0,    0,    0,    0,    0, -999
19610912, 0600,  , HU, 16.2N, 136.1E, 180,    0,    0,    0,    0,    0,    0,    0,    0,    0,    0,    0,    0,    0, -999
19610912, 1200,  , HU, 17.0N, 134.9E, 180,    0,    0,    0,    0,    0,    0,    0,    0,    0,    0,    0,    0,    0, -999
19610912, 1800,  , HU, 17.7N, 133.7E, 170,    0,    0,    0,    0,    0,    0,    0,    0,    0,    0,    0,    0,    0, -999
19610913, 0000,  , HU, 18.4N, 132.3E, 170,    0,    0,    0,    0,    0,    0,    0,    0,    0,    0,    0,    0,    0, -999
19610913, 0600,  , HU, 19.4N, 131.3E, 160,    0,    0,    0,    0,    0,    0,    0,    0,    0,    0,    0,    0,    0, -999
19610913, 1200,  , HU, 20.6N, 130.6E, 160,    0,    0,    0,    0,    0,    0,    0,    0,    0,    0,    0,    0,    0, -999
19610913, 1800,  , HU, 21.9N, 129.9E, 150,    0,    0,    0,    0,    0,    0,    0,    0,    0,    0,    0,    0,    0, -999
19610914, 0000,  , HU, 23.2N, 129.4E, 150,    0,    0,    0,    0,    0,    0,    0,    0,    0,    0,    0,    0,    0, -999
19610914, 0600,  , HU, 24.6N, 129.1E, 140,    0,    0,    0,    0,    0,    0,    0,    0,    0,    0,    0,    0,    0, -999
19610914, 1200,  , HU, 25.9N, 128.9E, 140,    0,    0,    0,    0,    0,    0,    0,    0,    0,    0,    0,    0,    0, -999
19610914, 1800,  , HU, 27.2N, 129.1E, 130,    0,    0,    0,    0,    0,    0,    0,    0,    0,    0,    0,    0,    0, -999
19610915, 0000,  , HU, 28.2N, 129.3E, 125,    0,    0,    0,    0,    0,    0,    0,    0,    0,    0,    0,    0,    0, -999
19610915, 0600,  , HU, 29.1N, 130.0E, 120,    0,    0,    0,    0,    0,    0,    0,    0,    0,    0,    0,    0,    0, -999
19610915, 1200,  , HU, 29.9N, 131.1E, 110,    0,    0,    0,    0,    0,    0,    0,    0,    0,    0,    0,    0,    0, -999
19610915, 1800,  , HU, 31.2N, 132.3E, 110,    0,    0,    0,    0,    0,    0,    0,    0,    0,    0,    0,    0,    0, -999
19610916, 0000,  , HU, 33.1N, 134.0E,  90,    0,    0,    0,    0,    0,    0,    0,    0,    0,    0,    0,    0,    0, -999
19610916, 0600,  , HU, 35.5N, 136.1E,  70,    0,    0,    0,    0,    0,    0,    0,    0,    0,    0,    0,    0,    0, -999
19610916, 1200,  , HU, 39.3N, 139.2E,  65,    0,    0,    0,    0,    0,    0,    0,    0,    0,    0,    0,    0,    0, -999
19610916, 1800,  , HU, 44.6N, 141.8E,  65,    0,    0,    0,    0,    0,    0,    0,    0,    0,    0,    0,    0,    0, -999
19610917, 0000,  , XX, 48.5N, 144.4E,  60,    0,    0,    0,    0,    0,    0,    0,    0,    0,    0,    0,    0,    0, -999
19610917, 0600,  , XX, 50.7N, 146.9E,  50,    0,    0,    0,    0,    0,    0,    0,    0,    0,    0,    0,    0,    0, -999
19610917, 1200,  , TS, 55.0N, 152.5E,  40,    0,    0,    0,    0,    0,    0,    0,    0,    0,    0,    0,    0,    0, -999
