WP182005,              SAOLA,     29,
20050919, 0000,  , DB, 19.9N, 155.9E,  15, 1006,    0,    0,    0,    0,    0,    0,    0,    0,    0,    0,    0,    0, -999
20050919, 0600,  , DB, 20.2N, 155.0E,  15, 1006,    0,    0,    0,    0,    0,    0,    0,    0,    0,    0,    0,    0, -999
20050919, 1200,  , DB, 20.5N, 154.1E,  15, 1006,    0,    0,    0,    0,    0,    0,    0,    0,    0,    0,    0,    0, -999
20050919, 1800,  , DB, 20.6N, 153.3E,  15, 1006,    0,    0,    0,    0,    0,    0,    0,    0,    0,    0,    0,    0, -999
20050920, 0000,  , DB, 20.9N, 152.8E,  20, 1004,    0,    0,    0,    0,    0,    0,    0,    0,    0,    0,    0,    0, -999
20050920, 0600,  , DB, 21.3N, 152.2E,  20, 1004,    0,    0,    0,    0,    0,    0,    0,    0,    0,    0,    0,    0, -999
20050920, 1200,  , DB, 21.6N, 151.7E,  25, 1002,    0,    0,    0,    0,    0,    0,    0,    0,    0,    0,    0,    0, -999
20050920, 1800,  , TD, 21.9N, 151.1E,  30, 1000,    0,    0,    0,    0,    0,    0,    0,    0,    0,    0,    0,    0, -999
20050921, 0000,  , TS, 22.4N, 150.5E,  35,  997,    0,    0,    0,    0,    0,    0,    0,    0,    0,    0,    0,    0, -999
20050921, 0600,  , TS, 22.9N, 149.7E,  40,  994,   30,   30,   30,   30,    0,    0,    0,    0,    0,    0,    0,    0, -999
20050921, 1200,  , TS, 23.5N, 148.6E,  55,  984,   45,   45,   45,   45,   10,   10,   10,   10,    0,    0,    0,    0, -999
20050921, 1800,  , TS, 24.1N, 147.4E,  60,  980,   50,   50,   50,   50,   15,   15,   15,   15,    0,    0,    0,    0, -999
20050922, 0000,  , HU, 24.6N, 145.9E,  65,  976,   85,   80,   85,   85,   25,   25,   25,   25,   15,   15,   15,   15, -999
20050922, 0600,  , HU, 25.2N, 144.4E,  70,  972,   85,   80,   85,   85,   25,   25,   25,   25,   15,   15,   15,   15, -999
20050922, 1200,  , HU, 25.7N, 142.8E,  80,  963,   80,   80,   85,   85,   30,   30,   30,   30,   20,   20,   20,   20, -999
20050922, 1800,  , HU, 26.4N, 141.3E,  90,  954,   90,   90,   90,   90,   40,   40,   40,   40,   20,   20,   20,   20, -999
20050923, 0000,  , HU, 27.1N, 140.1E,  95,  949,   95,   80,   80,   95,   40,   40,   40,   40,   20,   20,   20,   20, -999
20050923, 0600,  , HU, 27.7N, 139.1E,  95,  949,   80,   80,   95,   95,   30,   30,   40,   40,   15,   15,   20,   20, -999
20050923, 1200,  , HU, 28.4N, 138.6E, 100,  944,   70,   80,  105,   75,   25,   35,   40,   30,   10,   15,   20,   15, -999
20050923, 1800,  , HU, 29.0N, 138.2E, 100,  944,  180,  120,  100,  140,   40,   30,   25,   35,   15,   15,   15,   15, -999
20050924, 0000,  , HU, 29.6N, 137.9E, 100,  944,  150,  120,  100,  160,   40,   30,   25,   35,   15,   15,   15,   15, -999
20050924, 0600,  , HU, 30.5N, 137.9E, 100,  944,  155,  130,  115,  155,   40,   30,   30,   40,   15,   15,   15,   15, -999
20050924, 1200,  , HU, 31.5N, 138.3E, 100,  944,  155,  135,  120,  155,   45,   40,   40,   45,   20,   20,   20,   20, -999
20050924, 1800,  , HU, 32.2N, 139.3E,  90,  954,  170,  140,  130,  120,   30,   25,   25,   30,   10,   10,   10,   10, -999
20050925, 0000,  , HU, 33.2N, 140.9E,  90,  954,  160,  130,  120,  110,   30,   25,   25,   30,   10,   10,   10,   10, -999
20050925, 0600,  , HU, 34.5N, 142.7E,  75,  967,  150,  130,  110,  120,   60,   50,   40,   40,   30,   25,   20,   20, -999
20050925, 1200,  , HU, 35.4N, 144.6E,  65,  976,  160,  125,  100,  110,   55,   45,   35,   35,    0,    0,    0,    0, -999
20050925, 1800,  , TS, 36.3N, 146.2E,  50,  987,  150,  110,   90,  100,    0,    0,    0,    0,    0,    0,    0,    0, -999
20050926, 0000,  , EX, 37.0N, 147.7E,  45,  991,  130,  100,   70,   85,    0,    0,    0,    0,    0,    0,    0,    0, -999
