WP181983,            UNNAMED,     31,
19831030, 1200,  , LO,  6.3N, 149.5E,  25,    0,    0,    0,    0,    0,    0,    0,    0,    0,    0,    0,    0,    0, -999
19831030, 1800,  , LO,  7.3N, 148.3E,  25,    0,    0,    0,    0,    0,    0,    0,    0,    0,    0,    0,    0,    0, -999
19831031, 0000,  , LO,  8.2N, 147.4E,  30,    0,    0,    0,    0,    0,    0,    0,    0,    0,    0,    0,    0,    0, -999
19831031, 0600,  , TS,  9.7N, 146.2E,  35,    0,    0,    0,    0,    0,    0,    0,    0,    0,    0,    0,    0,    0, -999
19831031, 1200,  , TS, 10.4N, 145.4E,  35,    0,    0,    0,    0,    0,    0,    0,    0,    0,    0,    0,    0,    0, -999
19831031, 1800,  , TS, 10.7N, 144.5E,  35,    0,    0,    0,    0,    0,    0,    0,    0,    0,    0,    0,    0,    0, -999
19831101, 0000,  , TS, 11.2N, 143.2E,  35,    0,    0,    0,    0,    0,    0,    0,    0,    0,    0,    0,    0,    0, -999
19831101, 0600,  , TS, 11.8N, 142.1E,  35,    0,    0,    0,    0,    0,    0,    0,    0,    0,    0,    0,    0,    0, -999
19831101, 1200,  , TS, 12.8N, 141.4E,  40,    0,    0,    0,    0,    0,    0,    0,    0,    0,    0,    0,    0,    0, -999
19831101, 1800,  , TS, 13.6N, 141.1E,  45,    0,    0,    0,    0,    0,    0,    0,    0,    0,    0,    0,    0,    0, -999
19831102, 0000,  , TS, 14.5N, 140.6E,  50,    0,    0,    0,    0,    0,    0,    0,    0,    0,    0,    0,    0,    0, -999
19831102, 0600,  , HU, 15.3N, 140.2E,  65,    0,    0,    0,    0,    0,    0,    0,    0,    0,    0,    0,    0,    0, -999
19831102, 1200,  , HU, 16.2N, 140.2E,  70,    0,    0,    0,    0,    0,    0,    0,    0,    0,    0,    0,    0,    0, -999
19831102, 1800,  , HU, 16.6N, 139.7E,  75,    0,    0,    0,    0,    0,    0,    0,    0,    0,    0,    0,    0,    0, -999
19831103, 0000,  , HU, 17.0N, 139.1E,  80,    0,    0,    0,    0,    0,    0,    0,    0,    0,    0,    0,    0,    0, -999
19831103, 0600,  , HU, 17.3N, 138.3E,  90,    0,    0,    0,    0,    0,    0,    0,    0,    0,    0,    0,    0,    0, -999
19831103, 1200,  , XX, 17.6N, 137.5E, 105,    0,    0,    0,    0,    0,    0,    0,    0,    0,    0,    0,    0,    0, -999
19831103, 1800,  , HU, 17.9N, 136.5E, 130,    0,    0,    0,    0,    0,    0,    0,    0,    0,    0,    0,    0,    0, -999
19831104, 0000,  , HU, 18.2N, 135.3E, 140,    0,    0,    0,    0,    0,    0,    0,    0,    0,    0,    0,    0,    0, -999
19831104, 0600,  , XX, 18.3N, 134.6E, 145,    0,    0,    0,    0,    0,    0,    0,    0,    0,    0,    0,    0,    0, -999
19831104, 1200,  , HU, 18.7N, 134.2E, 140,    0,    0,    0,    0,    0,    0,    0,    0,    0,    0,    0,    0,    0, -999
19831104, 1800,  , XX, 19.2N, 133.8E, 135,    0,    0,    0,    0,    0,    0,    0,    0,    0,    0,    0,    0,    0, -999
19831105, 0000,  , HU, 19.8N, 133.6E, 130,    0,    0,    0,    0,    0,    0,    0,    0,    0,    0,    0,    0,    0, -999
19831105, 0600,  , HU, 20.3N, 133.6E, 130,    0,    0,    0,    0,    0,    0,    0,    0,    0,    0,    0,    0,    0, -999
19831105, 1200,  , XX, 21.2N, 133.9E, 125,    0,    0,    0,    0,    0,    0,    0,    0,    0,    0,    0,    0,    0, -999
19831105, 1800,  , HU, 21.8N, 134.5E, 120,    0,    0,    0,    0,    0,    0,    0,    0,    0,    0,    0,    0,    0, -999
19831106, 0000,  , HU, 22.7N, 135.4E, 120,    0,    0,    0,    0,    0,    0,    0,    0,    0,    0,    0,    0,    0, -999
19831106, 0600,  , XX, 23.9N, 137.6E, 115,    0,    0,    0,    0,    0,    0,    0,    0,    0,    0,    0,    0,    0, -999
19831106, 1200,  , XX, 25.4N, 139.9E, 115,    0,    0,    0,    0,    0,    0,    0,    0,    0,    0,    0,    0,    0, -999
19831106, 1800,  , HU, 27.9N, 143.6E, 100,    0,    0,    0,    0,    0,    0,    0,    0,    0,    0,    0,    0,    0, -999
19831107, 0000,  , HU, 31.2N, 148.1E,  90,    0,    0,    0,    0,    0,    0,    0,    0,    0,    0,    0,    0,    0, -999
