WP181954,            UNNAMED,     42,
19541110, 0000,  , LO, 10.8N, 151.8E,  25,    0,    0,    0,    0,    0,    0,    0,    0,    0,    0,    0,    0,    0, -999
19541110, 0600,  , LO, 10.9N, 150.3E,  25,    0,    0,    0,    0,    0,    0,    0,    0,    0,    0,    0,    0,    0, -999
19541110, 1200,  , LO, 11.1N, 148.9E,  25,    0,    0,    0,    0,    0,    0,    0,    0,    0,    0,    0,    0,    0, -999
19541110, 1800,  , LO, 11.3N, 147.3E,  25,    0,    0,    0,    0,    0,    0,    0,    0,    0,    0,    0,    0,    0, -999
19541111, 0000,  , LO, 11.5N, 145.8E,  25,    0,    0,    0,    0,    0,    0,    0,    0,    0,    0,    0,    0,    0, -999
19541111, 0600,  , LO, 11.7N, 144.4E,  25,    0,    0,    0,    0,    0,    0,    0,    0,    0,    0,    0,    0,    0, -999
19541111, 1200,  , TS, 11.8N, 142.8E,  50,    0,    0,    0,    0,    0,    0,    0,    0,    0,    0,    0,    0,    0, -999
19541111, 1800,  , TS, 12.0N, 141.2E,  50,    0,    0,    0,    0,    0,    0,    0,    0,    0,    0,    0,    0,    0, -999
19541112, 0000,  , TS, 12.1N, 139.7E,  50,    0,    0,    0,    0,    0,    0,    0,    0,    0,    0,    0,    0,    0, -999
19541112, 0600,  , HU, 12.2N, 138.2E,  75,    0,    0,    0,    0,    0,    0,    0,    0,    0,    0,    0,    0,    0, -999
19541112, 1200,  , HU, 12.3N, 136.8E,  75,    0,    0,    0,    0,    0,    0,    0,    0,    0,    0,    0,    0,    0, -999
19541112, 1800,  , HU, 12.4N, 135.2E,  85,    0,    0,    0,    0,    0,    0,    0,    0,    0,    0,    0,    0,    0, -999
19541113, 0000,  , HU, 12.6N, 133.7E, 100,    0,    0,    0,    0,    0,    0,    0,    0,    0,    0,    0,    0,    0, -999
19541113, 0600,  , HU, 12.6N, 132.1E, 125,    0,    0,    0,    0,    0,    0,    0,    0,    0,    0,    0,    0,    0, -999
19541113, 1200,  , HU, 12.4N, 131.0E, 125,    0,    0,    0,    0,    0,    0,    0,    0,    0,    0,    0,    0,    0, -999
19541113, 1800,  , HU, 12.4N, 130.1E, 125,    0,    0,    0,    0,    0,    0,    0,    0,    0,    0,    0,    0,    0, -999
19541114, 0000,  , HU, 12.4N, 129.4E, 150,    0,    0,    0,    0,    0,    0,    0,    0,    0,    0,    0,    0,    0, -999
19541114, 0600,  , HU, 12.7N, 129.2E, 150,    0,    0,    0,    0,    0,    0,    0,    0,    0,    0,    0,    0,    0, -999
19541114, 1200,  , HU, 13.1N, 129.2E, 150,    0,    0,    0,    0,    0,    0,    0,    0,    0,    0,    0,    0,    0, -999
19541114, 1800,  , HU, 12.9N, 128.9E, 150,    0,    0,    0,    0,    0,    0,    0,    0,    0,    0,    0,    0,    0, -999
19541115, 0000,  , HU, 13.1N, 128.2E, 150,    0,    0,    0,    0,    0,    0,    0,    0,    0,    0,    0,    0,    0, -999
19541115, 0600,  , HU, 13.3N, 127.8E, 150,    0,    0,    0,    0,    0,    0,    0,    0,    0,    0,    0,    0,    0, -999
19541115, 1200,  , HU, 13.7N, 127.3E, 150,    0,    0,    0,    0,    0,    0,    0,    0,    0,    0,    0,    0,    0, -999
19541115, 1800,  , HU, 14.1N, 126.6E, 150,    0,    0,    0,    0,    0,    0,    0,    0,    0,    0,    0,    0,    0, -999
19541116, 0000,  , HU, 14.5N, 126.0E, 150,    0,    0,    0,    0,    0,    0,    0,    0,    0,    0,    0,    0,    0, -999
19541116, 0600,  , HU, 15.1N, 125.5E, 150,    0,    0,    0,    0,    0,    0,    0,    0,    0,    0,    0,    0,    0, -999
19541116, 1200,  , HU, 15.5N, 124.8E, 150,    0,    0,    0,    0,    0,    0,    0,    0,    0,    0,    0,    0,    0, -999
19541116, 1800,  , HU, 15.9N, 123.9E, 140,    0,    0,    0,    0,    0,    0,    0,    0,    0,    0,    0,    0,    0, -999
19541117, 0000,  , HU, 16.2N, 123.2E, 150,    0,    0,    0,    0,    0,    0,    0,    0,    0,    0,    0,    0,    0, -999
19541117, 0600,  , HU, 16.6N, 123.0E, 150,    0,    0,    0,    0,    0,    0,    0,    0,    0,    0,    0,    0,    0, -999
19541117, 1200,  , HU, 16.8N, 122.8E, 150,    0,    0,    0,    0,    0,    0,    0,    0,    0,    0,    0,    0,    0, -999
19541117, 1800,  , HU, 17.0N, 122.6E, 150,    0,    0,    0,    0,    0,    0,    0,    0,    0,    0,    0,    0,    0, -999
19541118, 0000,  , HU, 17.2N, 122.5E, 125,    0,    0,    0,    0,    0,    0,    0,    0,    0,    0,    0,    0,    0, -999
19541118, 0600,  , HU, 17.7N, 122.6E, 125,    0,    0,    0,    0,    0,    0,    0,    0,    0,    0,    0,    0,    0, -999
19541118, 1200,  , HU, 18.1N, 123.2E, 125,    0,    0,    0,    0,    0,    0,    0,    0,    0,    0,    0,    0,    0, -999
19541118, 1800,  , HU, 18.5N, 124.1E, 125,    0,    0,    0,    0,    0,    0,    0,    0,    0,    0,    0,    0,    0, -999
19541119, 0000,  , HU, 18.9N, 125.0E, 125,    0,    0,    0,    0,    0,    0,    0,    0,    0,    0,    0,    0,    0, -999
19541119, 0600,  , HU, 19.1N, 125.6E, 100,    0,    0,    0,    0,    0,    0,    0,    0,    0,    0,    0,    0,    0, -999
19541119, 1200,  , HU, 19.4N, 126.9E,  75,    0,    0,    0,    0,    0,    0,    0,    0,    0,    0,    0,    0,    0, -999
19541119, 1800,  , TS, 19.7N, 128.0E,  50,    0,    0,    0,    0,    0,    0,    0,    0,    0,    0,    0,    0,    0, -999
19541120, 0000,  , LO, 19.8N, 129.3E,  25,    0,    0,    0,    0,    0,    0,    0,    0,    0,    0,    0,    0,    0, -999
19541120, 0600,  , LO, 20.2N, 130.8E,  25,    0,    0,    0,    0,    0,    0,    0,    0,    0,    0,    0,    0,    0, -999
