WP181969,            UNNAMED,     17,
19691124, 1200,  , LO,  9.9N, 133.1E,  25,    0,    0,    0,    0,    0,    0,    0,    0,    0,    0,    0,    0,    0, -999
19691124, 1800,  , LO, 10.4N, 132.6E,  30,    0,    0,    0,    0,    0,    0,    0,    0,    0,    0,    0,    0,    0, -999
19691125, 0000,  , LO, 10.9N, 132.1E,  30,    0,    0,    0,    0,    0,    0,    0,    0,    0,    0,    0,    0,    0, -999
19691125, 0600,  , LO, 11.6N, 131.7E,  30,    0,    0,    0,    0,    0,    0,    0,    0,    0,    0,    0,    0,    0, -999
19691125, 1200,  , TS, 12.2N, 131.3E,  35,    0,    0,    0,    0,    0,    0,    0,    0,    0,    0,    0,    0,    0, -999
19691125, 1800,  , TS, 12.9N, 131.3E,  35,    0,    0,    0,    0,    0,    0,    0,    0,    0,    0,    0,    0,    0, -999
19691126, 0000,  , TS, 13.5N, 131.5E,  40,    0,    0,    0,    0,    0,    0,    0,    0,    0,    0,    0,    0,    0, -999
19691126, 0600,  , TS, 14.3N, 131.6E,  40,    0,    0,    0,    0,    0,    0,    0,    0,    0,    0,    0,    0,    0, -999
19691126, 1200,  , TS, 13.7N, 131.7E,  45,    0,    0,    0,    0,    0,    0,    0,    0,    0,    0,    0,    0,    0, -999
19691126, 1800,  , TS, 13.5N, 131.3E,  50,    0,    0,    0,    0,    0,    0,    0,    0,    0,    0,    0,    0,    0, -999
19691127, 0000,  , TS, 13.7N, 130.9E,  50,    0,    0,    0,    0,    0,    0,    0,    0,    0,    0,    0,    0,    0, -999
19691127, 0600,  , TS, 14.1N, 130.6E,  45,    0,    0,    0,    0,    0,    0,    0,    0,    0,    0,    0,    0,    0, -999
19691127, 1200,  , TS, 14.4N, 130.1E,  40,    0,    0,    0,    0,    0,    0,    0,    0,    0,    0,    0,    0,    0, -999
19691127, 1800,  , TS, 14.5N, 129.6E,  35,    0,    0,    0,    0,    0,    0,    0,    0,    0,    0,    0,    0,    0, -999
19691128, 0000,  , TS, 14.8N, 129.2E,  35,    0,    0,    0,    0,    0,    0,    0,    0,    0,    0,    0,    0,    0, -999
19691128, 0600,  , LO, 15.3N, 128.9E,  30,    0,    0,    0,    0,    0,    0,    0,    0,    0,    0,    0,    0,    0, -999
19691128, 1200,  , LO, 15.7N, 128.6E,  25,    0,    0,    0,    0,    0,    0,    0,    0,    0,    0,    0,    0,    0, -999
