WP182017,              MAWAR,     12,
20170901, 0000,  , LO, 20.3N, 119.0E,  25, 1004,    0,    0,    0,    0,    0,    0,    0,    0,    0,    0,    0,    0, -999
20170901, 0600,  , LO, 20.6N, 118.8E,  25, 1004,    0,    0,    0,    0,    0,    0,    0,    0,    0,    0,    0,    0, -999
20170901, 1200,  , TD, 20.8N, 118.4E,  30, 1000,    0,    0,    0,    0,    0,    0,    0,    0,    0,    0,    0,    0, -999
20170901, 1800,  , TS, 21.1N, 117.6E,  35,  996,   55,   30,   30,   30,    0,    0,    0,    0,    0,    0,    0,    0, -999
20170902, 0000,  , TS, 21.2N, 117.4E,  40,  993,   35,   30,   50,   40,    0,    0,    0,    0,    0,    0,    0,    0, -999
20170902, 0600,  , TS, 21.3N, 117.3E,  40,  993,   70,   65,   50,   50,    0,    0,    0,    0,    0,    0,    0,    0, -999
20170902, 1200,  , TS, 21.4N, 117.3E,  40,  993,   70,   65,   50,   50,    0,    0,    0,    0,    0,    0,    0,    0, -999
20170902, 1800,  , TS, 21.6N, 117.0E,  40,  993,   70,   65,   50,   50,    0,    0,    0,    0,    0,    0,    0,    0, -999
20170903, 0000,  , TS, 21.9N, 116.7E,  45,  989,   50,   55,   60,   55,    0,    0,    0,    0,    0,    0,    0,    0, -999
20170903, 0600,  , TS, 22.2N, 116.4E,  40,  993,   70,   65,   50,   50,    0,    0,    0,    0,    0,    0,    0,    0, -999
20170903, 1200,  , TS, 22.7N, 116.2E,  35,  996,   65,   60,   50,   50,    0,    0,    0,    0,    0,    0,    0,    0, -999
20170903, 1800,  , TD, 23.2N, 115.5E,  25, 1004,    0,    0,    0,    0,    0,    0,    0,    0,    0,    0,    0,    0, -999
