WP191998,            UNNAMED,     11,
19981010, 0600,  , TS, 13.1N, 148.8E,  45,    0,    0,    0,    0,    0,    0,    0,    0,    0,    0,    0,    0,    0, -999
19981010, 1200,  , TS, 13.6N, 147.4E,  50,    0,    0,    0,    0,    0,    0,    0,    0,    0,    0,    0,    0,    0, -999
19981010, 1800,  , TS, 14.2N, 145.5E,  50,    0,    0,    0,    0,    0,    0,    0,    0,    0,    0,    0,    0,    0, -999
19981011, 0000,  , TS, 14.5N, 143.6E,  45,    0,    0,    0,    0,    0,    0,    0,    0,    0,    0,    0,    0,    0, -999
19981011, 0600,  , TS, 15.1N, 141.8E,  45,    0,    0,    0,    0,    0,    0,    0,    0,    0,    0,    0,    0,    0, -999
19981011, 1200,  , TS, 15.8N, 139.7E,  40,    0,    0,    0,    0,    0,    0,    0,    0,    0,    0,    0,    0,    0, -999
19981011, 1800,  , TS, 16.7N, 137.4E,  35,    0,    0,    0,    0,    0,    0,    0,    0,    0,    0,    0,    0,    0, -999
19981012, 0000,  , LO, 17.7N, 134.4E,  30,    0,    0,    0,    0,    0,    0,    0,    0,    0,    0,    0,    0,    0, -999
19981012, 0600,  , LO, 18.2N, 131.2E,  30,    0,    0,    0,    0,    0,    0,    0,    0,    0,    0,    0,    0,    0, -999
19981012, 1200,  , LO, 17.0N, 128.3E,  30,    0,    0,    0,    0,    0,    0,    0,    0,    0,    0,    0,    0,    0, -999
19981012, 1800,  , LO, 14.3N, 127.0E,  25,    0,    0,    0,    0,    0,    0,    0,    0,    0,    0,    0,    0,    0, -999
