WP191993,            UNNAMED,     36,
19930827, 1200,  , LO, 17.0N, 141.7E,  10,    0,    0,    0,    0,    0,    0,    0,    0,    0,    0,    0,    0,    0, -999
19930827, 1800,  , LO, 17.7N, 141.4E,  15,    0,    0,    0,    0,    0,    0,    0,    0,    0,    0,    0,    0,    0, -999
19930828, 0000,  , LO, 18.4N, 141.1E,  15,    0,    0,    0,    0,    0,    0,    0,    0,    0,    0,    0,    0,    0, -999
19930828, 0600,  , LO, 19.1N, 140.5E,  15,    0,    0,    0,    0,    0,    0,    0,    0,    0,    0,    0,    0,    0, -999
19930828, 1200,  , LO, 19.6N, 139.7E,  20,    0,    0,    0,    0,    0,    0,    0,    0,    0,    0,    0,    0,    0, -999
19930828, 1800,  , LO, 19.8N, 138.8E,  20,    0,    0,    0,    0,    0,    0,    0,    0,    0,    0,    0,    0,    0, -999
19930829, 0000,  , LO, 19.9N, 137.8E,  25,    0,    0,    0,    0,    0,    0,    0,    0,    0,    0,    0,    0,    0, -999
19930829, 0600,  , LO, 20.0N, 136.8E,  30,    0,    0,    0,    0,    0,    0,    0,    0,    0,    0,    0,    0,    0, -999
19930829, 1200,  , LO, 20.0N, 135.7E,  30,    0,    0,    0,    0,    0,    0,    0,    0,    0,    0,    0,    0,    0, -999
19930829, 1800,  , LO, 20.3N, 134.8E,  30,    0,    0,    0,    0,    0,    0,    0,    0,    0,    0,    0,    0,    0, -999
19930830, 0000,  , LO, 20.9N, 134.2E,  30,    0,    0,    0,    0,    0,    0,    0,    0,    0,    0,    0,    0,    0, -999
19930830, 0600,  , TS, 21.5N, 133.2E,  35,    0,    0,    0,    0,    0,    0,    0,    0,    0,    0,    0,    0,    0, -999
19930830, 1200,  , TS, 22.0N, 131.9E,  35,    0,    0,    0,    0,    0,    0,    0,    0,    0,    0,    0,    0,    0, -999
19930830, 1800,  , TS, 21.8N, 130.4E,  40,    0,    0,    0,    0,    0,    0,    0,    0,    0,    0,    0,    0,    0, -999
19930831, 0000,  , TS, 21.1N, 129.2E,  45,    0,    0,    0,    0,    0,    0,    0,    0,    0,    0,    0,    0,    0, -999
19930831, 0600,  , TS, 20.7N, 128.1E,  55,    0,    0,    0,    0,    0,    0,    0,    0,    0,    0,    0,    0,    0, -999
19930831, 1200,  , TS, 21.0N, 127.3E,  60,    0,    0,    0,    0,    0,    0,    0,    0,    0,    0,    0,    0,    0, -999
19930831, 1800,  , HU, 21.5N, 126.7E,  65,    0,    0,    0,    0,    0,    0,    0,    0,    0,    0,    0,    0,    0, -999
19930901, 0000,  , HU, 22.1N, 126.1E,  75,    0,    0,    0,    0,    0,    0,    0,    0,    0,    0,    0,    0,    0, -999
19930901, 0600,  , HU, 22.7N, 125.7E,  90,    0,    0,    0,    0,    0,    0,    0,    0,    0,    0,    0,    0,    0, -999
19930901, 1200,  , HU, 23.3N, 125.4E, 100,    0,    0,    0,    0,    0,    0,    0,    0,    0,    0,    0,    0,    0, -999
19930901, 1800,  , HU, 24.0N, 125.4E, 105,    0,    0,    0,    0,    0,    0,    0,    0,    0,    0,    0,    0,    0, -999
19930902, 0000,  , HU, 24.9N, 125.7E, 115,    0,    0,    0,    0,    0,    0,    0,    0,    0,    0,    0,    0,    0, -999
19930902, 0600,  , HU, 25.9N, 126.3E, 130,    0,    0,    0,    0,    0,    0,    0,    0,    0,    0,    0,    0,    0, -999
19930902, 1200,  , HU, 27.0N, 127.1E, 125,    0,    0,    0,    0,    0,    0,    0,    0,    0,    0,    0,    0,    0, -999
19930902, 1800,  , HU, 28.1N, 127.9E, 120,    0,    0,    0,    0,    0,    0,    0,    0,    0,    0,    0,    0,    0, -999
19930903, 0000,  , HU, 29.4N, 129.0E, 120,    0,    0,    0,    0,    0,    0,    0,    0,    0,    0,    0,    0,    0, -999
19930903, 0600,  , HU, 30.9N, 130.3E, 115,    0,    0,    0,    0,    0,    0,    0,    0,    0,    0,    0,    0,    0, -999
19930903, 1200,  , HU, 32.7N, 131.8E, 110,    0,    0,    0,    0,    0,    0,    0,    0,    0,    0,    0,    0,    0, -999
19930903, 1800,  , HU, 34.7N, 133.7E,  75,    0,    0,    0,    0,    0,    0,    0,    0,    0,    0,    0,    0,    0, -999
19930904, 0000,  , TS, 37.2N, 136.0E,  55,    0,    0,    0,    0,    0,    0,    0,    0,    0,    0,    0,    0,    0, -999
19930904, 0600,  , TS, 39.3N, 137.4E,  45,    0,    0,    0,    0,    0,    0,    0,    0,    0,    0,    0,    0,    0, -999
19930904, 1200,  , TS, 40.6N, 137.6E,  40,    0,    0,    0,    0,    0,    0,    0,    0,    0,    0,    0,    0,    0, -999
19930904, 1800,  , TS, 41.6N, 137.3E,  35,    0,    0,    0,    0,    0,    0,    0,    0,    0,    0,    0,    0,    0, -999
19930905, 0000,  , LO, 41.8N, 137.0E,  30,    0,    0,    0,    0,    0,    0,    0,    0,    0,    0,    0,    0,    0, -999
19930905, 0600,  , LO, 41.9N, 136.5E,  25,    0,    0,    0,    0,    0,    0,    0,    0,    0,    0,    0,    0,    0, -999
