WP191953,            UNNAMED,     49,
19531011, 1200,  , TS,  9.4N, 160.0E,  35,    0,    0,    0,    0,    0,    0,    0,    0,    0,    0,    0,    0,    0, -999
19531011, 1800,  , TS,  9.8N, 158.4E,  35,    0,    0,    0,    0,    0,    0,    0,    0,    0,    0,    0,    0,    0, -999
19531012, 0000,  , TS, 10.0N, 157.0E,  35,    0,    0,    0,    0,    0,    0,    0,    0,    0,    0,    0,    0,    0, -999
19531012, 0600,  , TS, 10.1N, 155.4E,  35,    0,    0,    0,    0,    0,    0,    0,    0,    0,    0,    0,    0,    0, -999
19531012, 1200,  , TS, 10.2N, 154.0E,  35,    0,    0,    0,    0,    0,    0,    0,    0,    0,    0,    0,    0,    0, -999
19531012, 1800,  , TS, 10.6N, 152.5E,  40,    0,    0,    0,    0,    0,    0,    0,    0,    0,    0,    0,    0,    0, -999
19531013, 0000,  , TS, 11.3N, 151.4E,  40,    0,    0,    0,    0,    0,    0,    0,    0,    0,    0,    0,    0,    0, -999
19531013, 0600,  , TS, 12.0N, 150.1E,  40,    0,    0,    0,    0,    0,    0,    0,    0,    0,    0,    0,    0,    0, -999
19531013, 1200,  , TS, 12.9N, 148.9E,  40,    0,    0,    0,    0,    0,    0,    0,    0,    0,    0,    0,    0,    0, -999
19531013, 1800,  , TS, 13.5N, 147.5E,  40,    0,    0,    0,    0,    0,    0,    0,    0,    0,    0,    0,    0,    0, -999
19531014, 0000,  , TS, 13.8N, 146.2E,  45,    0,    0,    0,    0,    0,    0,    0,    0,    0,    0,    0,    0,    0, -999
19531014, 0600,  , TS, 13.9N, 145.3E,  50,    0,    0,    0,    0,    0,    0,    0,    0,    0,    0,    0,    0,    0, -999
19531014, 1200,  , TS, 14.0N, 144.2E,  50,    0,    0,    0,    0,    0,    0,    0,    0,    0,    0,    0,    0,    0, -999
19531014, 1800,  , TS, 14.0N, 144.0E,  60,    0,    0,    0,    0,    0,    0,    0,    0,    0,    0,    0,    0,    0, -999
19531015, 0000,  , HU, 14.1N, 143.8E,  65,    0,    0,    0,    0,    0,    0,    0,    0,    0,    0,    0,    0,    0, -999
19531015, 0600,  , HU, 14.2N, 143.7E,  65,    0,    0,    0,    0,    0,    0,    0,    0,    0,    0,    0,    0,    0, -999
19531015, 1200,  , HU, 14.5N, 143.5E,  65,    0,    0,    0,    0,    0,    0,    0,    0,    0,    0,    0,    0,    0, -999
19531015, 1800,  , HU, 15.0N, 142.9E,  70,    0,    0,    0,    0,    0,    0,    0,    0,    0,    0,    0,    0,    0, -999
19531016, 0000,  , HU, 15.3N, 142.3E,  80,    0,    0,    0,    0,    0,    0,    0,    0,    0,    0,    0,    0,    0, -999
19531016, 0600,  , HU, 15.9N, 142.0E,  85,    0,    0,    0,    0,    0,    0,    0,    0,    0,    0,    0,    0,    0, -999
19531016, 1200,  , HU, 16.4N, 141.6E,  90,    0,    0,    0,    0,    0,    0,    0,    0,    0,    0,    0,    0,    0, -999
19531016, 1800,  , HU, 16.8N, 141.2E,  90,    0,    0,    0,    0,    0,    0,    0,    0,    0,    0,    0,    0,    0, -999
19531017, 0000,  , HU, 17.2N, 141.0E,  90,    0,    0,    0,    0,    0,    0,    0,    0,    0,    0,    0,    0,    0, -999
19531017, 0600,  , HU, 17.6N, 141.0E,  90,    0,    0,    0,    0,    0,    0,    0,    0,    0,    0,    0,    0,    0, -999
19531017, 1200,  , HU, 18.3N, 141.3E,  90,    0,    0,    0,    0,    0,    0,    0,    0,    0,    0,    0,    0,    0, -999
19531017, 1800,  , HU, 19.0N, 142.0E,  90,    0,    0,    0,    0,    0,    0,    0,    0,    0,    0,    0,    0,    0, -999
19531018, 0000,  , HU, 19.8N, 142.5E,  90,    0,    0,    0,    0,    0,    0,    0,    0,    0,    0,    0,    0,    0, -999
19531018, 0600,  , HU, 21.7N, 143.5E,  90,    0,    0,    0,    0,    0,    0,    0,    0,    0,    0,    0,    0,    0, -999
19531018, 1200,  , HU, 23.5N, 144.5E,  95,    0,    0,    0,    0,    0,    0,    0,    0,    0,    0,    0,    0,    0, -999
19531018, 1800,  , HU, 25.8N, 144.8E, 100,    0,    0,    0,    0,    0,    0,    0,    0,    0,    0,    0,    0,    0, -999
19531019, 0000,  , HU, 28.0N, 145.0E, 100,    0,    0,    0,    0,    0,    0,    0,    0,    0,    0,    0,    0,    0, -999
19531019, 0600,  , HU, 30.4N, 145.5E,  90,    0,    0,    0,    0,    0,    0,    0,    0,    0,    0,    0,    0,    0, -999
19531019, 1200,  , HU, 32.0N, 147.0E,  85,    0,    0,    0,    0,    0,    0,    0,    0,    0,    0,    0,    0,    0, -999
19531019, 1800,  , HU, 34.0N, 148.1E,  70,    0,    0,    0,    0,    0,    0,    0,    0,    0,    0,    0,    0,    0, -999
19531020, 0000,  , HU, 36.2N, 149.3E,  75,    0,    0,    0,    0,    0,    0,    0,    0,    0,    0,    0,    0,    0, -999
19531020, 0600,  , HU, 36.8N, 149.7E,  65,    0,    0,    0,    0,    0,    0,    0,    0,    0,    0,    0,    0,    0, -999
19531020, 1200,  , HU, 38.6N, 152.0E,  65,    0,    0,    0,    0,    0,    0,    0,    0,    0,    0,    0,    0,    0, -999
19531020, 1800,  , TS, 39.0N, 158.5E,  60,    0,    0,    0,    0,    0,    0,    0,    0,    0,    0,    0,    0,    0, -999
19531021, 0000,  , TS, 39.5N, 161.5E,  60,    0,    0,    0,    0,    0,    0,    0,    0,    0,    0,    0,    0,    0, -999
19531021, 0600,  , TS, 39.8N, 162.0E,  55,    0,    0,    0,    0,    0,    0,    0,    0,    0,    0,    0,    0,    0, -999
19531021, 1200,  , TS, 40.0N, 163.5E,  50,    0,    0,    0,    0,    0,    0,    0,    0,    0,    0,    0,    0,    0, -999
19531021, 1800,  , TS, 40.5N, 167.0E,  45,    0,    0,    0,    0,    0,    0,    0,    0,    0,    0,    0,    0,    0, -999
19531022, 0000,  , TS, 40.0N, 170.5E,  40,    0,    0,    0,    0,    0,    0,    0,    0,    0,    0,    0,    0,    0, -999
19531022, 0600,  , TS, 39.5N, 174.0E,  40,    0,    0,    0,    0,    0,    0,    0,    0,    0,    0,    0,    0,    0, -999
19531022, 1200,  , TS, 39.7N, 178.5E,  40,    0,    0,    0,    0,    0,    0,    0,    0,    0,    0,    0,    0,    0, -999
19531022, 1800,  , TS, 40.0N, 177.5W,  35,    0,    0,    0,    0,    0,    0,    0,    0,    0,    0,    0,    0,    0, -999
19531023, 0000,  , TS, 41.0N, 175.0W,  45,    0,    0,    0,    0,    0,    0,    0,    0,    0,    0,    0,    0,    0, -999
19531023, 0600,  , TS, 41.6N, 172.5W,  50,    0,    0,    0,    0,    0,    0,    0,    0,    0,    0,    0,    0,    0, -999
19531023, 1200,  , TS, 42.5N, 169.0W,  60,    0,    0,    0,    0,    0,    0,    0,    0,    0,    0,    0,    0,    0, -999
