WP192021,            CHANTHU,     52,
20210905, 1800,  , DB, 13.4N, 138.9E,  20, 1006,    0,    0,    0,    0,    0,    0,    0,    0,    0,    0,    0,    0, -999
20210906, 0000,  , TD, 13.5N, 138.6E,  25, 1004,    0,    0,    0,    0,    0,    0,    0,    0,    0,    0,    0,    0, -999
20210906, 0600,  , TD, 14.1N, 138.5E,  30, 1001,    0,    0,    0,    0,    0,    0,    0,    0,    0,    0,    0,    0, -999
20210906, 1200,  , TS, 14.8N, 137.9E,  35,  999,   15,   25,   30,   10,    0,    0,    0,    0,    0,    0,    0,    0, -999
20210906, 1800,  , TS, 15.2N, 137.4E,  45,  997,   20,   30,   35,   15,    0,    0,    0,    0,    0,    0,    0,    0, -999
20210907, 0000,  , TS, 15.6N, 136.6E,  50,  995,   25,   30,   35,   20,    0,    0,   15,   15,    0,    0,    0,    0, -999
20210907, 0600,  , HU, 16.2N, 135.7E,  65,  985,   30,   30,   30,   25,    0,    0,   15,   15,    0,    0,   10,   10, -999
20210907, 1200,  , HU, 16.3N, 134.6E,  95,  966,   35,   30,   25,   30,   20,   20,   15,   15,   10,    5,   10,   10, -999
20210907, 1800,  , HU, 16.2N, 133.5E, 125,  937,   50,   40,   35,   30,   25,   25,   20,   20,   15,   15,   15,   15, -999
20210908, 0000,  , XX, 16.0N, 132.3E, 130,  932,   60,   50,   40,   30,   30,   30,   20,   20,   15,   15,   15,   15, -999
20210908, 0600,  , XX, 15.6N, 131.3E, 140,  922,   60,   50,   40,   45,   30,   30,   20,   20,   15,   20,   15,   15, -999
20210908, 1200,  , XX, 15.5N, 130.3E, 130,  935,   60,   45,   45,   60,   30,   30,   20,   20,   20,   25,   15,   15, -999
20210908, 1800,  , XX, 15.4N, 129.1E, 135,  929,   60,   55,   55,   60,   30,   30,   35,   25,   20,   25,   25,   20, -999
20210909, 0000,  , XX, 15.4N, 128.0E, 140,  924,   70,   60,   55,   60,   30,   25,   25,   30,   20,   20,   20,   25, -999
20210909, 0600,  , XX, 15.8N, 127.1E, 130,  932,   80,   80,   65,   85,   30,   30,   35,   45,   25,   20,   25,   30, -999
20210909, 1200,  , HU, 16.1N, 125.9E, 120,  942,   75,   60,   60,   65,   30,   25,   35,   40,   25,   20,   20,   30, -999
20210909, 1800,  , HU, 16.6N, 124.9E, 125,  936,   75,   80,   70,   70,   40,   35,   40,   50,   35,   30,   30,   40, -999
20210910, 0000,  , XX, 17.1N, 124.1E, 135,  928,   80,   75,   65,   75,   40,   30,   30,   45,   35,   25,   25,   35, -999
20210910, 0600,  , XX, 17.8N, 123.5E, 145,  916,   90,   80,   70,   80,   45,   40,   35,   45,   35,   30,   25,   30, -999
20210910, 1200,  , XX, 18.8N, 122.8E, 150,  911,   95,   90,   80,   90,   50,   50,   40,   50,   30,   30,   30,   30, -999
20210910, 1800,  , XX, 19.5N, 122.3E, 155,  902,  110,  100,   85,  100,   60,   60,   45,   60,   30,   30,   30,   30, -999
20210911, 0000,  , XX, 20.3N, 122.0E, 145,  915,  125,  110,   90,  100,   65,   70,   50,   65,   30,   35,   30,   30, -999
20210911, 0600,  , XX, 21.0N, 121.5E, 130,  925,  140,  120,   95,  105,   75,   80,   55,   75,   30,   35,   30,   30, -999
20210911, 1200,  , HU, 21.8N, 121.8E, 110,  945,  145,  125,  100,   75,   70,   65,   40,   50,   30,   30,   25,   30, -999
20210911, 1800,  , HU, 22.8N, 122.0E, 110,  944,  140,  125,   80,   75,   70,   60,   35,   40,   30,   30,   20,   25, -999
20210912, 0000,  , HU, 23.8N, 122.3E, 105,  948,  135,  125,   60,   60,   75,   55,   40,   40,   30,   30,   20,   25, -999
20210912, 0600,  , HU, 25.3N, 122.3E, 105,  943,  130,  145,   65,   80,   80,   70,   45,   35,   30,   30,   20,   25, -999
20210912, 1200,  , HU, 26.3N, 122.7E,  95,  949,  125,  165,   70,  100,   90,   90,   50,   30,   30,   30,   20,   20, -999
20210912, 1800,  , HU, 27.6N, 123.1E,  90,  953,  160,  155,   90,  140,   70,   80,   50,   25,   30,   30,   20,   20, -999
20210913, 0000,  , HU, 29.1N, 123.6E,  85,  959,  185,  145,  125,  185,   50,   70,   50,   20,   20,   30,   20,   15, -999
20210913, 0600,  , HU, 30.7N, 123.4E,  75,  968,  165,  140,  125,  170,   40,   45,   40,   20,   20,   25,   20,   15, -999
20210913, 1200,  , HU, 30.9N, 123.2E,  65,  975,  155,  135,  125,  160,   30,   35,   30,   20,   20,   20,   20,   15, -999
20210913, 1800,  , TS, 31.5N, 123.6E,  55,  980,  145,  130,  120,  150,   20,   20,   20,   20,    0,    0,    0,    0, -999
20210914, 0000,  , TS, 31.3N, 123.8E,  40,  990,  135,  120,  120,  135,    0,    0,    0,    0,    0,    0,    0,    0, -999
20210914, 0600,  , TS, 30.9N, 124.3E,  40,  991,  100,  115,  120,  130,    0,    0,    0,    0,    0,    0,    0,    0, -999
20210914, 1200,  , TS, 30.5N, 124.8E,  35,  994,   85,  110,  120,  130,    0,    0,    0,    0,    0,    0,    0,    0, -999
20210914, 1800,  , TS, 30.3N, 125.3E,  35,  996,   70,  110,  120,  125,    0,    0,    0,    0,    0,    0,    0,    0, -999
20210915, 0000,  , TS, 30.2N, 125.7E,  40,  994,   60,  105,  120,  125,    0,    0,    0,    0,    0,    0,    0,    0, -999
20210915, 0600,  , TS, 30.1N, 125.6E,  45,  991,   60,   85,   90,  125,    0,    0,    0,    0,    0,    0,    0,    0, -999
20210915, 1200,  , TS, 30.0N, 125.4E,  45,  991,   60,   70,   60,  120,    0,    0,    0,    0,    0,    0,    0,    0, -999
20210915, 1800,  , TS, 30.2N, 125.2E,  50,  987,   70,   80,   80,  120,   30,   20,   20,   30,    0,    0,    0,    0, -999
20210916, 0000,  , TS, 30.4N, 125.1E,  55,  982,   80,   95,   95,  120,   30,   20,   20,   30,    0,    0,    0,    0, -999
20210916, 0600,  , TS, 30.9N, 125.4E,  55,  983,   90,   95,  100,  120,   35,   30,   30,   40,    0,    0,    0,    0, -999
20210916, 1200,  , TS, 31.3N, 125.9E,  50,  986,  100,  100,  100,  100,   35,   30,   25,   35,    0,    0,    0,    0, -999
20210916, 1800,  , TS, 32.3N, 126.4E,  45,  989,  115,  115,  100,   95,    0,    0,    0,    0,    0,    0,    0,    0, -999
20210917, 0000,  , TS, 32.9N, 127.5E,  40,  994,  100,  120,   95,   85,    0,    0,    0,    0,    0,    0,    0,    0, -999
20210917, 0600,  , TS, 33.4N, 129.1E,  40,  993,   75,   90,   70,   55,    0,    0,    0,    0,    0,    0,    0,    0, -999
20210917, 1200,  , TS, 33.7N, 131.5E,  35,  999,   50,   60,   50,   40,    0,    0,    0,    0,    0,    0,    0,    0, -999
20210917, 1800,  , TD, 33.9N, 134.2E,  30, 1000,    0,    0,    0,    0,    0,    0,    0,    0,    0,    0,    0,    0, -999
20210918, 0000,  , TD, 34.5N, 136.8E,  25, 1001,    0,    0,    0,    0,    0,    0,    0,    0,    0,    0,    0,    0, -999
20210918, 0600,  , TD, 34.4N, 137.7E,  25, 1000,    0,    0,    0,    0,    0,    0,    0,    0,    0,    0,    0,    0, -999
20210918, 0900,  , DB, 34.1N, 138.3E,  15, 1005,    0,    0,    0,    0,    0,    0,    0,    0,    0,    0,    0,    0, -999
