WP191970,            UNNAMED,      9,
19701027, 0600,  , TS, 11.8N, 115.5E,  45,    0,    0,    0,    0,    0,    0,    0,    0,    0,    0,    0,    0,    0, -999
19701027, 1200,  , TS, 12.1N, 114.4E,  50,    0,    0,    0,    0,    0,    0,    0,    0,    0,    0,    0,    0,    0, -999
19701027, 1800,  , TS, 12.3N, 112.9E,  50,    0,    0,    0,    0,    0,    0,    0,    0,    0,    0,    0,    0,    0, -999
19701028, 0000,  , TS, 12.3N, 111.5E,  50,    0,    0,    0,    0,    0,    0,    0,    0,    0,    0,    0,    0,    0, -999
19701028, 0600,  , TS, 11.9N, 110.3E,  50,    0,    0,    0,    0,    0,    0,    0,    0,    0,    0,    0,    0,    0, -999
19701028, 1200,  , TS, 11.6N, 109.5E,  60,    0,    0,    0,    0,    0,    0,    0,    0,    0,    0,    0,    0,    0, -999
19701028, 1800,  , TS, 11.2N, 108.5E,  35,    0,    0,    0,    0,    0,    0,    0,    0,    0,    0,    0,    0,    0, -999
19701029, 0000,  , TS, 10.9N, 107.5E,  35,    0,    0,    0,    0,    0,    0,    0,    0,    0,    0,    0,    0,    0, -999
19701029, 0600,  , LO, 10.7N, 106.5E,  25,    0,    0,    0,    0,    0,    0,    0,    0,    0,    0,    0,    0,    0, -999
