WP191971,            UNNAMED,     31,
19710729, 0600,  , LO, 22.8N, 143.5E,  25,    0,    0,    0,    0,    0,    0,    0,    0,    0,    0,    0,    0,    0, -999
19710729, 1200,  , LO, 23.2N, 144.3E,  25,    0,    0,    0,    0,    0,    0,    0,    0,    0,    0,    0,    0,    0, -999
19710729, 1800,  , LO, 23.7N, 143.4E,  25,    0,    0,    0,    0,    0,    0,    0,    0,    0,    0,    0,    0,    0, -999
19710730, 0000,  , LO, 24.0N, 142.5E,  30,    0,    0,    0,    0,    0,    0,    0,    0,    0,    0,    0,    0,    0, -999
19710730, 0600,  , LO, 24.2N, 141.6E,  30,    0,    0,    0,    0,    0,    0,    0,    0,    0,    0,    0,    0,    0, -999
19710730, 1200,  , LO, 24.0N, 140.7E,  30,    0,    0,    0,    0,    0,    0,    0,    0,    0,    0,    0,    0,    0, -999
19710730, 1800,  , TS, 24.0N, 139.8E,  35,    0,    0,    0,    0,    0,    0,    0,    0,    0,    0,    0,    0,    0, -999
19710731, 0000,  , TS, 23.9N, 139.1E,  40,    0,    0,    0,    0,    0,    0,    0,    0,    0,    0,    0,    0,    0, -999
19710731, 0600,  , TS, 23.8N, 138.3E,  40,    0,    0,    0,    0,    0,    0,    0,    0,    0,    0,    0,    0,    0, -999
19710731, 1200,  , TS, 23.7N, 137.8E,  45,    0,    0,    0,    0,    0,    0,    0,    0,    0,    0,    0,    0,    0, -999
19710731, 1800,  , TS, 23.4N, 137.3E,  50,    0,    0,    0,    0,    0,    0,    0,    0,    0,    0,    0,    0,    0, -999
19710801, 0000,  , TS, 23.9N, 136.9E,  55,    0,    0,    0,    0,    0,    0,    0,    0,    0,    0,    0,    0,    0, -999
19710801, 0600,  , TS, 24.3N, 136.4E,  60,    0,    0,    0,    0,    0,    0,    0,    0,    0,    0,    0,    0,    0, -999
19710801, 1200,  , TS, 24.4N, 135.9E,  60,    0,    0,    0,    0,    0,    0,    0,    0,    0,    0,    0,    0,    0, -999
19710801, 1800,  , TS, 24.4N, 135.3E,  60,    0,    0,    0,    0,    0,    0,    0,    0,    0,    0,    0,    0,    0, -999
19710802, 0000,  , TS, 24.8N, 134.9E,  60,    0,    0,    0,    0,    0,    0,    0,    0,    0,    0,    0,    0,    0, -999
19710802, 0600,  , TS, 25.3N, 134.6E,  60,    0,    0,    0,    0,    0,    0,    0,    0,    0,    0,    0,    0,    0, -999
19710802, 1200,  , HU, 25.8N, 134.1E,  65,    0,    0,    0,    0,    0,    0,    0,    0,    0,    0,    0,    0,    0, -999
19710802, 1800,  , HU, 26.4N, 133.4E,  65,    0,    0,    0,    0,    0,    0,    0,    0,    0,    0,    0,    0,    0, -999
19710803, 0000,  , HU, 27.2N, 132.8E,  75,    0,    0,    0,    0,    0,    0,    0,    0,    0,    0,    0,    0,    0, -999
19710803, 0600,  , HU, 27.9N, 132.0E,  80,    0,    0,    0,    0,    0,    0,    0,    0,    0,    0,    0,    0,    0, -999
19710803, 1200,  , HU, 28.5N, 131.1E,  85,    0,    0,    0,    0,    0,    0,    0,    0,    0,    0,    0,    0,    0, -999
19710803, 1800,  , HU, 28.9N, 130.5E,  85,    0,    0,    0,    0,    0,    0,    0,    0,    0,    0,    0,    0,    0, -999
19710804, 0000,  , HU, 29.3N, 130.2E,  85,    0,    0,    0,    0,    0,    0,    0,    0,    0,    0,    0,    0,    0, -999
19710804, 0600,  , HU, 29.9N, 129.9E,  85,    0,    0,    0,    0,    0,    0,    0,    0,    0,    0,    0,    0,    0, -999
19710804, 1200,  , HU, 30.4N, 130.3E,  85,    0,    0,    0,    0,    0,    0,    0,    0,    0,    0,    0,    0,    0, -999
19710804, 1800,  , HU, 31.1N, 129.9E,  75,    0,    0,    0,    0,    0,    0,    0,    0,    0,    0,    0,    0,    0, -999
19710805, 0000,  , HU, 32.4N, 130.3E,  65,    0,    0,    0,    0,    0,    0,    0,    0,    0,    0,    0,    0,    0, -999
19710805, 0600,  , TS, 33.9N, 130.1E,  60,    0,    0,    0,    0,    0,    0,    0,    0,    0,    0,    0,    0,    0, -999
19710805, 1200,  , TS, 35.6N, 130.6E,  55,    0,    0,    0,    0,    0,    0,    0,    0,    0,    0,    0,    0,    0, -999
19710805, 1800,  , TS, 37.5N, 130.7E,  50,    0,    0,    0,    0,    0,    0,    0,    0,    0,    0,    0,    0,    0, -999
