WP192022,              KULAP,     17,
20220925, 1200,  , XX, 20.9N, 145.1E,  30, 1000,    0,    0,    0,    0,    0,    0,    0,    0,    0,    0,    0,    0, -999
20220925, 1800,  , XX, 21.6N, 144.4E,  30, 1000,    0,    0,    0,    0,    0,    0,    0,    0,    0,    0,    0,    0, -999
20220926, 0000,  , TD, 22.8N, 143.3E,  30,  989,    0,    0,    0,    0,    0,    0,    0,    0,    0,    0,    0,    0, -999
20220926, 0600,  , TS, 23.9N, 142.6E,  40,  996,   90,   70,   40,   50,    0,    0,    0,    0,    0,    0,    0,    0, -999
20220926, 1200,  , TS, 25.9N, 142.4E,  45,  992,  100,   80,   50,   60,    0,    0,    0,    0,    0,    0,    0,    0, -999
20220926, 1800,  , TS, 27.0N, 142.1E,  50,  989,  110,   90,   60,   70,    0,    0,    0,    0,    0,    0,    0,    0, -999
20220927, 0000,  , TS, 27.9N, 141.6E,  45,  992,  120,  100,   70,   80,    0,    0,    0,    0,    0,    0,    0,    0, -999
20220927, 0600,  , TS, 28.6N, 141.8E,  45,  992,  120,  110,   80,  100,    0,    0,    0,    0,    0,    0,    0,    0, -999
20220927, 1200,  , TS, 29.8N, 142.5E,  50,  989,  130,  120,  100,  120,   65,   60,   50,   60,    0,    0,    0,    0, -999
20220927, 1800,  , TS, 30.6N, 143.5E,  55,  985,  140,  120,  120,  130,   75,   60,   60,   65,    0,    0,    0,    0, -999
20220928, 0000,  , TS, 32.1N, 145.3E,  55,  985,  135,  155,  120,   90,   70,   85,   60,   40,    0,    0,    0,    0, -999
20220928, 0600,  , TS, 33.4N, 147.6E,  60,  977,  130,  165,  130,   95,   65,   90,   65,   45,    0,    0,    0,    0, -999
20220928, 1200,  , HU, 34.9N, 150.5E,  65,  973,  145,  175,  140,   95,   75,   95,   75,   45,   40,   50,   40,   25, -999
20220928, 1800,  , HU, 36.6N, 153.1E,  70,  968,  160,  180,  155,  100,   85,  100,   85,   50,   45,   55,   45,   25, -999
20220929, 0000,  , HU, 38.8N, 155.9E,  75,  963,  160,  180,  170,  105,   85,  100,   95,   50,   45,   55,   50,   25, -999
20220929, 0600,  , HU, 41.5N, 159.4E,  70,  966,  170,  230,  130,  200,   95,  130,   70,   45,   30,   30,   20,   20, -999
20220929, 1200,  , EX, 44.5N, 163.5E,  65,  964,  170,  275,  250,  260,   95,  160,  145,  150,   50,   85,   75,   80, -999
