WP192001,            UNNAMED,     37,
20010903, 0000,  , TD, 18.9N, 156.4E,  25, 1002,    0,    0,    0,    0,    0,    0,    0,    0,    0,    0,    0,    0, -999
20010903, 0600,  , TD, 19.0N, 155.6E,  25, 1002,    0,    0,    0,    0,    0,    0,    0,    0,    0,    0,    0,    0, -999
20010903, 1200,  , TD, 18.8N, 154.8E,  30, 1000,    0,    0,    0,    0,    0,    0,    0,    0,    0,    0,    0,    0, -999
20010903, 1800,  , TS, 18.5N, 153.9E,  35,  997,    0,    0,    0,    0,    0,    0,    0,    0,    0,    0,    0,    0, -999
20010904, 0000,  , TS, 18.5N, 152.8E,  40,  994,    0,    0,    0,    0,    0,    0,    0,    0,    0,    0,    0,    0, -999
20010904, 0600,  , TS, 18.6N, 152.1E,  50,  987,    0,    0,    0,    0,    0,    0,    0,    0,    0,    0,    0,    0, -999
20010904, 1200,  , TS, 18.8N, 151.7E,  60,  980,    0,    0,    0,    0,    0,    0,    0,    0,    0,    0,    0,    0, -999
20010904, 1800,  , HU, 19.2N, 151.3E,  65,  976,    0,    0,    0,    0,    0,    0,    0,    0,    0,    0,    0,    0, -999
20010905, 0000,  , HU, 19.9N, 151.0E,  75,  967,    0,    0,    0,    0,    0,    0,    0,    0,    0,    0,    0,    0, -999
20010905, 0600,  , HU, 20.7N, 150.8E,  80,  963,    0,    0,    0,    0,    0,    0,    0,    0,    0,    0,    0,    0, -999
20010905, 1200,  , HU, 21.6N, 150.7E,  80,  963,    0,    0,    0,    0,    0,    0,    0,    0,    0,    0,    0,    0, -999
20010905, 1800,  , HU, 22.4N, 150.5E,  80,  965,    0,    0,    0,    0,    0,    0,    0,    0,    0,    0,    0,    0, -999
20010906, 0000,  , HU, 23.0N, 150.5E,  90,  954,    0,    0,    0,    0,    0,    0,    0,    0,    0,    0,    0,    0, -999
20010906, 0600,  , HU, 23.7N, 150.5E,  90,  954,    0,    0,    0,    0,    0,    0,    0,    0,    0,    0,    0,    0, -999
20010906, 1200,  , HU, 24.7N, 150.2E,  95,  949,    0,    0,    0,    0,    0,    0,    0,    0,    0,    0,    0,    0, -999
20010906, 1800,  , HU, 25.5N, 149.5E, 100,  944,    0,    0,    0,    0,    0,    0,    0,    0,    0,    0,    0,    0, -999
20010907, 0000,  , HU, 26.3N, 148.7E, 100,  944,    0,    0,    0,    0,    0,    0,    0,    0,    0,    0,    0,    0, -999
20010907, 0600,  , HU, 27.3N, 147.6E, 105,  938,    0,    0,    0,    0,    0,    0,    0,    0,    0,    0,    0,    0, -999
20010907, 1200,  , HU, 27.8N, 146.2E, 100,  944,    0,    0,    0,    0,    0,    0,    0,    0,    0,    0,    0,    0, -999
20010907, 1800,  , HU, 28.3N, 144.9E, 100,  944,    0,    0,    0,    0,    0,    0,    0,    0,    0,    0,    0,    0, -999
20010908, 0000,  , HU, 28.4N, 143.6E, 100,  944,    0,    0,    0,    0,    0,    0,    0,    0,    0,    0,    0,    0, -999
20010908, 0600,  , HU, 28.3N, 142.6E, 100,  944,    0,    0,    0,    0,    0,    0,    0,    0,    0,    0,    0,    0, -999
20010908, 1200,  , HU, 28.4N, 141.9E, 100,  944,    0,    0,    0,    0,    0,    0,    0,    0,    0,    0,    0,    0, -999
20010908, 1800,  , HU, 28.7N, 141.5E, 105,  938,    0,    0,    0,    0,    0,    0,    0,    0,    0,    0,    0,    0, -999
20010909, 0000,  , HU, 29.7N, 140.6E, 100,  944,    0,    0,    0,    0,    0,    0,    0,    0,    0,    0,    0,    0, -999
20010909, 0600,  , HU, 30.5N, 139.2E, 100,  944,    0,    0,    0,    0,    0,    0,    0,    0,    0,    0,    0,    0, -999
20010909, 1200,  , HU, 31.1N, 138.4E,  95,  949,    0,    0,    0,    0,    0,    0,    0,    0,    0,    0,    0,    0, -999
20010909, 1800,  , HU, 31.8N, 137.7E,  90,  954,    0,    0,    0,    0,    0,    0,    0,    0,    0,    0,    0,    0, -999
20010910, 0000,  , HU, 32.5N, 137.4E,  85,  958,    0,    0,    0,    0,    0,    0,    0,    0,    0,    0,    0,    0, -999
20010910, 0600,  , HU, 33.1N, 137.5E,  80,  963,    0,    0,    0,    0,    0,    0,    0,    0,    0,    0,    0,    0, -999
20010910, 1200,  , HU, 33.6N, 137.8E,  80,  963,    0,    0,    0,    0,    0,    0,    0,    0,    0,    0,    0,    0, -999
20010910, 1800,  , HU, 34.2N, 138.5E,  75,  967,    0,    0,    0,    0,    0,    0,    0,    0,    0,    0,    0,    0, -999
20010911, 0000,  , HU, 35.2N, 139.5E,  70,  972,    0,    0,    0,    0,    0,    0,    0,    0,    0,    0,    0,    0, -999
20010911, 0600,  , HU, 36.4N, 140.5E,  65,  976,    0,    0,    0,    0,    0,    0,    0,    0,    0,    0,    0,    0, -999
20010911, 1200,  , TS, 37.6N, 141.9E,  55,  984,    0,    0,    0,    0,    0,    0,    0,    0,    0,    0,    0,    0, -999
20010911, 1800,  , TS, 39.5N, 143.6E,  50,  987,    0,    0,    0,    0,    0,    0,    0,    0,    0,    0,    0,    0, -999
20010912, 0000,  , TS, 41.9N, 145.8E,  40,  994,    0,    0,    0,    0,    0,    0,    0,    0,    0,    0,    0,    0, -999
