WP192014,           VONGFONG,     52,
20141001, 1800,  , DB,  5.5N, 165.7E,  20, 1007,    0,    0,    0,    0,    0,    0,    0,    0,    0,    0,    0,    0, -999
20141002, 0000,  , TD,  5.9N, 164.6E,  25, 1004,    0,    0,    0,    0,    0,    0,    0,    0,    0,    0,    0,    0, -999
20141002, 0600,  , TD,  6.5N, 163.3E,  25, 1004,    0,    0,    0,    0,    0,    0,    0,    0,    0,    0,    0,    0, -999
20141002, 1200,  , TD,  7.1N, 161.9E,  25, 1004,    0,    0,    0,    0,    0,    0,    0,    0,    0,    0,    0,    0, -999
20141002, 1800,  , TD,  7.7N, 160.5E,  30, 1000,    0,    0,    0,    0,    0,    0,    0,    0,    0,    0,    0,    0, -999
20141003, 0000,  , TS,  8.0N, 159.5E,  35,  996,    0,    0,    0,    0,    0,    0,    0,    0,    0,    0,    0,    0, -999
20141003, 0600,  , TS,  8.4N, 158.5E,  35,  996,    0,    0,    0,    0,    0,    0,    0,    0,    0,    0,    0,    0, -999
20141003, 1200,  , TS,  8.8N, 157.5E,  40,  993,   45,   40,   40,   45,    0,    0,    0,    0,    0,    0,    0,    0, -999
20141003, 1800,  , TS,  9.3N, 156.3E,  45,  989,   45,   40,   40,   45,    0,    0,    0,    0,    0,    0,    0,    0, -999
20141004, 0000,  , TS,  9.9N, 155.2E,  55,  982,   45,   40,   40,   45,   30,   30,   30,   30,    0,    0,    0,    0, -999
20141004, 0600,  , TS, 10.6N, 154.1E,  60,  978,   55,   60,   60,   50,   40,   30,   30,   40,    0,    0,    0,    0, -999
20141004, 1200,  , TS, 11.2N, 152.9E,  60,  978,   55,   60,   60,   50,   40,   30,   30,   40,    0,    0,    0,    0, -999
20141004, 1800,  , HU, 11.9N, 151.6E,  65,  974,   65,   60,   60,   65,   40,   30,   30,   40,    0,    0,    0,    0, -999
20141005, 0000,  , HU, 12.6N, 149.9E,  75,  967,   80,   75,   75,   85,   45,   40,   40,   45,   25,   25,   25,   25, -999
20141005, 0600,  , HU, 13.2N, 148.2E,  90,  956,  100,  100,  115,   95,   55,   50,   50,   55,   30,   30,   30,   30, -999
20141005, 1200,  , HU, 13.8N, 146.7E,  90,  956,  100,  100,  115,   95,   55,   50,   50,   55,   30,   30,   30,   30, -999
20141005, 1800,  , HU, 14.4N, 145.1E,  90,  956,  105,  100,   90,   95,   55,   50,   50,   55,   30,   30,   30,   30, -999
20141006, 0000,  , HU, 15.1N, 143.3E,  90,  956,  105,  100,   90,   95,   55,   50,   50,   55,   30,   30,   30,   30, -999
20141006, 0600,  , HU, 16.0N, 141.6E,  90,  956,  105,  100,   90,   95,   55,   50,   50,   55,   30,   30,   30,   30, -999
20141006, 1200,  , HU, 16.4N, 139.6E,  90,  956,  120,  100,   90,  110,   60,   50,   50,   60,   40,   40,   40,   40, -999
20141006, 1800,  , HU, 16.8N, 138.1E,  90,  956,  120,  100,   90,  110,   60,   55,   55,   60,   40,   40,   40,   40, -999
20141007, 0000,  , HU, 17.0N, 136.5E, 105,  944,  120,  100,  100,  120,   60,   55,   55,   60,   40,   40,   40,   40, -999
20141007, 0600,  , HU, 17.2N, 135.3E, 125,  929,  145,  115,  115,  145,   85,   75,   75,   85,   50,   45,   45,   50, -999
20141007, 1200,  , XX, 17.4N, 134.2E, 140,  918,  145,  115,  115,  145,   95,   75,   75,   95,   55,   45,   45,   55, -999
20141007, 1800,  , XX, 17.6N, 133.2E, 155,  907,  145,  115,  115,  145,   95,   75,   75,   95,   55,   45,   45,   55, -999
20141008, 0000,  , XX, 17.9N, 132.2E, 155,  907,  145,  115,  115,  145,   95,   75,   75,   95,   55,   45,   45,   55, -999
20141008, 0600,  , XX, 18.1N, 131.5E, 145,  914,  145,  115,  115,  145,   95,   75,   75,   95,   55,   45,   45,   55, -999
20141008, 1200,  , XX, 18.4N, 131.0E, 145,  914,  140,  130,  130,  140,   90,   75,   75,   90,   50,   45,   45,   50, -999
20141008, 1800,  , XX, 18.7N, 130.5E, 145,  914,  140,  130,  130,  140,   90,   75,   75,   90,   50,   45,   45,   50, -999
20141009, 0000,  , XX, 19.2N, 130.1E, 140,  918,  140,  130,  130,  140,   90,   75,   75,   90,   50,   45,   45,   50, -999
20141009, 0600,  , XX, 19.7N, 129.8E, 135,  922,  150,  135,  135,  150,   90,   75,   70,   90,   50,   45,   45,   50, -999
20141009, 1200,  , XX, 20.2N, 129.6E, 135,  922,  150,  135,  135,  150,   90,   75,   70,   90,   50,   45,   45,   50, -999
20141009, 1800,  , XX, 20.8N, 129.4E, 130,  926,  150,  135,  135,  150,   90,   75,   70,   90,   50,   45,   45,   50, -999
20141010, 0000,  , HU, 21.5N, 129.4E, 125,  929,  150,  135,  135,  150,   90,   75,   70,   90,   50,   45,   45,   50, -999
20141010, 0600,  , HU, 22.3N, 129.3E, 120,  933,  150,  135,  135,  150,   90,   75,   70,   90,   50,   45,   45,   50, -999
20141010, 1200,  , HU, 23.2N, 129.3E, 115,  937,  280,  230,  210,  260,  160,  100,   90,  140,   80,   45,   45,   70, -999
20141010, 1800,  , HU, 23.8N, 129.0E, 110,  941,  280,  230,  210,  260,  160,  100,   90,  140,   80,   45,   45,   70, -999
20141011, 0000,  , HU, 24.3N, 128.8E, 100,  948,  250,  230,  210,  240,  140,  100,  100,  140,   70,   60,   60,   70, -999
20141011, 0300,  , HU, 24.8N, 128.7E, 100,  948,  250,  230,  210,  240,  140,  100,  100,  140,   70,   60,   60,   70, -999
20141011, 0600,  , HU, 25.3N, 128.6E,  90,  956,  180,  160,  160,  180,  100,  100,  100,  100,   75,   75,   75,   75, -999
20141011, 1200,  , HU, 26.0N, 128.4E,  80,  963,  180,  160,  160,  180,  100,  100,  100,  100,   75,   75,   75,   75, -999
20141011, 1500,  , HU, 26.6N, 128.1E,  75,  967,  180,  160,  160,  180,  100,  100,  100,  100,   75,   75,   75,   75, -999
20141011, 1800,  , HU, 27.1N, 127.6E,  70,  970,  160,  145,  145,  160,   80,   60,   60,   80,   40,   20,   20,   40, -999
20141012, 0000,  , HU, 27.8N, 127.0E,  65,  974,  160,  140,  140,  160,   70,   50,   50,   70,    0,    0,    0,    0, -999
20141012, 0300,  , HU, 28.4N, 126.9E,  65,  974,  160,  140,  140,  160,   70,   50,   50,   70,    0,    0,    0,    0, -999
20141012, 0600,  , TS, 28.9N, 127.1E,  60,  978,  160,  140,  140,  160,   70,   70,   70,   70,    0,    0,    0,    0, -999
20141012, 1200,  , TS, 29.6N, 127.5E,  55,  982,  160,  140,  140,  160,   65,   65,   65,   65,    0,    0,    0,    0, -999
20141012, 1800,  , TS, 30.5N, 128.2E,  55,  982,  160,  140,  140,  160,   55,   55,   55,   55,    0,    0,    0,    0, -999
20141013, 0000,  , TS, 31.6N, 130.4E,  50,  985,  145,  120,  125,  140,    0,    0,    0,    0,    0,    0,    0,    0, -999
20141013, 0600,  , EX, 33.0N, 132.8E,  45,  989,  145,  120,  125,  140,    0,    0,    0,    0,    0,    0,    0,    0, -999
20141013, 1200,  , EX, 34.5N, 135.4E,  40,  993,  145,  120,  125,  140,    0,    0,    0,    0,    0,    0,    0,    0, -999
20141013, 1800,  , EX, 36.5N, 139.7E,  35,  996,  145,  120,  125,  140,    0,    0,    0,    0,    0,    0,    0,    0, -999
