WP191996,            UNNAMED,     88,
19960814, 0000,  , LO, 14.8N, 176.3E,  15,    0,    0,    0,    0,    0,    0,    0,    0,    0,    0,    0,    0,    0, -999
19960814, 0600,  , LO, 14.8N, 175.4E,  15,    0,    0,    0,    0,    0,    0,    0,    0,    0,    0,    0,    0,    0, -999
19960814, 1200,  , LO, 14.9N, 174.3E,  15,    0,    0,    0,    0,    0,    0,    0,    0,    0,    0,    0,    0,    0, -999
19960814, 1800,  , LO, 14.9N, 172.7E,  15,    0,    0,    0,    0,    0,    0,    0,    0,    0,    0,    0,    0,    0, -999
19960815, 0000,  , LO, 15.0N, 171.1E,  15,    0,    0,    0,    0,    0,    0,    0,    0,    0,    0,    0,    0,    0, -999
19960815, 0600,  , LO, 15.1N, 169.6E,  15,    0,    0,    0,    0,    0,    0,    0,    0,    0,    0,    0,    0,    0, -999
19960815, 1200,  , LO, 15.2N, 168.0E,  15,    0,    0,    0,    0,    0,    0,    0,    0,    0,    0,    0,    0,    0, -999
19960815, 1800,  , LO, 15.3N, 166.4E,  20,    0,    0,    0,    0,    0,    0,    0,    0,    0,    0,    0,    0,    0, -999
19960816, 0000,  , LO, 15.4N, 164.8E,  20,    0,    0,    0,    0,    0,    0,    0,    0,    0,    0,    0,    0,    0, -999
19960816, 0600,  , LO, 15.5N, 163.0E,  20,    0,    0,    0,    0,    0,    0,    0,    0,    0,    0,    0,    0,    0, -999
19960816, 1200,  , LO, 15.6N, 161.1E,  20,    0,    0,    0,    0,    0,    0,    0,    0,    0,    0,    0,    0,    0, -999
19960816, 1800,  , LO, 15.6N, 159.3E,  20,    0,    0,    0,    0,    0,    0,    0,    0,    0,    0,    0,    0,    0, -999
19960817, 0000,  , LO, 15.4N, 157.5E,  20,    0,    0,    0,    0,    0,    0,    0,    0,    0,    0,    0,    0,    0, -999
19960817, 0600,  , LO, 15.2N, 155.9E,  20,    0,    0,    0,    0,    0,    0,    0,    0,    0,    0,    0,    0,    0, -999
19960817, 1200,  , LO, 15.0N, 154.1E,  20,    0,    0,    0,    0,    0,    0,    0,    0,    0,    0,    0,    0,    0, -999
19960817, 1800,  , LO, 15.0N, 152.3E,  20,    0,    0,    0,    0,    0,    0,    0,    0,    0,    0,    0,    0,    0, -999
19960818, 0000,  , LO, 15.1N, 150.5E,  20,    0,    0,    0,    0,    0,    0,    0,    0,    0,    0,    0,    0,    0, -999
19960818, 0600,  , LO, 15.2N, 149.2E,  20,    0,    0,    0,    0,    0,    0,    0,    0,    0,    0,    0,    0,    0, -999
19960818, 1200,  , LO, 15.4N, 147.9E,  20,    0,    0,    0,    0,    0,    0,    0,    0,    0,    0,    0,    0,    0, -999
19960818, 1800,  , LO, 15.6N, 146.6E,  20,    0,    0,    0,    0,    0,    0,    0,    0,    0,    0,    0,    0,    0, -999
19960819, 0000,  , LO, 16.0N, 145.3E,  20,    0,    0,    0,    0,    0,    0,    0,    0,    0,    0,    0,    0,    0, -999
19960819, 0600,  , LO, 16.6N, 144.3E,  20,    0,    0,    0,    0,    0,    0,    0,    0,    0,    0,    0,    0,    0, -999
19960819, 1200,  , LO, 17.4N, 143.8E,  20,    0,    0,    0,    0,    0,    0,    0,    0,    0,    0,    0,    0,    0, -999
19960819, 1800,  , LO, 17.8N, 143.6E,  20,    0,    0,    0,    0,    0,    0,    0,    0,    0,    0,    0,    0,    0, -999
19960820, 0000,  , LO, 18.2N, 143.4E,  20,    0,    0,    0,    0,    0,    0,    0,    0,    0,    0,    0,    0,    0, -999
19960820, 0600,  , LO, 18.6N, 143.2E,  15,    0,    0,    0,    0,    0,    0,    0,    0,    0,    0,    0,    0,    0, -999
19960820, 1200,  , LO, 19.0N, 143.0E,  15,    0,    0,    0,    0,    0,    0,    0,    0,    0,    0,    0,    0,    0, -999
19960820, 1800,  , LO, 19.7N, 142.8E,  20,    0,    0,    0,    0,    0,    0,    0,    0,    0,    0,    0,    0,    0, -999
19960821, 0000,  , LO, 20.5N, 142.7E,  20,    0,    0,    0,    0,    0,    0,    0,    0,    0,    0,    0,    0,    0, -999
19960821, 0600,  , LO, 21.3N, 142.8E,  20,    0,    0,    0,    0,    0,    0,    0,    0,    0,    0,    0,    0,    0, -999
19960821, 1200,  , LO, 21.7N, 142.8E,  20,    0,    0,    0,    0,    0,    0,    0,    0,    0,    0,    0,    0,    0, -999
19960821, 1800,  , LO, 21.9N, 142.8E,  25,    0,    0,    0,    0,    0,    0,    0,    0,    0,    0,    0,    0,    0, -999
19960822, 0000,  , LO, 22.2N, 142.8E,  30,    0,    0,    0,    0,    0,    0,    0,    0,    0,    0,    0,    0,    0, -999
19960822, 0600,  , LO, 22.5N, 142.7E,  30,    0,    0,    0,    0,    0,    0,    0,    0,    0,    0,    0,    0,    0, -999
19960822, 1200,  , TS, 22.9N, 142.6E,  35,    0,    0,    0,    0,    0,    0,    0,    0,    0,    0,    0,    0,    0, -999
19960822, 1800,  , TS, 23.2N, 142.6E,  40,    0,    0,    0,    0,    0,    0,    0,    0,    0,    0,    0,    0,    0, -999
19960823, 0000,  , TS, 23.4N, 142.6E,  45,    0,    0,    0,    0,    0,    0,    0,    0,    0,    0,    0,    0,    0, -999
19960823, 0600,  , TS, 23.5N, 142.6E,  55,    0,    0,    0,    0,    0,    0,    0,    0,    0,    0,    0,    0,    0, -999
19960823, 1200,  , TS, 23.7N, 142.7E,  55,    0,    0,    0,    0,    0,    0,    0,    0,    0,    0,    0,    0,    0, -999
19960823, 1800,  , TS, 23.8N, 142.8E,  55,    0,    0,    0,    0,    0,    0,    0,    0,    0,    0,    0,    0,    0, -999
19960824, 0000,  , TS, 24.0N, 143.3E,  55,    0,    0,    0,    0,    0,    0,    0,    0,    0,    0,    0,    0,    0, -999
19960824, 0600,  , HU, 24.1N, 144.0E,  65,    0,    0,    0,    0,    0,    0,    0,    0,    0,    0,    0,    0,    0, -999
19960824, 1200,  , HU, 24.2N, 144.7E,  75,    0,    0,    0,    0,    0,    0,    0,    0,    0,    0,    0,    0,    0, -999
19960824, 1800,  , HU, 24.2N, 145.5E,  80,    0,    0,    0,    0,    0,    0,    0,    0,    0,    0,    0,    0,    0, -999
19960825, 0000,  , HU, 24.4N, 146.5E, 100,    0,    0,    0,    0,    0,    0,    0,    0,    0,    0,    0,    0,    0, -999
19960825, 0600,  , HU, 24.7N, 147.3E, 115,    0,    0,    0,    0,    0,    0,    0,    0,    0,    0,    0,    0,    0, -999
19960825, 1200,  , HU, 24.9N, 148.2E, 115,    0,    0,    0,    0,    0,    0,    0,    0,    0,    0,    0,    0,    0, -999
19960825, 1800,  , HU, 25.2N, 148.9E, 115,    0,    0,    0,    0,    0,    0,    0,    0,    0,    0,    0,    0,    0, -999
19960826, 0000,  , HU, 25.5N, 149.6E, 115,    0,    0,    0,    0,    0,    0,    0,    0,    0,    0,    0,    0,    0, -999
19960826, 0600,  , HU, 25.8N, 150.2E, 110,    0,    0,    0,    0,    0,    0,    0,    0,    0,    0,    0,    0,    0, -999
19960826, 1200,  , HU, 26.0N, 150.6E, 105,    0,    0,    0,    0,    0,    0,    0,    0,    0,    0,    0,    0,    0, -999
19960826, 1800,  , HU, 26.2N, 150.9E, 100,    0,    0,    0,    0,    0,    0,    0,    0,    0,    0,    0,    0,    0, -999
19960827, 0000,  , HU, 26.3N, 151.2E,  95,    0,    0,    0,    0,    0,    0,    0,    0,    0,    0,    0,    0,    0, -999
19960827, 0600,  , HU, 26.3N, 151.4E,  90,    0,    0,    0,    0,    0,    0,    0,    0,    0,    0,    0,    0,    0, -999
19960827, 1200,  , HU, 26.3N, 151.5E,  90,    0,    0,    0,    0,    0,    0,    0,    0,    0,    0,    0,    0,    0, -999
19960827, 1800,  , HU, 26.2N, 151.7E,  90,    0,    0,    0,    0,    0,    0,    0,    0,    0,    0,    0,    0,    0, -999
19960828, 0000,  , HU, 26.3N, 151.7E,  85,    0,    0,    0,    0,    0,    0,    0,    0,    0,    0,    0,    0,    0, -999
19960828, 0600,  , HU, 26.4N, 151.6E,  75,    0,    0,    0,    0,    0,    0,    0,    0,    0,    0,    0,    0,    0, -999
19960828, 1200,  , HU, 26.4N, 151.3E,  75,    0,    0,    0,    0,    0,    0,    0,    0,    0,    0,    0,    0,    0, -999
19960828, 1800,  , HU, 26.4N, 150.8E,  75,    0,    0,    0,    0,    0,    0,    0,    0,    0,    0,    0,    0,    0, -999
19960829, 0000,  , HU, 26.5N, 150.1E,  65,    0,    0,    0,    0,    0,    0,    0,    0,    0,    0,    0,    0,    0, -999
19960829, 0600,  , TS, 26.8N, 149.5E,  55,    0,    0,    0,    0,    0,    0,    0,    0,    0,    0,    0,    0,    0, -999
19960829, 1200,  , TS, 27.0N, 148.9E,  55,    0,    0,    0,    0,    0,    0,    0,    0,    0,    0,    0,    0,    0, -999
19960829, 1800,  , TS, 27.3N, 148.3E,  55,    0,    0,    0,    0,    0,    0,    0,    0,    0,    0,    0,    0,    0, -999
19960830, 0000,  , TS, 27.6N, 147.7E,  45,    0,    0,    0,    0,    0,    0,    0,    0,    0,    0,    0,    0,    0, -999
19960830, 0600,  , TS, 27.9N, 147.1E,  45,    0,    0,    0,    0,    0,    0,    0,    0,    0,    0,    0,    0,    0, -999
19960830, 1200,  , TS, 28.2N, 146.5E,  55,    0,    0,    0,    0,    0,    0,    0,    0,    0,    0,    0,    0,    0, -999
19960830, 1800,  , TS, 28.6N, 145.8E,  55,    0,    0,    0,    0,    0,    0,    0,    0,    0,    0,    0,    0,    0, -999
19960831, 0000,  , TS, 29.0N, 145.1E,  55,    0,    0,    0,    0,    0,    0,    0,    0,    0,    0,    0,    0,    0, -999
19960831, 0600,  , HU, 29.4N, 144.4E,  65,    0,    0,    0,    0,    0,    0,    0,    0,    0,    0,    0,    0,    0, -999
19960831, 1200,  , HU, 29.8N, 143.9E,  65,    0,    0,    0,    0,    0,    0,    0,    0,    0,    0,    0,    0,    0, -999
19960831, 1800,  , HU, 30.3N, 143.5E,  80,    0,    0,    0,    0,    0,    0,    0,    0,    0,    0,    0,    0,    0, -999
19960901, 0000,  , HU, 31.0N, 143.2E,  80,    0,    0,    0,    0,    0,    0,    0,    0,    0,    0,    0,    0,    0, -999
19960901, 0600,  , HU, 31.6N, 143.2E,  80,    0,    0,    0,    0,    0,    0,    0,    0,    0,    0,    0,    0,    0, -999
19960901, 1200,  , HU, 32.6N, 143.9E,  80,    0,    0,    0,    0,    0,    0,    0,    0,    0,    0,    0,    0,    0, -999
19960901, 1800,  , HU, 33.6N, 144.8E,  75,    0,    0,    0,    0,    0,    0,    0,    0,    0,    0,    0,    0,    0, -999
19960902, 0000,  , HU, 34.7N, 145.8E,  70,    0,    0,    0,    0,    0,    0,    0,    0,    0,    0,    0,    0,    0, -999
19960902, 0600,  , HU, 36.3N, 147.1E,  65,    0,    0,    0,    0,    0,    0,    0,    0,    0,    0,    0,    0,    0, -999
19960902, 1200,  , TS, 38.4N, 148.9E,  60,    0,    0,    0,    0,    0,    0,    0,    0,    0,    0,    0,    0,    0, -999
19960902, 1800,  , TS, 40.0N, 151.4E,  50,    0,    0,    0,    0,    0,    0,    0,    0,    0,    0,    0,    0,    0, -999
19960903, 0000,  , TS, 41.1N, 153.7E,  45,    0,    0,    0,    0,    0,    0,    0,    0,    0,    0,    0,    0,    0, -999
19960903, 0600,  , TS, 42.2N, 156.6E,  45,    0,    0,    0,    0,    0,    0,    0,    0,    0,    0,    0,    0,    0, -999
19960903, 1200,  , TS, 42.7N, 159.9E,  45,    0,    0,    0,    0,    0,    0,    0,    0,    0,    0,    0,    0,    0, -999
19960903, 1800,  , TS, 43.0N, 163.3E,  40,    0,    0,    0,    0,    0,    0,    0,    0,    0,    0,    0,    0,    0, -999
19960904, 0000,  , TS, 43.4N, 167.7E,  40,    0,    0,    0,    0,    0,    0,    0,    0,    0,    0,    0,    0,    0, -999
19960904, 0600,  , TS, 43.7N, 172.2E,  40,    0,    0,    0,    0,    0,    0,    0,    0,    0,    0,    0,    0,    0, -999
19960904, 1200,  , TS, 43.9N, 176.7E,  40,    0,    0,    0,    0,    0,    0,    0,    0,    0,    0,    0,    0,    0, -999
19960904, 1800,  , TS, 44.3N, 178.8W,  40,    0,    0,    0,    0,    0,    0,    0,    0,    0,    0,    0,    0,    0, -999
