WP202005,            UNNAMED,      9,
20051006, 0600,  , DB, 16.5N, 111.1E,  15, 1006,    0,    0,    0,    0,    0,    0,    0,    0,    0,    0,    0,    0, -999
20051006, 1200,  , DB, 16.6N, 110.7E,  20, 1004,    0,    0,    0,    0,    0,    0,    0,    0,    0,    0,    0,    0, -999
20051006, 1800,  , DB, 16.6N, 110.3E,  20, 1004,    0,    0,    0,    0,    0,    0,    0,    0,    0,    0,    0,    0, -999
20051007, 0000,  , DB, 16.7N, 109.6E,  25, 1002,    0,    0,    0,    0,    0,    0,    0,    0,    0,    0,    0,    0, -999
20051007, 0600,  , DB, 16.8N, 108.9E,  30, 1000,    0,    0,    0,    0,    0,    0,    0,    0,    0,    0,    0,    0, -999
20051007, 1200,  , DB, 16.8N, 108.1E,  30, 1000,    0,    0,    0,    0,    0,    0,    0,    0,    0,    0,    0,    0, -999
20051007, 1800,  , TD, 16.7N, 107.1E,  25, 1002,    0,    0,    0,    0,    0,    0,    0,    0,    0,    0,    0,    0, -999
20051008, 0000,  , TD, 16.3N, 105.7E,  25, 1002,    0,    0,    0,    0,    0,    0,    0,    0,    0,    0,    0,    0, -999
20051008, 0600,  , TD, 15.9N, 104.3E,  20, 1004,    0,    0,    0,    0,    0,    0,    0,    0,    0,    0,    0,    0, -999
