WP202003,            UNNAMED,     33,
20031018, 1200,  , TD, 14.7N, 130.3E,  25, 1002,    0,    0,    0,    0,    0,    0,    0,    0,    0,    0,    0,    0, -999
20031018, 1800,  , TD, 14.9N, 130.2E,  30, 1000,    0,    0,    0,    0,    0,    0,    0,    0,    0,    0,    0,    0, -999
20031019, 0000,  , TS, 15.2N, 130.2E,  35,  997,   30,   30,   30,   30,    0,    0,    0,    0,    0,    0,    0,    0, -999
20031019, 0600,  , TS, 15.3N, 130.3E,  40,  994,   45,   45,   45,   45,    0,    0,    0,    0,    0,    0,    0,    0, -999
20031019, 1200,  , TS, 15.4N, 130.4E,  40,  994,   45,   45,   45,   45,    0,    0,    0,    0,    0,    0,    0,    0, -999
20031019, 1800,  , TS, 15.5N, 130.6E,  45,  991,   45,   45,   45,   45,    0,    0,    0,    0,    0,    0,    0,    0, -999
20031020, 0000,  , TS, 15.6N, 130.8E,  50,  987,   60,   80,   80,   80,    0,    0,    0,    0,    0,    0,    0,    0, -999
20031020, 0600,  , TS, 15.7N, 131.0E,  55,  984,   60,   80,   80,   80,    0,    0,    0,    0,    0,    0,    0,    0, -999
20031020, 1200,  , HU, 15.9N, 131.0E,  65,  976,   70,   85,   85,   85,    0,    0,    0,    0,    0,    0,    0,    0, -999
20031020, 1800,  , HU, 16.2N, 131.0E,  80,  963,  135,  150,  150,  150,    0,    0,    0,    0,    0,    0,    0,    0, -999
20031021, 0000,  , HU, 16.4N, 131.1E,  95,  949,  135,  150,  150,  150,    0,    0,    0,    0,    0,    0,    0,    0, -999
20031021, 0600,  , HU, 16.6N, 131.2E, 115,  927,  135,  150,  150,  150,    0,    0,    0,    0,    0,    0,    0,    0, -999
20031021, 1200,  , HU, 16.8N, 131.1E, 125,  916,  180,  180,  200,  180,    0,    0,    0,    0,    0,    0,    0,    0, -999
20031021, 1800,  , HU, 17.1N, 131.1E, 125,  916,  180,  180,  200,  180,    0,    0,    0,    0,    0,    0,    0,    0, -999
20031022, 0000,  , HU, 17.4N, 131.1E, 125,  916,  180,  180,  200,  180,    0,    0,    0,    0,    0,    0,    0,    0, -999
20031022, 0600,  , HU, 17.8N, 131.1E, 125,  916,  180,  180,  200,  180,    0,    0,    0,    0,    0,    0,    0,    0, -999
20031022, 1200,  , HU, 18.2N, 131.3E, 125,  916,  200,  200,  220,  200,    0,    0,    0,    0,    0,    0,    0,    0, -999
20031022, 1800,  , HU, 18.5N, 131.7E, 115,  927,  200,  200,  200,  200,    0,    0,    0,    0,    0,    0,    0,    0, -999
20031023, 0000,  , HU, 18.7N, 132.1E, 110,  933,  150,  150,  180,  200,    0,    0,    0,    0,    0,    0,    0,    0, -999
20031023, 0600,  , HU, 19.0N, 132.4E, 105,  938,  150,  150,  180,  180,    0,    0,    0,    0,    0,    0,    0,    0, -999
20031023, 1200,  , HU, 19.5N, 132.8E, 105,  938,  150,  150,  180,  180,    0,    0,    0,    0,    0,    0,    0,    0, -999
20031023, 1800,  , HU, 20.0N, 133.2E, 100,  944,  150,  150,  180,  180,    0,    0,    0,    0,    0,    0,    0,    0, -999
20031024, 0000,  , HU, 20.4N, 133.5E, 100,  944,  150,  150,  180,  180,    0,    0,    0,    0,    0,    0,    0,    0, -999
20031024, 0600,  , HU, 21.0N, 133.7E,  90,  954,  160,  160,  150,  150,    0,    0,    0,    0,    0,    0,    0,    0, -999
20031024, 1200,  , HU, 21.9N, 134.0E,  85,  958,  160,  145,  160,  145,    0,    0,    0,    0,    0,    0,    0,    0, -999
20031024, 1800,  , HU, 23.0N, 134.8E,  85,  958,  160,  145,  160,  145,    0,    0,    0,    0,    0,    0,    0,    0, -999
20031025, 0000,  , HU, 24.5N, 135.7E,  85,  958,  180,  140,  140,  180,    0,    0,    0,    0,    0,    0,    0,    0, -999
20031025, 0600,  , HU, 25.9N, 137.1E,  80,  963,  180,  140,  140,  180,    0,    0,    0,    0,    0,    0,    0,    0, -999
20031025, 1200,  , HU, 27.8N, 139.1E,  75,  967,  180,  140,  180,  140,    0,    0,    0,    0,    0,    0,    0,    0, -999
20031025, 1800,  , HU, 29.8N, 141.7E,  70,  972,  180,  140,  180,  140,    0,    0,    0,    0,    0,    0,    0,    0, -999
20031026, 0000,  , HU, 31.9N, 144.2E,  70,  972,  140,  120,  120,  160,    0,    0,    0,    0,    0,    0,    0,    0, -999
20031026, 0600,  , HU, 34.1N, 147.0E,  70,  972,  140,  120,  120,  160,    0,    0,    0,    0,    0,    0,    0,    0, -999
20031026, 1200,  , HU, 36.1N, 150.3E,  65,  976,  140,  120,  120,  160,    0,    0,    0,    0,    0,    0,    0,    0, -999
