WP202012,            MALIKSI,     22,
20120929, 1200,  , DB, 12.0N, 151.9E,  15, 1004,    0,    0,    0,    0,    0,    0,    0,    0,    0,    0,    0,    0, -999
20120929, 1800,  , DB, 13.4N, 151.3E,  20, 1007,    0,    0,    0,    0,    0,    0,    0,    0,    0,    0,    0,    0, -999
20120930, 0000,  , DB, 14.7N, 150.6E,  20, 1007,    0,    0,    0,    0,    0,    0,    0,    0,    0,    0,    0,    0, -999
20120930, 0600,  , DB, 16.0N, 149.8E,  20, 1007,    0,    0,    0,    0,    0,    0,    0,    0,    0,    0,    0,    0, -999
20120930, 1200,  , TD, 16.1N, 148.5E,  25, 1004,    0,    0,    0,    0,    0,    0,    0,    0,    0,    0,    0,    0, -999
20120930, 1800,  , TD, 16.4N, 147.3E,  30, 1000,    0,    0,    0,    0,    0,    0,    0,    0,    0,    0,    0,    0, -999
20121001, 0000,  , TD, 17.1N, 146.6E,  30, 1000,    0,    0,    0,    0,    0,    0,    0,    0,    0,    0,    0,    0, -999
20121001, 0600,  , TD, 18.0N, 146.1E,  30, 1000,    0,    0,    0,    0,    0,    0,    0,    0,    0,    0,    0,    0, -999
20121001, 1200,  , TS, 18.7N, 145.4E,  35,  996,    0,    0,    0,    0,    0,    0,    0,    0,    0,    0,    0,    0, -999
20121001, 1800,  , TS, 19.4N, 144.5E,  35,  996,    0,    0,    0,    0,    0,    0,    0,    0,    0,    0,    0,    0, -999
20121002, 0000,  , TS, 20.1N, 143.5E,  40,  993,   60,   50,   50,   60,    0,    0,    0,    0,    0,    0,    0,    0, -999
20121002, 0600,  , TS, 21.0N, 142.6E,  45,  989,   65,   65,   60,   60,    0,    0,    0,    0,    0,    0,    0,    0, -999
20121002, 1200,  , TS, 22.0N, 142.1E,  45,  989,   65,   65,   60,   60,    0,    0,    0,    0,    0,    0,    0,    0, -999
20121002, 1800,  , TS, 22.9N, 141.5E,  45,  989,   65,   65,   60,   60,    0,    0,    0,    0,    0,    0,    0,    0, -999
20121003, 0000,  , TS, 24.3N, 141.0E,  45,  989,   90,   85,   65,   65,    0,    0,    0,    0,    0,    0,    0,    0, -999
20121003, 0600,  , TS, 25.9N, 141.9E,  45,  989,   90,   85,   65,   65,    0,    0,    0,    0,    0,    0,    0,    0, -999
20121003, 1200,  , TS, 27.9N, 142.6E,  45,  989,   90,   85,   65,   65,    0,    0,    0,    0,    0,    0,    0,    0, -999
20121003, 1800,  , TS, 30.9N, 142.4E,  45,  989,   90,   85,   65,   65,    0,    0,    0,    0,    0,    0,    0,    0, -999
20121004, 0000,  , EX, 34.1N, 143.9E,  45,  989,   90,   85,   65,   65,    0,    0,    0,    0,    0,    0,    0,    0, -999
20121004, 0600,  , EX, 36.9N, 145.8E,  45,  989,   90,   85,   65,   65,    0,    0,    0,    0,    0,    0,    0,    0, -999
20121004, 1200,  , EX, 39.8N, 149.6E,  45,  989,   90,   85,   65,   65,    0,    0,    0,    0,    0,    0,    0,    0, -999
20121004, 1800,  , EX, 42.4N, 153.2E,  45,  989,   90,   85,   65,   65,    0,    0,    0,    0,    0,    0,    0,    0, -999
