WP202002,            UNNAMED,     22,
20020814, 1200,  , TD, 14.4N, 115.2E,  20, 1004,    0,    0,    0,    0,    0,    0,    0,    0,    0,    0,    0,    0, -999
20020814, 1800,  , TD, 14.4N, 115.0E,  20, 1002,    0,    0,    0,    0,    0,    0,    0,    0,    0,    0,    0,    0, -999
20020815, 0000,  , TD, 14.4N, 114.9E,  20, 1002,    0,    0,    0,    0,    0,    0,    0,    0,    0,    0,    0,    0, -999
20020815, 0600,  , TD, 14.5N, 114.7E,  20, 1004,    0,    0,    0,    0,    0,    0,    0,    0,    0,    0,    0,    0, -999
20020815, 1200,  , TD, 14.5N, 114.5E,  25, 1002,    0,    0,    0,    0,    0,    0,    0,    0,    0,    0,    0,    0, -999
20020815, 1800,  , TD, 14.6N, 114.3E,  25, 1002,    0,    0,    0,    0,    0,    0,    0,    0,    0,    0,    0,    0, -999
20020816, 0000,  , TD, 14.7N, 114.2E,  25, 1002,    0,    0,    0,    0,    0,    0,    0,    0,    0,    0,    0,    0, -999
20020816, 0600,  , TD, 14.8N, 114.1E,  25, 1002,    0,    0,    0,    0,    0,    0,    0,    0,    0,    0,    0,    0, -999
20020816, 1200,  , TD, 15.1N, 114.0E,  25, 1002,    0,    0,    0,    0,    0,    0,    0,    0,    0,    0,    0,    0, -999
20020816, 1800,  , TD, 15.4N, 114.0E,  25,  995,    0,    0,    0,    0,    0,    0,    0,    0,    0,    0,    0,    0, -999
20020817, 0000,  , TD, 15.8N, 113.9E,  25, 1002,    0,    0,    0,    0,    0,    0,    0,    0,    0,    0,    0,    0, -999
20020817, 0600,  , TD, 16.0N, 113.7E,  25,  994,    0,    0,    0,    0,    0,    0,    0,    0,    0,    0,    0,    0, -999
20020817, 1200,  , TD, 16.1N, 113.4E,  30, 1000,    0,    0,    0,    0,    0,    0,    0,    0,    0,    0,    0,    0, -999
20020817, 1800,  , TD, 16.2N, 113.0E,  30, 1000,    0,    0,    0,    0,    0,    0,    0,    0,    0,    0,    0,    0, -999
20020818, 0000,  , TS, 16.4N, 112.6E,  35,  997,    0,    0,    0,    0,    0,    0,    0,    0,    0,    0,    0,    0, -999
20020818, 0600,  , TS, 16.7N, 112.2E,  35,  990,    0,    0,    0,    0,    0,    0,    0,    0,    0,    0,    0,    0, -999
20020818, 1200,  , TS, 17.3N, 111.9E,  35,  997,    0,    0,    0,    0,    0,    0,    0,    0,    0,    0,    0,    0, -999
20020818, 1800,  , TS, 18.0N, 111.7E,  45,  991,   50,   60,   60,   50,    0,    0,    0,    0,    0,    0,    0,    0, -999
20020819, 0000,  , TS, 18.9N, 111.5E,  45,  991,   50,   60,   60,   50,    0,    0,    0,    0,    0,    0,    0,    0, -999
20020819, 0600,  , TS, 19.9N, 111.1E,  55,  984,   60,   70,   70,   60,    0,    0,    0,    0,    0,    0,    0,    0, -999
20020819, 1200,  , TS, 21.3N, 110.7E,  55,  984,   60,   70,   70,   60,    0,    0,    0,    0,    0,    0,    0,    0, -999
20020819, 1800,  , TS, 23.0N, 110.1E,  40,  994,    0,    0,    0,    0,    0,    0,    0,    0,    0,    0,    0,    0, -999
