WP202007,              FAXAI,     10,
20071024, 1800,  , DB, 17.5N, 135.6E,  15, 1006,    0,    0,    0,    0,    0,    0,    0,    0,    0,    0,    0,    0, -999
20071025, 0000,  , DB, 18.7N, 134.9E,  15, 1004,    0,    0,    0,    0,    0,    0,    0,    0,    0,    0,    0,    0, -999
20071025, 0600,  , DB, 19.6N, 134.0E,  20, 1005,    0,    0,    0,    0,    0,    0,    0,    0,    0,    0,    0,    0, -999
20071025, 1200,  , DB, 20.5N, 133.2E,  20, 1004,    0,    0,    0,    0,    0,    0,    0,    0,    0,    0,    0,    0, -999
20071025, 1800,  , DB, 21.4N, 132.1E,  20, 1007,    0,    0,    0,    0,    0,    0,    0,    0,    0,    0,    0,    0, -999
20071026, 0000,  , TD, 22.4N, 130.9E,  30, 1000,    0,    0,    0,    0,    0,    0,    0,    0,    0,    0,    0,    0, -999
20071026, 0600,  , TS, 23.7N, 131.0E,  35,  996,    0,    0,    0,    0,    0,    0,    0,    0,    0,    0,    0,    0, -999
20071026, 1200,  , TS, 24.8N, 131.7E,  40,  993,    0,    0,    0,    0,    0,    0,    0,    0,    0,    0,    0,    0, -999
20071026, 1800,  , TS, 26.1N, 132.9E,  35,  996,    0,    0,    0,    0,    0,    0,    0,    0,    0,    0,    0,    0, -999
20071027, 0000,  , EX, 27.7N, 134.6E,  40,  993,    0,    0,    0,    0,    0,    0,    0,    0,    0,    0,    0,    0, -999
