WP202004,            UNNAMED,     36,
20040817, 1800,  , DB,  9.4N, 146.5E,  20, 1004,    0,    0,    0,    0,    0,    0,    0,    0,    0,    0,    0,    0, -999
20040818, 0000,  , DB,  9.2N, 144.7E,  20, 1004,    0,    0,    0,    0,    0,    0,    0,    0,    0,    0,    0,    0, -999
20040818, 0600,  , DB,  9.9N, 143.0E,  20, 1004,    0,    0,    0,    0,    0,    0,    0,    0,    0,    0,    0,    0, -999
20040818, 1200,  , DB, 10.5N, 141.3E,  20, 1004,    0,    0,    0,    0,    0,    0,    0,    0,    0,    0,    0,    0, -999
20040818, 1800,  , DB, 10.7N, 139.8E,  20, 1004,    0,    0,    0,    0,    0,    0,    0,    0,    0,    0,    0,    0, -999
20040819, 0000,  , DB, 10.9N, 138.3E,  25, 1002,    0,    0,    0,    0,    0,    0,    0,    0,    0,    0,    0,    0, -999
20040819, 0600,  , TD, 11.2N, 136.8E,  25, 1002,    0,    0,    0,    0,    0,    0,    0,    0,    0,    0,    0,    0, -999
20040819, 1200,  , TD, 12.1N, 136.2E,  25, 1002,    0,    0,    0,    0,    0,    0,    0,    0,    0,    0,    0,    0, -999
20040819, 1800,  , TD, 13.2N, 136.0E,  30, 1000,    0,    0,    0,    0,    0,    0,    0,    0,    0,    0,    0,    0, -999
20040820, 0000,  , TS, 14.2N, 135.8E,  35,  997,    0,    0,    0,    0,    0,    0,    0,    0,    0,    0,    0,    0, -999
20040820, 0600,  , TS, 15.2N, 135.9E,  40,  994,   40,   40,   40,   40,    0,    0,    0,    0,    0,    0,    0,    0, -999
20040820, 1200,  , TS, 16.0N, 135.3E,  45,  991,   55,   55,   55,   55,    0,    0,    0,    0,    0,    0,    0,    0, -999
20040820, 1800,  , TS, 16.7N, 134.5E,  50,  987,   55,   55,   55,   55,   10,   10,   10,   10,    0,    0,    0,    0, -999
20040821, 0000,  , TS, 17.5N, 133.8E,  55,  984,   60,   60,   80,   60,   40,   40,   40,   40,    0,    0,    0,    0, -999
20040821, 0600,  , TS, 18.2N, 132.8E,  55,  984,  120,  140,  140,  120,   45,   45,   45,   45,    0,    0,    0,    0, -999
20040821, 1200,  , HU, 18.9N, 131.8E,  65,  976,  140,  160,  160,  140,   45,   60,   60,   45,    0,    0,    0,    0, -999
20040821, 1800,  , HU, 19.6N, 130.8E,  65,  976,  115,  115,  115,  115,   45,   60,   60,   45,    0,    0,    0,    0, -999
20040822, 0000,  , HU, 20.3N, 129.7E,  65,  976,  120,  120,  120,  120,   45,   70,   70,   45,    0,    0,    0,    0, -999
20040822, 0600,  , HU, 21.0N, 128.7E,  65,  976,  140,  140,  140,  140,   50,   50,   50,   50,    0,    0,    0,    0, -999
20040822, 1200,  , HU, 21.6N, 127.8E,  65,  976,  150,  150,  150,  150,   50,   50,   50,   50,    0,    0,    0,    0, -999
20040822, 1800,  , TS, 22.2N, 127.0E,  55,  984,  150,  150,  150,  150,   50,   50,   50,   50,    0,    0,    0,    0, -999
20040823, 0000,  , TS, 22.8N, 126.2E,  60,  980,  130,  130,  130,  130,   35,   35,   35,   35,    0,    0,    0,    0, -999
20040823, 0600,  , HU, 23.3N, 125.5E,  65,  976,  180,  180,  180,  180,   80,   60,   60,   80,    0,    0,    0,    0, -999
20040823, 1200,  , HU, 23.8N, 125.0E,  70,  972,  180,  180,  180,  180,   80,   60,   60,   80,    0,    0,    0,    0, -999
20040823, 1800,  , HU, 24.4N, 124.5E,  75,  967,  160,  180,  180,  180,   65,   80,   80,   80,   25,   25,   25,   25, -999
20040824, 0000,  , HU, 24.9N, 124.0E,  80,  963,  160,  180,  180,  180,   65,   80,   80,   80,   25,   25,   25,   25, -999
20040824, 0600,  , HU, 25.3N, 123.5E,  80,  963,  170,  170,  155,  170,   60,   60,   60,   60,   25,   25,   25,   25, -999
20040824, 1200,  , HU, 25.5N, 122.9E,  85,  958,  160,  160,  145,  160,   60,   60,   60,   60,   25,   25,   25,   25, -999
20040824, 1800,  , HU, 25.6N, 122.2E,  90,  954,  120,  180,  200,   90,   40,   50,   60,   30,   15,   15,   15,   15, -999
20040825, 0000,  , HU, 25.6N, 121.4E,  90,  954,  120,  180,  200,   90,   40,   50,   60,   30,   15,   15,   15,   15, -999
20040825, 0600,  , HU, 25.6N, 120.4E,  85,  958,  120,  170,  180,  100,   40,   50,   50,   35,   15,   15,   15,   15, -999
20040825, 1200,  , HU, 25.3N, 119.2E,  75,  967,  110,  135,  135,   90,   35,   45,   45,   30,   15,   15,   15,   15, -999
20040825, 1800,  , HU, 24.7N, 118.1E,  65,  976,  110,  135,  135,   90,   35,   45,   45,   30,   15,   15,   15,   15, -999
20040826, 0000,  , TS, 24.2N, 117.2E,  60,  980,  110,  135,  135,   90,   35,   45,   45,   30,    0,    0,    0,    0, -999
20040826, 0600,  , TS, 23.9N, 116.4E,  40,  994,  110,  135,  135,   90,    0,    0,    0,    0,    0,    0,    0,    0, -999
20040826, 1200,  , TD, 23.8N, 115.6E,  30, 1000,    0,    0,    0,    0,    0,    0,    0,    0,    0,    0,    0,    0, -999
