WP202006,             RUMBIA,     14,
20061003, 0000,  , DB, 19.7N, 154.1E,  15, 1006,    0,    0,    0,    0,    0,    0,    0,    0,    0,    0,    0,    0, -999
20061003, 0600,  , DB, 19.9N, 153.9E,  20, 1004,    0,    0,    0,    0,    0,    0,    0,    0,    0,    0,    0,    0, -999
20061003, 1200,  , DB, 20.5N, 154.0E,  20, 1004,    0,    0,    0,    0,    0,    0,    0,    0,    0,    0,    0,    0, -999
20061003, 1800,  , DB, 21.1N, 153.9E,  20,  998,    0,    0,    0,    0,    0,    0,    0,    0,    0,    0,    0,    0, -999
20061004, 0000,  , DB, 21.5N, 153.3E,  20, 1004,    0,    0,    0,    0,    0,    0,    0,    0,    0,    0,    0,    0, -999
20061004, 0600,  , DB, 21.9N, 152.6E,  20, 1004,    0,    0,    0,    0,    0,    0,    0,    0,    0,    0,    0,    0, -999
20061004, 1200,  , DB, 22.4N, 152.5E,  20, 1004,    0,    0,    0,    0,    0,    0,    0,    0,    0,    0,    0,    0, -999
20061004, 1800,  , TD, 22.7N, 152.3E,  25, 1002,    0,    0,    0,    0,    0,    0,    0,    0,    0,    0,    0,    0, -999
20061005, 0000,  , TD, 22.9N, 152.0E,  25, 1002,    0,    0,    0,    0,    0,    0,    0,    0,    0,    0,    0,    0, -999
20061005, 0600,  , TD, 23.2N, 152.0E,  25, 1002,    0,    0,    0,    0,    0,    0,    0,    0,    0,    0,    0,    0, -999
20061005, 1200,  , TD, 23.6N, 151.8E,  30, 1000,    0,    0,    0,    0,    0,    0,    0,    0,    0,    0,    0,    0, -999
20061005, 1800,  , TD, 24.5N, 151.5E,  30, 1000,    0,    0,    0,    0,    0,    0,    0,    0,    0,    0,    0,    0, -999
20061006, 0000,  , TD, 26.7N, 151.4E,  25, 1002,    0,    0,    0,    0,    0,    0,    0,    0,    0,    0,    0,    0, -999
20061006, 0600,  , DB, 29.6N, 151.1E,  15, 1006,    0,    0,    0,    0,    0,    0,    0,    0,    0,    0,    0,    0, -999
