WP212014,            SINLAKU,     20,
20141125, 0600,  , DB,  8.4N, 131.4E,  15, 1010,    0,    0,    0,    0,    0,    0,    0,    0,    0,    0,    0,    0, -999
20141125, 1200,  , DB,  8.4N, 130.3E,  15, 1010,    0,    0,    0,    0,    0,    0,    0,    0,    0,    0,    0,    0, -999
20141125, 1800,  , DB,  8.5N, 129.0E,  20, 1007,    0,    0,    0,    0,    0,    0,    0,    0,    0,    0,    0,    0, -999
20141126, 0000,  , TD,  8.5N, 128.1E,  25, 1004,    0,    0,    0,    0,    0,    0,    0,    0,    0,    0,    0,    0, -999
20141126, 0600,  , TD,  8.8N, 127.0E,  25, 1004,    0,    0,    0,    0,    0,    0,    0,    0,    0,    0,    0,    0, -999
20141126, 1200,  , TD,  9.3N, 125.5E,  30, 1000,    0,    0,    0,    0,    0,    0,    0,    0,    0,    0,    0,    0, -999
20141126, 1800,  , TD,  9.6N, 124.1E,  30, 1000,    0,    0,    0,    0,    0,    0,    0,    0,    0,    0,    0,    0, -999
20141127, 0000,  , TD,  9.8N, 122.9E,  30, 1000,    0,    0,    0,    0,    0,    0,    0,    0,    0,    0,    0,    0, -999
20141127, 0600,  , TD, 10.1N, 121.5E,  30, 1000,    0,    0,    0,    0,    0,    0,    0,    0,    0,    0,    0,    0, -999
20141127, 1200,  , TD, 10.4N, 119.8E,  30, 1000,    0,    0,    0,    0,    0,    0,    0,    0,    0,    0,    0,    0, -999
20141127, 1800,  , TD, 10.8N, 118.4E,  30, 1000,    0,    0,    0,    0,    0,    0,    0,    0,    0,    0,    0,    0, -999
20141128, 0000,  , TS, 11.2N, 117.0E,  35,  996,    0,    0,    0,    0,    0,    0,    0,    0,    0,    0,    0,    0, -999
20141128, 0600,  , TS, 11.6N, 115.6E,  40,  993,   60,   45,   50,   55,    0,    0,    0,    0,    0,    0,    0,    0, -999
20141128, 1200,  , TS, 12.1N, 114.2E,  45,  989,   60,   45,   50,   55,    0,    0,    0,    0,    0,    0,    0,    0, -999
20141128, 1800,  , TS, 12.4N, 112.9E,  45,  989,   60,   45,   50,   55,    0,    0,    0,    0,    0,    0,    0,    0, -999
20141129, 0000,  , TS, 12.8N, 111.7E,  55,  982,   75,   55,   60,   80,   20,   20,   20,   25,    0,    0,    0,    0, -999
20141129, 0600,  , TS, 13.1N, 110.8E,  55,  982,   75,   55,   55,   75,   35,   35,   35,   35,    0,    0,    0,    0, -999
20141129, 1200,  , TS, 13.3N, 110.2E,  50,  985,   75,   55,   55,   75,    0,    0,    0,    0,    0,    0,    0,    0, -999
20141129, 1800,  , TS, 13.7N, 109.4E,  40,  993,   75,   55,   55,   75,    0,    0,    0,    0,    0,    0,    0,    0, -999
20141130, 0000,  , TD, 13.9N, 108.3E,  30, 1000,    0,    0,    0,    0,    0,    0,    0,    0,    0,    0,    0,    0, -999
