WP211971,            UNNAMED,     29,
19710810, 0000,  , TS, 14.6N, 142.2E,  45,    0,    0,    0,    0,    0,    0,    0,    0,    0,    0,    0,    0,    0, -999
19710810, 0600,  , TS, 15.1N, 141.3E,  60,    0,    0,    0,    0,    0,    0,    0,    0,    0,    0,    0,    0,    0, -999
19710810, 1200,  , HU, 15.5N, 140.5E,  65,    0,    0,    0,    0,    0,    0,    0,    0,    0,    0,    0,    0,    0, -999
19710810, 1800,  , HU, 15.9N, 139.7E,  70,    0,    0,    0,    0,    0,    0,    0,    0,    0,    0,    0,    0,    0, -999
19710811, 0000,  , HU, 16.5N, 138.3E,  65,    0,    0,    0,    0,    0,    0,    0,    0,    0,    0,    0,    0,    0, -999
19710811, 0600,  , TS, 17.1N, 136.8E,  55,    0,    0,    0,    0,    0,    0,    0,    0,    0,    0,    0,    0,    0, -999
19710811, 1200,  , TS, 16.8N, 135.3E,  60,    0,    0,    0,    0,    0,    0,    0,    0,    0,    0,    0,    0,    0, -999
19710811, 1800,  , HU, 16.8N, 133.8E,  65,    0,    0,    0,    0,    0,    0,    0,    0,    0,    0,    0,    0,    0, -999
19710812, 0000,  , HU, 17.1N, 132.3E,  70,    0,    0,    0,    0,    0,    0,    0,    0,    0,    0,    0,    0,    0, -999
19710812, 0600,  , HU, 17.5N, 130.9E,  80,    0,    0,    0,    0,    0,    0,    0,    0,    0,    0,    0,    0,    0, -999
19710812, 1200,  , HU, 17.6N, 129.4E,  90,    0,    0,    0,    0,    0,    0,    0,    0,    0,    0,    0,    0,    0, -999
19710812, 1800,  , HU, 17.7N, 127.9E,  95,    0,    0,    0,    0,    0,    0,    0,    0,    0,    0,    0,    0,    0, -999
19710813, 0000,  , HU, 17.7N, 126.3E, 100,    0,    0,    0,    0,    0,    0,    0,    0,    0,    0,    0,    0,    0, -999
19710813, 0600,  , HU, 17.7N, 124.9E, 105,    0,    0,    0,    0,    0,    0,    0,    0,    0,    0,    0,    0,    0, -999
19710813, 1200,  , HU, 17.6N, 123.4E, 110,    0,    0,    0,    0,    0,    0,    0,    0,    0,    0,    0,    0,    0, -999
19710813, 1800,  , HU, 17.4N, 122.0E,  95,    0,    0,    0,    0,    0,    0,    0,    0,    0,    0,    0,    0,    0, -999
19710814, 0000,  , HU, 17.4N, 120.7E,  80,    0,    0,    0,    0,    0,    0,    0,    0,    0,    0,    0,    0,    0, -999
19710814, 0600,  , HU, 17.5N, 119.5E,  70,    0,    0,    0,    0,    0,    0,    0,    0,    0,    0,    0,    0,    0, -999
19710814, 1200,  , HU, 17.7N, 118.4E,  75,    0,    0,    0,    0,    0,    0,    0,    0,    0,    0,    0,    0,    0, -999
19710814, 1800,  , HU, 17.9N, 117.3E,  80,    0,    0,    0,    0,    0,    0,    0,    0,    0,    0,    0,    0,    0, -999
19710815, 0000,  , HU, 18.3N, 116.2E,  85,    0,    0,    0,    0,    0,    0,    0,    0,    0,    0,    0,    0,    0, -999
19710815, 0600,  , HU, 18.6N, 115.6E, 100,    0,    0,    0,    0,    0,    0,    0,    0,    0,    0,    0,    0,    0, -999
19710815, 1200,  , HU, 19.1N, 115.0E, 105,    0,    0,    0,    0,    0,    0,    0,    0,    0,    0,    0,    0,    0, -999
19710815, 1800,  , HU, 19.5N, 114.5E, 115,    0,    0,    0,    0,    0,    0,    0,    0,    0,    0,    0,    0,    0, -999
19710816, 0000,  , HU, 20.0N, 114.3E, 120,    0,    0,    0,    0,    0,    0,    0,    0,    0,    0,    0,    0,    0, -999
19710816, 0600,  , HU, 20.6N, 114.0E, 115,    0,    0,    0,    0,    0,    0,    0,    0,    0,    0,    0,    0,    0, -999
19710816, 1200,  , HU, 21.4N, 114.0E, 110,    0,    0,    0,    0,    0,    0,    0,    0,    0,    0,    0,    0,    0, -999
19710816, 1800,  , HU, 22.3N, 113.9E,  90,    0,    0,    0,    0,    0,    0,    0,    0,    0,    0,    0,    0,    0, -999
19710817, 0000,  , TS, 23.1N, 113.4E,  35,    0,    0,    0,    0,    0,    0,    0,    0,    0,    0,    0,    0,    0, -999
