WP212008,              HIGOS,     34,
20080927, 1800,  , DB,  8.2N, 139.4E,  15, 1008,    0,    0,    0,    0,    0,    0,    0,    0,    0,    0,    0,    0, -999
20080928, 0000,  , DB,  8.3N, 138.0E,  15, 1009,    0,    0,    0,    0,    0,    0,    0,    0,    0,    0,    0,    0, -999
20080928, 0600,  , DB,  8.3N, 136.8E,  15, 1010,    0,    0,    0,    0,    0,    0,    0,    0,    0,    0,    0,    0, -999
20080928, 1200,  , DB,  8.5N, 135.7E,  20, 1007,    0,    0,    0,    0,    0,    0,    0,    0,    0,    0,    0,    0, -999
20080928, 1800,  , DB,  8.7N, 134.4E,  20, 1006,    0,    0,    0,    0,    0,    0,    0,    0,    0,    0,    0,    0, -999
20080929, 0000,  , DB,  8.7N, 132.9E,  20, 1006,    0,    0,    0,    0,    0,    0,    0,    0,    0,    0,    0,    0, -999
20080929, 0600,  , TD,  8.7N, 131.2E,  30, 1000,    0,    0,    0,    0,    0,    0,    0,    0,    0,    0,    0,    0, -999
20080929, 1200,  , TS,  9.1N, 129.5E,  35,  996,    0,    0,    0,    0,    0,    0,    0,    0,    0,    0,    0,    0, -999
20080929, 1800,  , TS,  9.9N, 127.9E,  40,  993,   65,   60,   55,   55,    0,    0,    0,    0,    0,    0,    0,    0, -999
20080930, 0000,  , TS, 10.9N, 126.7E,  40,  993,   65,   60,   55,   55,    0,    0,    0,    0,    0,    0,    0,    0, -999
20080930, 0600,  , TS, 12.0N, 125.7E,  40,  993,   65,   60,   55,   60,    0,    0,    0,    0,    0,    0,    0,    0, -999
20080930, 1200,  , TS, 12.9N, 124.6E,  40,  993,   65,   55,   60,   65,    0,    0,    0,    0,    0,    0,    0,    0, -999
20080930, 1800,  , TS, 13.5N, 123.6E,  35,  996,   65,   55,   60,   65,    0,    0,    0,    0,    0,    0,    0,    0, -999
20081001, 0000,  , TS, 14.0N, 122.6E,  35,  996,   65,   55,   60,   65,    0,    0,    0,    0,    0,    0,    0,    0, -999
20081001, 0600,  , TD, 14.3N, 121.5E,  30, 1000,    0,    0,    0,    0,    0,    0,    0,    0,    0,    0,    0,    0, -999
20081001, 1200,  , TD, 14.5N, 120.3E,  30, 1000,    0,    0,    0,    0,    0,    0,    0,    0,    0,    0,    0,    0, -999
20081001, 1800,  , TD, 14.7N, 119.1E,  30, 1000,    0,    0,    0,    0,    0,    0,    0,    0,    0,    0,    0,    0, -999
20081002, 0000,  , TD, 14.9N, 117.6E,  30, 1000,    0,    0,    0,    0,    0,    0,    0,    0,    0,    0,    0,    0, -999
20081002, 0600,  , TD, 15.4N, 115.8E,  30, 1000,    0,    0,    0,    0,    0,    0,    0,    0,    0,    0,    0,    0, -999
20081002, 1200,  , TD, 15.9N, 114.2E,  30, 1000,    0,    0,    0,    0,    0,    0,    0,    0,    0,    0,    0,    0, -999
20081002, 1800,  , TD, 16.8N, 112.9E,  30, 1000,    0,    0,    0,    0,    0,    0,    0,    0,    0,    0,    0,    0, -999
20081003, 0000,  , TD, 17.7N, 112.1E,  30, 1000,    0,    0,    0,    0,    0,    0,    0,    0,    0,    0,    0,    0, -999
20081003, 0600,  , TD, 18.5N, 111.6E,  30, 1000,    0,    0,    0,    0,    0,    0,    0,    0,    0,    0,    0,    0, -999
20081003, 1200,  , TD, 19.2N, 111.2E,  25, 1004,    0,    0,    0,    0,    0,    0,    0,    0,    0,    0,    0,    0, -999
20081003, 1800,  , TD, 19.8N, 110.9E,  25, 1004,    0,    0,    0,    0,    0,    0,    0,    0,    0,    0,    0,    0, -999
20081004, 0000,  , TD, 20.4N, 110.7E,  25, 1004,    0,    0,    0,    0,    0,    0,    0,    0,    0,    0,    0,    0, -999
20081004, 0600,  , TD, 21.0N, 110.6E,  25, 1004,    0,    0,    0,    0,    0,    0,    0,    0,    0,    0,    0,    0, -999
20081004, 1200,  , TD, 21.5N, 110.7E,  25, 1004,    0,    0,    0,    0,    0,    0,    0,    0,    0,    0,    0,    0, -999
20081004, 1800,  , DB, 21.8N, 111.0E,  20, 1007,    0,    0,    0,    0,    0,    0,    0,    0,    0,    0,    0,    0, -999
20081005, 0000,  , DB, 22.0N, 111.5E,  20, 1007,    0,    0,    0,    0,    0,    0,    0,    0,    0,    0,    0,    0, -999
20081005, 0600,  , DB, 22.2N, 112.5E,  20, 1007,    0,    0,    0,    0,    0,    0,    0,    0,    0,    0,    0,    0, -999
20081005, 1200,  , DB, 22.5N, 113.6E,  20, 1007,    0,    0,    0,    0,    0,    0,    0,    0,    0,    0,    0,    0, -999
20081005, 1800,  , DB, 22.8N, 114.7E,  20, 1007,    0,    0,    0,    0,    0,    0,    0,    0,    0,    0,    0,    0, -999
20081006, 0000,  , DB, 23.3N, 116.0E,  20, 1007,    0,    0,    0,    0,    0,    0,    0,    0,    0,    0,    0,    0, -999
