WP212021,          TWENTYONE,     15,
20210921, 0000,  , DB, 12.9N, 119.0E,  15, 1008,    0,    0,    0,    0,    0,    0,    0,    0,    0,    0,    0,    0, -999
20210921, 0600,  , DB, 12.0N, 118.4E,  15, 1008,    0,    0,    0,    0,    0,    0,    0,    0,    0,    0,    0,    0, -999
20210921, 1200,  , DB, 11.7N, 117.6E,  15, 1007,    0,    0,    0,    0,    0,    0,    0,    0,    0,    0,    0,    0, -999
20210921, 1800,  , DB, 11.7N, 116.4E,  15, 1008,    0,    0,    0,    0,    0,    0,    0,    0,    0,    0,    0,    0, -999
20210922, 0000,  , DB, 11.9N, 115.4E,  15, 1008,    0,    0,    0,    0,    0,    0,    0,    0,    0,    0,    0,    0, -999
20210922, 0600,  , DB, 12.3N, 114.4E,  20, 1007,    0,    0,    0,    0,    0,    0,    0,    0,    0,    0,    0,    0, -999
20210922, 1200,  , DB, 12.6N, 113.5E,  20, 1008,    0,    0,    0,    0,    0,    0,    0,    0,    0,    0,    0,    0, -999
20210922, 1800,  , TD, 13.2N, 112.6E,  25, 1004,    0,    0,    0,    0,    0,    0,    0,    0,    0,    0,    0,    0, -999
20210923, 0000,  , TD, 13.9N, 111.7E,  30, 1003,    0,    0,    0,    0,    0,    0,    0,    0,    0,    0,    0,    0, -999
20210923, 0600,  , TD, 14.6N, 110.6E,  30, 1002,    0,    0,    0,    0,    0,    0,    0,    0,    0,    0,    0,    0, -999
20210923, 1200,  , TS, 15.0N, 109.2E,  35, 1001,   40,   20,   30,   40,    0,    0,    0,    0,    0,    0,    0,    0, -999
20210923, 1800,  , TD, 15.4N, 107.8E,  30, 1006,    0,    0,    0,    0,    0,    0,    0,    0,    0,    0,    0,    0, -999
20210924, 0000,  , TD, 15.6N, 106.4E,  25, 1007,    0,    0,    0,    0,    0,    0,    0,    0,    0,    0,    0,    0, -999
20210924, 0600,  , DB, 16.2N, 105.8E,  20, 1007,    0,    0,    0,    0,    0,    0,    0,    0,    0,    0,    0,    0, -999
20210924, 1200,  , DB, 16.8N, 105.3E,  15, 1009,    0,    0,    0,    0,    0,    0,    0,    0,    0,    0,    0,    0, -999
