WP212017,            DOKSURI,     22,
20170910, 1800,  , DB, 14.4N, 126.9E,  20, 1006,    0,    0,    0,    0,    0,    0,    0,    0,    0,    0,    0,    0, -999
20170911, 0000,  , DB, 14.7N, 126.0E,  20, 1006,    0,    0,    0,    0,    0,    0,    0,    0,    0,    0,    0,    0, -999
20170911, 0600,  , DB, 14.7N, 124.7E,  20, 1006,    0,    0,    0,    0,    0,    0,    0,    0,    0,    0,    0,    0, -999
20170911, 1200,  , TD, 14.8N, 123.7E,  25, 1004,    0,    0,    0,    0,    0,    0,    0,    0,    0,    0,    0,    0, -999
20170911, 1800,  , TD, 14.7N, 122.7E,  25, 1004,    0,    0,    0,    0,    0,    0,    0,    0,    0,    0,    0,    0, -999
20170912, 0000,  , TD, 14.5N, 121.7E,  30, 1000,    0,    0,    0,    0,    0,    0,    0,    0,    0,    0,    0,    0, -999
20170912, 0600,  , TD, 14.5N, 120.4E,  30, 1000,    0,    0,    0,    0,    0,    0,    0,    0,    0,    0,    0,    0, -999
20170912, 1200,  , TS, 14.3N, 119.0E,  35,  996,  140,   85,  110,  150,    0,    0,    0,    0,    0,    0,    0,    0, -999
20170912, 1800,  , TS, 14.1N, 118.0E,  40,  993,   70,   65,   60,   60,    0,    0,    0,    0,    0,    0,    0,    0, -999
20170913, 0000,  , TS, 14.6N, 116.9E,  40,  993,   90,   80,   75,   85,    0,    0,    0,    0,    0,    0,    0,    0, -999
20170913, 0600,  , TS, 15.3N, 115.9E,  45,  999,   35,   50,   25,   25,    0,    0,    0,    0,    0,    0,    0,    0, -999
20170913, 1200,  , TS, 15.4N, 114.5E,  50,  985,  120,   90,   80,  110,   60,   40,   35,   55,    0,    0,    0,    0, -999
20170913, 1800,  , TS, 15.7N, 113.3E,  55,  982,  135,   85,  120,  125,   45,   45,   45,   35,    0,    0,    0,    0, -999
20170914, 0000,  , HU, 16.0N, 112.3E,  65,  982,  130,   90,   80,  130,   65,   40,   35,   65,    0,    0,    0,    0, -999
20170914, 0600,  , HU, 16.5N, 111.1E,  75,  973,  155,  120,  110,  150,   70,   60,   50,   75,   30,   30,   25,   30, -999
20170914, 1200,  , HU, 16.9N, 109.9E,  85,  967,  165,  120,  110,  150,   85,   65,   55,   80,   40,   35,   30,   35, -999
20170914, 1800,  , HU, 17.4N, 108.8E,  90,  964,  155,  125,  100,  145,   85,   65,   50,   80,   45,   35,   25,   40, -999
20170915, 0000,  , HU, 17.6N, 107.3E,  95,  960,  165,  130,   95,  155,   90,   70,   45,   85,   50,   35,   25,   45, -999
20170915, 0600,  , HU, 17.9N, 105.9E,  80,  963,  110,  115,   70,  100,   50,   40,   35,   45,   25,   20,   15,   25, -999
20170915, 1200,  , TS, 18.1N, 104.4E,  50,  985,  195,  125,   80,  150,  110,   65,   40,   80,    0,    0,    0,    0, -999
20170915, 1800,  , TS, 18.3N, 102.9E,  40,  993,  100,   85,   95,  100,    0,    0,    0,    0,    0,    0,    0,    0, -999
20170916, 0000,  , TD, 18.6N, 101.1E,  30, 1000,    0,    0,    0,    0,    0,    0,    0,    0,    0,    0,    0,    0, -999
