WP222011,             NALGAE,     36,
20110926, 1200,  , TD, 18.1N, 138.5E,  20, 1007,    0,    0,    0,    0,    0,    0,    0,    0,    0,    0,    0,    0, -999
20110926, 1800,  , TD, 18.4N, 138.2E,  20, 1007,    0,    0,    0,    0,    0,    0,    0,    0,    0,    0,    0,    0, -999
20110927, 0000,  , TD, 18.7N, 137.9E,  25, 1004,    0,    0,    0,    0,    0,    0,    0,    0,    0,    0,    0,    0, -999
20110927, 0600,  , TD, 18.9N, 137.5E,  30, 1000,    0,    0,    0,    0,    0,    0,    0,    0,    0,    0,    0,    0, -999
20110927, 1200,  , TD, 19.0N, 137.1E,  30, 1000,    0,    0,    0,    0,    0,    0,    0,    0,    0,    0,    0,    0, -999
20110927, 1800,  , TS, 19.0N, 136.9E,  35,  996,    0,    0,    0,    0,    0,    0,    0,    0,    0,    0,    0,    0, -999
20110928, 0000,  , TS, 19.0N, 136.7E,  40,  993,   30,   30,   30,   30,    0,    0,    0,    0,    0,    0,    0,    0, -999
20110928, 0600,  , TS, 18.9N, 136.3E,  45,  989,   90,   80,   70,   90,    0,    0,    0,    0,    0,    0,    0,    0, -999
20110928, 1200,  , TS, 18.6N, 135.7E,  50,  985,   90,   70,   70,   90,   35,   35,   35,   35,    0,    0,    0,    0, -999
20110928, 1800,  , TS, 18.4N, 135.1E,  55,  982,   90,   70,   70,   90,   35,   35,   35,   35,    0,    0,    0,    0, -999
20110929, 0000,  , HU, 18.2N, 134.1E,  65,  974,   90,   70,   70,   90,   40,   40,   40,   40,    0,    0,    0,    0, -999
20110929, 0600,  , HU, 18.0N, 133.0E,  65,  974,   85,   70,   70,   85,   40,   40,   40,   40,    0,    0,    0,    0, -999
20110929, 1200,  , HU, 17.8N, 131.7E,  75,  967,   85,   70,   70,   85,   40,   40,   40,   40,    0,    0,    0,    0, -999
20110929, 1800,  , HU, 17.7N, 130.3E,  80,  963,   90,   75,   75,   90,   50,   50,   50,   50,   25,    0,    0,    0, -999
20110930, 0000,  , HU, 17.7N, 128.9E,  90,  956,  100,   90,   90,  100,   55,   55,   55,   55,   30,   30,   30,   30, -999
20110930, 0600,  , HU, 17.7N, 127.4E, 100,  948,  120,  110,  110,  120,   55,   55,   55,   55,   35,   35,   35,   35, -999
20110930, 1200,  , HU, 17.5N, 125.7E, 115,  937,  120,  110,  110,  120,   55,   55,   55,   55,   35,   35,   35,   35, -999
20110930, 1800,  , HU, 16.9N, 124.1E, 115,  937,  120,  110,  110,  110,   55,   55,   55,   55,   35,   35,   35,   35, -999
20111001, 0000,  , XX, 16.6N, 122.7E, 130,  926,  140,  130,   70,   80,   60,   60,   30,   30,   25,   25,   20,   20, -999
20111001, 0600,  , HU, 16.5N, 121.2E, 100,  948,  140,  130,   70,   80,   60,   60,   30,   30,   25,   25,   20,   20, -999
20111001, 1200,  , HU, 16.3N, 119.6E,  80,  963,  100,  100,  120,  120,   40,   40,   50,   50,   20,   20,   20,   20, -999
20111001, 1800,  , HU, 16.4N, 119.1E,  65,  974,  100,  100,  120,  120,   40,   40,   50,   50,   20,   20,   20,   20, -999
20111002, 0000,  , TS, 17.0N, 118.3E,  55,  982,  110,   90,   90,  110,   35,   35,   40,   40,    0,    0,    0,    0, -999
20111002, 0600,  , TS, 17.3N, 117.2E,  50,  985,  110,   90,   90,  110,    0,    0,    0,    0,    0,    0,    0,    0, -999
20111002, 1200,  , TS, 17.6N, 116.2E,  50,  985,  150,  120,  120,  150,   30,   30,   30,   30,    0,    0,    0,    0, -999
20111002, 1800,  , TS, 17.7N, 115.3E,  50,  985,  130,  120,  130,  140,    0,    0,    0,    0,    0,    0,    0,    0, -999
20111003, 0000,  , TS, 17.7N, 114.3E,  50,  985,  130,  120,  140,  140,    0,    0,    0,    0,    0,    0,    0,    0, -999
20111003, 0600,  , TS, 17.7N, 113.7E,  50,  985,  140,  120,  130,  140,    0,    0,    0,    0,    0,    0,    0,    0, -999
20111003, 1200,  , TS, 17.7N, 113.1E,  45,  989,  130,  100,  120,  130,    0,    0,    0,    0,    0,    0,    0,    0, -999
20111003, 1800,  , TS, 18.1N, 112.2E,  45,  989,  130,  100,  120,  130,    0,    0,    0,    0,    0,    0,    0,    0, -999
20111004, 0000,  , TS, 18.2N, 111.2E,  40,  993,  130,  100,  120,  125,    0,    0,    0,    0,    0,    0,    0,    0, -999
20111004, 0600,  , TS, 18.7N, 110.0E,  35,  996,  130,  100,  120,  125,    0,    0,    0,    0,    0,    0,    0,    0, -999
20111004, 1200,  , TD, 18.8N, 109.0E,  30, 1001,    0,    0,    0,    0,    0,    0,    0,    0,    0,    0,    0,    0, -999
20111004, 1800,  , TD, 18.6N, 108.6E,  30, 1000,    0,    0,    0,    0,    0,    0,    0,    0,    0,    0,    0,    0, -999
20111005, 0000,  , TD, 18.3N, 108.3E,  30, 1002,    0,    0,    0,    0,    0,    0,    0,    0,    0,    0,    0,    0, -999
20111005, 0600,  , DB, 18.0N, 108.1E,  20, 1007,    0,    0,    0,    0,    0,    0,    0,    0,    0,    0,    0,    0, -999
