WP221959,            UNNAMED,     39,
19591213, 0000,  , TS,  7.1N, 143.4E,  35,    0,    0,    0,    0,    0,    0,    0,    0,    0,    0,    0,    0,    0, -999
19591213, 0600,  , TS,  7.2N, 142.9E,  40,    0,    0,    0,    0,    0,    0,    0,    0,    0,    0,    0,    0,    0, -999
19591213, 1200,  , TS,  7.3N, 142.3E,  50,    0,    0,    0,    0,    0,    0,    0,    0,    0,    0,    0,    0,    0, -999
19591213, 1800,  , TS,  7.3N, 141.5E,  60,    0,    0,    0,    0,    0,    0,    0,    0,    0,    0,    0,    0,    0, -999
19591214, 0000,  , HU,  7.4N, 140.5E,  70,    0,    0,    0,    0,    0,    0,    0,    0,    0,    0,    0,    0,    0, -999
19591214, 0600,  , HU,  7.6N, 139.5E,  80,    0,    0,    0,    0,    0,    0,    0,    0,    0,    0,    0,    0,    0, -999
19591214, 1200,  , HU,  7.8N, 138.5E,  90,    0,    0,    0,    0,    0,    0,    0,    0,    0,    0,    0,    0,    0, -999
19591214, 1800,  , HU,  8.0N, 137.5E,  90,    0,    0,    0,    0,    0,    0,    0,    0,    0,    0,    0,    0,    0, -999
19591215, 0000,  , HU,  8.1N, 136.6E, 100,    0,    0,    0,    0,    0,    0,    0,    0,    0,    0,    0,    0,    0, -999
19591215, 0600,  , HU,  8.3N, 135.8E, 105,    0,    0,    0,    0,    0,    0,    0,    0,    0,    0,    0,    0,    0, -999
19591215, 1200,  , HU,  8.5N, 134.9E, 110,    0,    0,    0,    0,    0,    0,    0,    0,    0,    0,    0,    0,    0, -999
19591215, 1800,  , HU,  8.8N, 133.9E, 120,    0,    0,    0,    0,    0,    0,    0,    0,    0,    0,    0,    0,    0, -999
19591216, 0000,  , HU,  9.3N, 132.7E, 120,    0,    0,    0,    0,    0,    0,    0,    0,    0,    0,    0,    0,    0, -999
19591216, 0600,  , HU,  9.9N, 131.5E, 130,    0,    0,    0,    0,    0,    0,    0,    0,    0,    0,    0,    0,    0, -999
19591216, 1200,  , HU, 10.4N, 130.2E, 130,    0,    0,    0,    0,    0,    0,    0,    0,    0,    0,    0,    0,    0, -999
19591216, 1800,  , HU, 10.9N, 129.2E, 140,    0,    0,    0,    0,    0,    0,    0,    0,    0,    0,    0,    0,    0, -999
19591217, 0000,  , HU, 11.2N, 128.4E, 145,    0,    0,    0,    0,    0,    0,    0,    0,    0,    0,    0,    0,    0, -999
19591217, 0600,  , HU, 11.5N, 127.8E, 150,    0,    0,    0,    0,    0,    0,    0,    0,    0,    0,    0,    0,    0, -999
19591217, 1200,  , HU, 11.7N, 127.3E, 150,    0,    0,    0,    0,    0,    0,    0,    0,    0,    0,    0,    0,    0, -999
19591217, 1800,  , HU, 12.0N, 126.6E, 150,    0,    0,    0,    0,    0,    0,    0,    0,    0,    0,    0,    0,    0, -999
19591218, 0000,  , HU, 12.2N, 125.7E, 140,    0,    0,    0,    0,    0,    0,    0,    0,    0,    0,    0,    0,    0, -999
19591218, 0600,  , HU, 12.2N, 124.7E, 130,    0,    0,    0,    0,    0,    0,    0,    0,    0,    0,    0,    0,    0, -999
19591218, 1200,  , HU, 12.2N, 123.5E, 115,    0,    0,    0,    0,    0,    0,    0,    0,    0,    0,    0,    0,    0, -999
19591218, 1800,  , HU, 12.2N, 122.4E, 110,    0,    0,    0,    0,    0,    0,    0,    0,    0,    0,    0,    0,    0, -999
19591219, 0000,  , HU, 12.2N, 121.2E, 115,    0,    0,    0,    0,    0,    0,    0,    0,    0,    0,    0,    0,    0, -999
19591219, 0600,  , HU, 12.2N, 120.1E, 100,    0,    0,    0,    0,    0,    0,    0,    0,    0,    0,    0,    0,    0, -999
19591219, 1200,  , HU, 12.3N, 118.9E,  90,    0,    0,    0,    0,    0,    0,    0,    0,    0,    0,    0,    0,    0, -999
19591219, 1800,  , HU, 12.5N, 117.8E,  90,    0,    0,    0,    0,    0,    0,    0,    0,    0,    0,    0,    0,    0, -999
19591220, 0000,  , HU, 12.6N, 116.7E,  90,    0,    0,    0,    0,    0,    0,    0,    0,    0,    0,    0,    0,    0, -999
19591220, 0600,  , HU, 12.6N, 115.5E,  90,    0,    0,    0,    0,    0,    0,    0,    0,    0,    0,    0,    0,    0, -999
19591220, 1200,  , HU, 12.6N, 114.3E,  90,    0,    0,    0,    0,    0,    0,    0,    0,    0,    0,    0,    0,    0, -999
19591220, 1800,  , HU, 12.6N, 112.8E,  85,    0,    0,    0,    0,    0,    0,    0,    0,    0,    0,    0,    0,    0, -999
19591221, 0000,  , HU, 12.4N, 111.4E,  85,    0,    0,    0,    0,    0,    0,    0,    0,    0,    0,    0,    0,    0, -999
19591221, 0600,  , HU, 12.1N, 110.1E,  70,    0,    0,    0,    0,    0,    0,    0,    0,    0,    0,    0,    0,    0, -999
19591221, 1200,  , TS, 11.8N, 109.1E,  60,    0,    0,    0,    0,    0,    0,    0,    0,    0,    0,    0,    0,    0, -999
19591221, 1800,  , TS, 11.6N, 108.5E,  50,    0,    0,    0,    0,    0,    0,    0,    0,    0,    0,    0,    0,    0, -999
19591222, 0000,  , TS, 11.6N, 106.5E,  40,    0,    0,    0,    0,    0,    0,    0,    0,    0,    0,    0,    0,    0, -999
19591222, 0600,  , LO, 11.5N, 105.0E,  30,    0,    0,    0,    0,    0,    0,    0,    0,    0,    0,    0,    0,    0, -999
19591222, 1200,  , LO, 11.4N, 103.5E,  20,    0,    0,    0,    0,    0,    0,    0,    0,    0,    0,    0,    0,    0, -999
