WP222018,             SOULIK,     43,
20180815, 0000,  , LO, 11.4N, 145.1E,  15, 1010,    0,    0,    0,    0,    0,    0,    0,    0,    0,    0,    0,    0, -999
20180815, 0600,  , LO, 11.9N, 144.8E,  15, 1010,    0,    0,    0,    0,    0,    0,    0,    0,    0,    0,    0,    0, -999
20180815, 1200,  , TD, 12.7N, 144.4E,  25, 1003,    0,    0,    0,    0,    0,    0,    0,    0,    0,    0,    0,    0, -999
20180815, 1800,  , TD, 13.7N, 143.9E,  30, 1001,    0,    0,    0,    0,    0,    0,    0,    0,    0,    0,    0,    0, -999
20180816, 0000,  , TS, 15.2N, 143.3E,  35,  998,   80,   50,   30,   60,    0,    0,    0,    0,    0,    0,    0,    0, -999
20180816, 0600,  , TS, 16.8N, 142.5E,  45,  992,  110,   90,   50,   90,    0,    0,    0,    0,    0,    0,    0,    0, -999
20180816, 1200,  , TS, 18.5N, 141.9E,  55,  988,  120,  100,   70,  110,   61,   49,   30,   55,    0,    0,    0,    0, -999
20180816, 1800,  , TS, 20.2N, 141.4E,  60,  984,  130,  110,   80,  120,   68,   55,   36,   62,    0,    0,    0,    0, -999
20180817, 0000,  , HU, 22.0N, 140.8E,  65,  979,  140,  110,   80,  120,   74,   55,   37,   62,   39,   29,   18,   32, -999
20180817, 0600,  , HU, 23.2N, 140.2E,  75,  971,  140,  110,   90,  120,   75,   56,   43,   62,   40,   29,   22,   33, -999
20180817, 1200,  , HU, 23.7N, 139.9E,  80,  967,  140,  120,  100,  120,   75,   63,   50,   63,   40,   33,   26,   33, -999
20180817, 1800,  , HU, 24.3N, 140.0E,  90,  958,  140,  130,  110,  130,   76,   69,   57,   69,   40,   37,   30,   37, -999
20180818, 0000,  , HU, 24.6N, 140.1E,  95,  952,  140,  130,  110,  140,   76,   70,   57,   76,   41,   37,   30,   41, -999
20180818, 0600,  , HU, 24.8N, 140.1E, 105,  943,  150,  140,  110,  140,   83,   76,   58,   76,   44,   41,   30,   41, -999
20180818, 1200,  , HU, 24.9N, 139.9E,  95,  950,  150,  140,  110,  140,   82,   76,   57,   76,   44,   41,   30,   41, -999
20180818, 1800,  , HU, 25.0N, 139.5E,  90,  954,  150,  140,  110,  140,   82,   76,   57,   76,   44,   40,   30,   40, -999
20180819, 0000,  , HU, 25.0N, 139.1E,  90,  955,  150,  140,  120,  140,   82,   76,   63,   76,   44,   40,   33,   40, -999
20180819, 0600,  , HU, 25.0N, 138.6E,  85,  958,  150,  140,  120,  140,   82,   75,   63,   75,   44,   40,   33,   40, -999
20180819, 1200,  , HU, 25.2N, 138.0E,  80,  962,  160,  140,  120,  150,   88,   75,   63,   81,   47,   40,   33,   43, -999
20180819, 1800,  , HU, 25.5N, 137.3E,  90,  955,  160,  140,  120,  150,   88,   76,   63,   82,   47,   40,   33,   44, -999
20180820, 0000,  , HU, 25.8N, 136.4E,  95,  951,  160,  150,  120,  150,   89,   82,   63,   82,   48,   44,   34,   44, -999
20180820, 0600,  , HU, 26.1N, 135.5E, 100,  946,  170,  150,  120,  160,   95,   83,   64,   89,   51,   44,   34,   48, -999
20180820, 1200,  , HU, 26.5N, 134.4E, 100,  946,  180,  150,  120,  160,  101,   83,   64,   89,   55,   44,   34,   48, -999
20180820, 1800,  , HU, 27.0N, 133.3E, 105,  942,  190,  160,  130,  160,  108,   89,   70,   89,   58,   48,   37,   48, -999
20180821, 0000,  , HU, 27.7N, 132.2E, 100,  945,  190,  170,  130,  160,  108,   95,   70,   89,   58,   51,   37,   48, -999
20180821, 0600,  , HU, 28.4N, 130.9E,  95,  949,  190,  170,  130,  160,  107,   95,   70,   89,   58,   51,   37,   48, -999
20180821, 1200,  , HU, 29.0N, 129.8E,  90,  952,  190,  170,  130,  160,  107,   95,   69,   88,   58,   51,   37,   47, -999
20180821, 1800,  , HU, 29.8N, 128.6E,  95,  948,  190,  170,  130,  160,  107,   95,   70,   89,   58,   51,   37,   48, -999
20180822, 0000,  , HU, 30.4N, 127.7E,  90,  952,  180,  160,  120,  160,  101,   88,   63,   88,   54,   47,   33,   47, -999
20180822, 0600,  , HU, 31.0N, 126.9E,  85,  955,  170,  150,  120,  150,   94,   82,   63,   82,   51,   44,   33,   44, -999
20180822, 1200,  , HU, 31.8N, 126.2E,  80,  960,  160,  140,  120,  140,   88,   75,   63,   75,   47,   40,   33,   40, -999
20180822, 1800,  , HU, 32.4N, 125.4E,  75,  964,  160,  140,  120,  140,   88,   75,   62,   75,   47,   40,   33,   40, -999
20180823, 0000,  , HU, 32.9N, 125.3E,  65,  968,  140,  140,  120,  140,   74,   74,   62,   74,   39,   39,   32,   39, -999
20180823, 0600,  , TS, 33.6N, 125.5E,  60,  971,  140,  140,  120,  140,   74,   74,   62,   74,    0,    0,    0,    0, -999
20180823, 1200,  , TS, 34.7N, 126.3E,  50,  978,  130,  130,  110,  130,   67,   67,   55,   67,    0,    0,    0,    0, -999
20180823, 1800,  , TS, 35.9N, 127.4E,  45,  981,  130,  130,  100,  130,    0,    0,    0,    0,    0,    0,    0,    0, -999
20180824, 0000,  , TS, 37.2N, 128.8E,  45,  981,  110,  120,   80,   90,    0,    0,    0,    0,    0,    0,    0,    0, -999
20180824, 0600,  , TS, 38.5N, 130.2E,  45,  979,  110,  110,   80,   90,    0,    0,    0,    0,    0,    0,    0,    0, -999
20180824, 1200,  , EX, 40.1N, 131.7E,  45,  978,  110,  110,   80,   90,    0,    0,    0,    0,    0,    0,    0,    0, -999
20180824, 1800,  , EX, 41.3N, 133.6E,  40,  981,   40,   40,   30,   40,    0,    0,    0,    0,    0,    0,    0,    0, -999
20180825, 0000,  , EX, 42.1N, 135.5E,  35,  985,   40,   40,   30,   40,    0,    0,    0,    0,    0,    0,    0,    0, -999
20180825, 0600,  , EX, 43.7N, 138.6E,  30,  987,    0,    0,    0,    0,    0,    0,    0,    0,    0,    0,    0,    0, -999
20180825, 1200,  , EX, 43.9N, 139.2E,  30,  987,    0,    0,    0,    0,    0,    0,    0,    0,    0,    0,    0,    0, -999
