WP221947,            UNNAMED,     12,
19471110, 0000,  , TS, 14.2N, 129.8E,  35,    0,    0,    0,    0,    0,    0,    0,    0,    0,    0,    0,    0,    0, -999
19471110, 0600,  , TS, 14.9N, 129.5E,  40,    0,    0,    0,    0,    0,    0,    0,    0,    0,    0,    0,    0,    0, -999
19471110, 1200,  , TS, 16.7N, 129.6E,  45,    0,    0,    0,    0,    0,    0,    0,    0,    0,    0,    0,    0,    0, -999
19471110, 1800,  , TS, 18.0N, 129.4E,  50,    0,    0,    0,    0,    0,    0,    0,    0,    0,    0,    0,    0,    0, -999
19471111, 0000,  , TS, 18.8N, 129.1E,  40,    0,    0,    0,    0,    0,    0,    0,    0,    0,    0,    0,    0,    0, -999
19471111, 0600,  , TS, 19.4N, 128.7E,  40,    0,    0,    0,    0,    0,    0,    0,    0,    0,    0,    0,    0,    0, -999
19471111, 1200,  , TS, 19.8N, 128.6E,  40,    0,    0,    0,    0,    0,    0,    0,    0,    0,    0,    0,    0,    0, -999
19471111, 1800,  , TS, 20.3N, 128.7E,  40,    0,    0,    0,    0,    0,    0,    0,    0,    0,    0,    0,    0,    0, -999
19471112, 0000,  , TS, 20.6N, 129.2E,  40,    0,    0,    0,    0,    0,    0,    0,    0,    0,    0,    0,    0,    0, -999
19471112, 0600,  , TS, 20.8N, 129.6E,  35,    0,    0,    0,    0,    0,    0,    0,    0,    0,    0,    0,    0,    0, -999
19471112, 1200,  , LO, 21.1N, 130.4E,  30,    0,    0,    0,    0,    0,    0,    0,    0,    0,    0,    0,    0,    0, -999
19471112, 1800,  , LO, 21.5N, 131.6E,  30,    0,    0,    0,    0,    0,    0,    0,    0,    0,    0,    0,    0,    0, -999
