WP222012,          PRAPIROON,     52,
20121006, 1200,  , DB, 18.7N, 139.3E,  20, 1007,    0,    0,    0,    0,    0,    0,    0,    0,    0,    0,    0,    0, -999
20121006, 1800,  , DB, 18.7N, 138.6E,  20, 1004,    0,    0,    0,    0,    0,    0,    0,    0,    0,    0,    0,    0, -999
20121007, 0000,  , DB, 18.4N, 137.9E,  20, 1007,    0,    0,    0,    0,    0,    0,    0,    0,    0,    0,    0,    0, -999
20121007, 0600,  , DB, 18.0N, 137.3E,  20, 1007,    0,    0,    0,    0,    0,    0,    0,    0,    0,    0,    0,    0, -999
20121007, 1200,  , TD, 17.8N, 136.7E,  25, 1004,    0,    0,    0,    0,    0,    0,    0,    0,    0,    0,    0,    0, -999
20121007, 1800,  , TS, 17.9N, 136.1E,  35,  996,    0,    0,    0,    0,    0,    0,    0,    0,    0,    0,    0,    0, -999
20121008, 0000,  , TS, 17.9N, 135.5E,  45,  989,   60,   55,   55,   60,    0,    0,    0,    0,    0,    0,    0,    0, -999
20121008, 0600,  , TS, 18.3N, 134.9E,  50,  985,   65,   60,   60,   65,    0,    0,    0,    0,    0,    0,    0,    0, -999
20121008, 1200,  , TS, 18.3N, 133.9E,  55,  982,   70,   65,   65,   70,   25,   25,   25,   25,    0,    0,    0,    0, -999
20121008, 1800,  , TS, 17.9N, 133.2E,  60,  978,   70,   85,   65,   70,   30,   30,   30,   30,    0,    0,    0,    0, -999
20121009, 0000,  , HU, 17.6N, 132.6E,  65,  974,   75,   90,   70,   75,   30,   30,   30,   30,    0,    0,    0,    0, -999
20121009, 0600,  , HU, 17.8N, 132.2E,  65,  974,   75,   90,   70,   75,   30,   30,   30,   30,    0,    0,    0,    0, -999
20121009, 1200,  , HU, 18.1N, 131.9E,  70,  970,   80,   95,   75,   80,   35,   30,   30,   35,   15,   15,   15,   15, -999
20121009, 1800,  , HU, 18.3N, 131.5E,  75,  967,   80,   95,   75,   80,   35,   30,   30,   35,   15,   15,   15,   15, -999
20121010, 0000,  , HU, 18.4N, 131.0E,  90,  956,  150,  140,  125,  120,   40,   30,   30,   35,   20,   20,   20,   20, -999
20121010, 0600,  , HU, 18.6N, 130.5E,  90,  956,  150,  130,  130,  150,   70,   70,   70,   70,   35,   35,   35,   35, -999
20121010, 1200,  , HU, 18.8N, 129.9E,  90,  956,  150,  130,  130,  150,   70,   70,   70,   70,   35,   35,   35,   35, -999
20121010, 1800,  , HU, 18.9N, 129.4E,  90,  956,  150,  130,  130,  150,   70,   70,   70,   70,   35,   35,   35,   35, -999
20121011, 0000,  , HU, 19.2N, 129.0E,  95,  952,  150,  130,  130,  150,   70,   70,   70,   70,   35,   35,   35,   35, -999
20121011, 0600,  , HU, 19.5N, 128.6E,  95,  952,  155,  140,  140,  155,   70,   70,   70,   70,   35,   35,   35,   35, -999
20121011, 1200,  , HU, 19.2N, 128.6E,  95,  952,  160,  150,  150,  160,   70,   70,   70,   70,   35,   35,   35,   35, -999
20121011, 1800,  , HU, 19.6N, 128.6E, 105,  944,  160,  150,  150,  160,   70,   70,   70,   70,   35,   35,   35,   35, -999
20121012, 0000,  , HU, 19.7N, 128.8E, 105,  944,  180,  170,  170,  180,   85,   85,   80,   80,   45,   45,   40,   45, -999
20121012, 0600,  , HU, 19.9N, 128.9E, 100,  948,  180,  170,  170,  180,   85,   85,   80,   80,   45,   45,   40,   45, -999
20121012, 1200,  , HU, 20.1N, 129.3E,  95,  952,  170,  160,  160,  170,   75,   75,   75,   75,   40,   40,   40,   40, -999
20121012, 1800,  , HU, 20.5N, 129.7E,  85,  959,  175,  170,  165,  190,   75,   75,   75,   75,   40,   40,   40,   40, -999
20121013, 0000,  , HU, 20.9N, 130.0E,  80,  963,  175,  170,  165,  190,   75,   75,   75,   75,   40,   40,   40,   40, -999
20121013, 0600,  , HU, 21.3N, 130.1E,  75,  967,  175,  170,  165,  190,   75,   75,   75,   75,   40,   40,   40,   40, -999
20121013, 1200,  , HU, 21.6N, 130.4E,  75,  967,  175,  170,  165,  190,   75,   75,   75,   75,   40,   40,   40,   40, -999
20121013, 1800,  , HU, 21.7N, 130.7E,  75,  967,  175,  170,  165,  190,   75,   75,   75,   75,   40,   40,   40,   40, -999
20121014, 0000,  , HU, 22.0N, 130.8E,  70,  970,  175,  170,  165,  190,   75,   75,   75,   75,    0,    0,    0,    0, -999
20121014, 0600,  , HU, 22.4N, 130.9E,  70,  970,  175,  170,  165,  190,   75,   75,   75,   75,    0,    0,    0,    0, -999
20121014, 1200,  , HU, 22.6N, 131.4E,  70,  970,  175,  170,  165,  190,   75,   75,   75,   75,    0,    0,    0,    0, -999
20121014, 1800,  , HU, 23.0N, 131.4E,  70,  970,  175,  170,  165,  190,   75,   75,   75,   75,    0,    0,    0,    0, -999
20121015, 0000,  , HU, 22.8N, 131.3E,  75,  967,  175,  170,  165,  190,   85,   95,   85,   85,   60,   60,   60,   60, -999
20121015, 0600,  , HU, 22.6N, 131.3E,  75,  967,  170,  175,  175,  170,   75,   75,   75,   75,   30,   30,   30,   30, -999
20121015, 1200,  , HU, 22.4N, 131.1E,  75,  967,  170,  175,  175,  170,   75,   75,   75,   75,   30,   30,   30,   30, -999
20121015, 1800,  , HU, 22.1N, 130.8E,  70,  970,  170,  175,  175,  170,   75,   75,   75,   75,   30,   30,   30,   30, -999
20121016, 0000,  , HU, 22.0N, 130.4E,  65,  974,  160,  165,  165,  160,   60,   60,   60,   60,    0,    0,    0,    0, -999
20121016, 0600,  , TS, 22.0N, 129.9E,  55,  982,  160,  165,  165,  160,   65,   75,   75,   65,    0,    0,    0,    0, -999
20121016, 1200,  , TS, 22.3N, 129.2E,  55,  982,  160,  165,  165,  160,   65,   75,   75,   65,    0,    0,    0,    0, -999
20121016, 1800,  , TS, 22.8N, 128.6E,  45,  989,  160,  165,  165,  160,    0,    0,    0,    0,    0,    0,    0,    0, -999
20121017, 0000,  , TS, 23.4N, 128.4E,  45,  989,  160,  165,  165,  160,    0,    0,    0,    0,    0,    0,    0,    0, -999
20121017, 0600,  , TS, 24.2N, 128.7E,  45,  989,  150,  155,  155,  150,    0,    0,    0,    0,    0,    0,    0,    0, -999
20121017, 1200,  , TS, 25.0N, 129.5E,  45,  989,  150,  155,  155,  150,    0,    0,    0,    0,    0,    0,    0,    0, -999
20121017, 1800,  , TS, 25.9N, 130.5E,  45,  989,  150,  155,  155,  150,    0,    0,    0,    0,    0,    0,    0,    0, -999
20121018, 0000,  , TS, 27.2N, 132.0E,  45,  989,  150,  155,  155,  150,    0,    0,    0,    0,    0,    0,    0,    0, -999
20121018, 0600,  , TS, 28.7N, 134.1E,  45,  989,  150,  155,  155,  150,    0,    0,    0,    0,    0,    0,    0,    0, -999
20121018, 1200,  , TS, 30.4N, 136.9E,  35,  996,  150,  155,  155,  150,    0,    0,    0,    0,    0,    0,    0,    0, -999
20121018, 1800,  , TS, 31.2N, 139.5E,  35,  996,  150,  155,  155,  150,    0,    0,    0,    0,    0,    0,    0,    0, -999
20121019, 0000,  , TS, 31.9N, 142.6E,  35,  996,  150,  155,  155,  150,    0,    0,    0,    0,    0,    0,    0,    0, -999
20121019, 0600,  , EX, 32.5N, 146.0E,  45,  989,  150,  155,  155,  150,    0,    0,    0,    0,    0,    0,    0,    0, -999
