WP222005,            KAI-TAK,     24,
20051027, 1800,  , DB, 12.9N, 117.1E,  20, 1004,    0,    0,    0,    0,    0,    0,    0,    0,    0,    0,    0,    0, -999
20051028, 0000,  , DB, 12.9N, 116.2E,  20, 1004,    0,    0,    0,    0,    0,    0,    0,    0,    0,    0,    0,    0, -999
20051028, 0600,  , DB, 12.7N, 115.3E,  25, 1002,    0,    0,    0,    0,    0,    0,    0,    0,    0,    0,    0,    0, -999
20051028, 1200,  , TD, 12.5N, 114.4E,  25, 1002,    0,    0,    0,    0,    0,    0,    0,    0,    0,    0,    0,    0, -999
20051028, 1800,  , TD, 12.6N, 113.7E,  30, 1000,    0,    0,    0,    0,    0,    0,    0,    0,    0,    0,    0,    0, -999
20051029, 0000,  , TS, 12.6N, 113.3E,  35,  997,    0,    0,    0,    0,    0,    0,    0,    0,    0,    0,    0,    0, -999
20051029, 0600,  , TS, 12.8N, 112.9E,  45,  991,   60,   60,   60,   60,    0,    0,    0,    0,    0,    0,    0,    0, -999
20051029, 1200,  , TS, 13.0N, 112.7E,  50,  987,   70,   70,   75,   75,    0,    0,    0,    0,    0,    0,    0,    0, -999
20051029, 1800,  , TS, 13.2N, 112.8E,  55,  984,   70,   75,   70,   75,   25,   25,   25,   25,    0,    0,    0,    0, -999
20051030, 0000,  , TS, 13.8N, 113.0E,  60,  980,   80,   70,   80,   75,   25,   25,   25,   25,    0,    0,    0,    0, -999
20051030, 0600,  , HU, 13.9N, 112.4E,  70,  972,   90,   75,   75,   90,   25,   25,   25,   25,   10,   10,   10,   10, -999
20051030, 1200,  , HU, 14.2N, 112.1E,  75,  967,  100,  100,  120,  120,   30,   30,   30,   30,   10,   10,   10,   10, -999
20051030, 1800,  , HU, 14.2N, 111.9E,  80,  963,  120,  100,  110,  120,   30,   30,   30,   30,   10,   10,   10,   10, -999
20051031, 0000,  , HU, 14.2N, 111.6E,  80,  963,  120,  100,  110,  110,   40,   30,   35,   35,   10,   10,   10,   10, -999
20051031, 0600,  , HU, 14.4N, 111.3E,  85,  958,   90,   90,  100,  100,   30,   30,   30,   30,   10,   10,   10,   10, -999
20051031, 1200,  , HU, 14.6N, 110.9E,  75,  967,   90,   90,  100,  100,   30,   30,   30,   30,   10,   10,   10,   10, -999
20051031, 1800,  , HU, 14.9N, 110.4E,  70,  972,  100,   90,  110,  110,   30,   30,   30,   30,   10,   10,   10,   10, -999
20051101, 0000,  , HU, 15.3N, 109.8E,  65,  976,  100,   90,  110,  110,   30,   30,   30,   30,   15,   15,   15,   15, -999
20051101, 0600,  , TS, 15.8N, 109.1E,  60,  980,  100,   80,   80,   90,   25,   25,   20,   20,    0,    0,    0,    0, -999
20051101, 1200,  , TS, 16.3N, 108.5E,  60,  980,   90,   80,   75,  110,   25,   20,   20,   25,    0,    0,    0,    0, -999
20051101, 1800,  , TS, 17.0N, 107.7E,  55,  984,   90,   80,   65,   70,   20,   20,   15,   15,    0,    0,    0,    0, -999
20051102, 0000,  , TS, 17.7N, 106.8E,  50,  987,   90,   60,   30,   90,   10,   10,   10,   10,    0,    0,    0,    0, -999
20051102, 0600,  , TS, 18.8N, 105.9E,  40,  994,   80,   50,   30,   55,    0,    0,    0,    0,    0,    0,    0,    0, -999
20051102, 1200,  , TD, 19.9N, 105.3E,  30, 1000,    0,    0,    0,    0,    0,    0,    0,    0,    0,    0,    0,    0, -999
