WP231975,            UNNAMED,     40,
19751115, 0000,  , LO,  8.1N, 146.4E,  25,    0,    0,    0,    0,    0,    0,    0,    0,    0,    0,    0,    0,    0, -999
19751115, 0600,  , LO,  8.0N, 145.4E,  25,    0,    0,    0,    0,    0,    0,    0,    0,    0,    0,    0,    0,    0, -999
19751115, 1200,  , LO,  8.0N, 144.4E,  25,    0,    0,    0,    0,    0,    0,    0,    0,    0,    0,    0,    0,    0, -999
19751115, 1800,  , LO,  7.8N, 143.7E,  25,    0,    0,    0,    0,    0,    0,    0,    0,    0,    0,    0,    0,    0, -999
19751116, 0000,  , LO,  7.2N, 143.4E,  25,    0,    0,    0,    0,    0,    0,    0,    0,    0,    0,    0,    0,    0, -999
19751116, 0600,  , LO,  6.7N, 143.1E,  25,    0,    0,    0,    0,    0,    0,    0,    0,    0,    0,    0,    0,    0, -999
19751116, 1200,  , LO,  6.3N, 142.6E,  30,    0,    0,    0,    0,    0,    0,    0,    0,    0,    0,    0,    0,    0, -999
19751116, 1800,  , TS,  6.4N, 142.9E,  40,    0,    0,    0,    0,    0,    0,    0,    0,    0,    0,    0,    0,    0, -999
19751117, 0000,  , TS,  6.6N, 142.5E,  50,    0,    0,    0,    0,    0,    0,    0,    0,    0,    0,    0,    0,    0, -999
19751117, 0600,  , TS,  6.9N, 142.6E,  60,    0,    0,    0,    0,    0,    0,    0,    0,    0,    0,    0,    0,    0, -999
19751117, 1200,  , HU,  6.7N, 142.3E,  65,    0,    0,    0,    0,    0,    0,    0,    0,    0,    0,    0,    0,    0, -999
19751117, 1800,  , HU,  7.3N, 142.2E,  70,    0,    0,    0,    0,    0,    0,    0,    0,    0,    0,    0,    0,    0, -999
19751118, 0000,  , HU,  7.9N, 142.4E,  75,    0,    0,    0,    0,    0,    0,    0,    0,    0,    0,    0,    0,    0, -999
19751118, 0600,  , HU,  8.8N, 142.5E,  75,    0,    0,    0,    0,    0,    0,    0,    0,    0,    0,    0,    0,    0, -999
19751118, 1200,  , HU,  9.6N, 142.3E,  85,    0,    0,    0,    0,    0,    0,    0,    0,    0,    0,    0,    0,    0, -999
19751118, 1800,  , HU, 10.5N, 142.1E, 100,    0,    0,    0,    0,    0,    0,    0,    0,    0,    0,    0,    0,    0, -999
19751119, 0000,  , HU, 11.3N, 141.8E, 135,    0,    0,    0,    0,    0,    0,    0,    0,    0,    0,    0,    0,    0, -999
19751119, 0600,  , HU, 12.3N, 141.5E, 150,    0,    0,    0,    0,    0,    0,    0,    0,    0,    0,    0,    0,    0, -999
19751119, 1200,  , HU, 13.2N, 141.0E, 160,    0,    0,    0,    0,    0,    0,    0,    0,    0,    0,    0,    0,    0, -999
19751119, 1800,  , HU, 13.8N, 140.3E, 150,    0,    0,    0,    0,    0,    0,    0,    0,    0,    0,    0,    0,    0, -999
19751120, 0000,  , HU, 14.3N, 139.6E, 145,    0,    0,    0,    0,    0,    0,    0,    0,    0,    0,    0,    0,    0, -999
19751120, 0600,  , HU, 14.8N, 138.7E, 140,    0,    0,    0,    0,    0,    0,    0,    0,    0,    0,    0,    0,    0, -999
19751120, 1200,  , HU, 15.3N, 138.1E, 140,    0,    0,    0,    0,    0,    0,    0,    0,    0,    0,    0,    0,    0, -999
19751120, 1800,  , HU, 16.0N, 137.5E, 140,    0,    0,    0,    0,    0,    0,    0,    0,    0,    0,    0,    0,    0, -999
19751121, 0000,  , HU, 16.7N, 136.8E, 140,    0,    0,    0,    0,    0,    0,    0,    0,    0,    0,    0,    0,    0, -999
19751121, 0600,  , HU, 17.5N, 136.0E, 135,    0,    0,    0,    0,    0,    0,    0,    0,    0,    0,    0,    0,    0, -999
19751121, 1200,  , HU, 18.3N, 135.4E, 130,    0,    0,    0,    0,    0,    0,    0,    0,    0,    0,    0,    0,    0, -999
19751121, 1800,  , HU, 19.4N, 135.1E, 125,    0,    0,    0,    0,    0,    0,    0,    0,    0,    0,    0,    0,    0, -999
19751122, 0000,  , HU, 20.6N, 135.1E, 120,    0,    0,    0,    0,    0,    0,    0,    0,    0,    0,    0,    0,    0, -999
19751122, 0600,  , HU, 21.7N, 135.1E, 115,    0,    0,    0,    0,    0,    0,    0,    0,    0,    0,    0,    0,    0, -999
19751122, 1200,  , HU, 22.8N, 135.4E, 110,    0,    0,    0,    0,    0,    0,    0,    0,    0,    0,    0,    0,    0, -999
19751122, 1800,  , HU, 24.0N, 136.2E, 105,    0,    0,    0,    0,    0,    0,    0,    0,    0,    0,    0,    0,    0, -999
19751123, 0000,  , HU, 25.3N, 137.4E, 100,    0,    0,    0,    0,    0,    0,    0,    0,    0,    0,    0,    0,    0, -999
19751123, 0600,  , HU, 27.2N, 139.9E,  90,    0,    0,    0,    0,    0,    0,    0,    0,    0,    0,    0,    0,    0, -999
19751123, 1200,  , HU, 30.0N, 143.4E,  80,    0,    0,    0,    0,    0,    0,    0,    0,    0,    0,    0,    0,    0, -999
19751123, 1800,  , HU, 33.0N, 147.5E,  75,    0,    0,    0,    0,    0,    0,    0,    0,    0,    0,    0,    0,    0, -999
19751124, 0000,  , TS, 36.8N, 152.8E,  60,    0,    0,    0,    0,    0,    0,    0,    0,    0,    0,    0,    0,    0, -999
19751124, 0600,  , TS, 42.0N, 161.0E,  50,    0,    0,    0,    0,    0,    0,    0,    0,    0,    0,    0,    0,    0, -999
19751124, 1200,  , TS, 47.5N, 169.0E,  40,    0,    0,    0,    0,    0,    0,    0,    0,    0,    0,    0,    0,    0, -999
19751124, 1800,  , TS, 53.0N, 176.0E,  40,    0,    0,    0,    0,    0,    0,    0,    0,    0,    0,    0,    0,    0, -999
