WP231980,            UNNAMED,     51,
19801002, 1200,  , LO,  9.4N, 156.5E,  20,    0,    0,    0,    0,    0,    0,    0,    0,    0,    0,    0,    0,    0, -999
19801002, 1800,  , LO,  8.4N, 155.7E,  20,    0,    0,    0,    0,    0,    0,    0,    0,    0,    0,    0,    0,    0, -999
19801003, 0000,  , LO,  7.6N, 155.0E,  25,    0,    0,    0,    0,    0,    0,    0,    0,    0,    0,    0,    0,    0, -999
19801003, 0600,  , TS,  7.0N, 154.2E,  35,    0,    0,    0,    0,    0,    0,    0,    0,    0,    0,    0,    0,    0, -999
19801003, 1200,  , TS,  6.6N, 153.7E,  50,    0,    0,    0,    0,    0,    0,    0,    0,    0,    0,    0,    0,    0, -999
19801003, 1800,  , TS,  6.2N, 152.9E,  60,    0,    0,    0,    0,    0,    0,    0,    0,    0,    0,    0,    0,    0, -999
19801004, 0000,  , HU,  6.0N, 152.2E,  70,    0,    0,    0,    0,    0,    0,    0,    0,    0,    0,    0,    0,    0, -999
19801004, 0600,  , TS,  6.2N, 151.1E,  60,    0,    0,    0,    0,    0,    0,    0,    0,    0,    0,    0,    0,    0, -999
19801004, 1200,  , TS,  6.7N, 150.3E,  50,    0,    0,    0,    0,    0,    0,    0,    0,    0,    0,    0,    0,    0, -999
19801004, 1800,  , TS,  7.3N, 149.8E,  45,    0,    0,    0,    0,    0,    0,    0,    0,    0,    0,    0,    0,    0, -999
19801005, 0000,  , TS,  8.0N, 149.5E,  40,    0,    0,    0,    0,    0,    0,    0,    0,    0,    0,    0,    0,    0, -999
19801005, 0600,  , HU,  8.8N, 149.1E,  65,    0,    0,    0,    0,    0,    0,    0,    0,    0,    0,    0,    0,    0, -999
19801005, 1200,  , TS,  9.8N, 148.4E,  45,    0,    0,    0,    0,    0,    0,    0,    0,    0,    0,    0,    0,    0, -999
19801005, 1800,  , LO, 10.6N, 147.5E,  30,    0,    0,    0,    0,    0,    0,    0,    0,    0,    0,    0,    0,    0, -999
19801006, 0000,  , TS, 11.7N, 146.8E,  45,    0,    0,    0,    0,    0,    0,    0,    0,    0,    0,    0,    0,    0, -999
19801006, 0600,  , TS, 12.7N, 146.2E,  60,    0,    0,    0,    0,    0,    0,    0,    0,    0,    0,    0,    0,    0, -999
19801006, 1200,  , TS, 13.8N, 145.7E,  45,    0,    0,    0,    0,    0,    0,    0,    0,    0,    0,    0,    0,    0, -999
19801006, 1800,  , TS, 14.7N, 145.1E,  50,    0,    0,    0,    0,    0,    0,    0,    0,    0,    0,    0,    0,    0, -999
19801007, 0000,  , TS, 15.3N, 144.5E,  50,    0,    0,    0,    0,    0,    0,    0,    0,    0,    0,    0,    0,    0, -999
19801007, 0600,  , TS, 15.8N, 144.0E,  50,    0,    0,    0,    0,    0,    0,    0,    0,    0,    0,    0,    0,    0, -999
19801007, 1200,  , TS, 16.3N, 143.5E,  60,    0,    0,    0,    0,    0,    0,    0,    0,    0,    0,    0,    0,    0, -999
19801007, 1800,  , HU, 16.7N, 143.0E,  65,    0,    0,    0,    0,    0,    0,    0,    0,    0,    0,    0,    0,    0, -999
19801008, 0000,  , HU, 17.0N, 142.1E,  70,    0,    0,    0,    0,    0,    0,    0,    0,    0,    0,    0,    0,    0, -999
19801008, 0600,  , HU, 17.4N, 141.2E,  75,    0,    0,    0,    0,    0,    0,    0,    0,    0,    0,    0,    0,    0, -999
19801008, 1200,  , HU, 17.9N, 140.2E,  80,    0,    0,    0,    0,    0,    0,    0,    0,    0,    0,    0,    0,    0, -999
19801008, 1800,  , HU, 18.3N, 139.2E,  90,    0,    0,    0,    0,    0,    0,    0,    0,    0,    0,    0,    0,    0, -999
19801009, 0000,  , HU, 18.7N, 138.0E, 120,    0,    0,    0,    0,    0,    0,    0,    0,    0,    0,    0,    0,    0, -999
19801009, 0600,  , HU, 19.1N, 137.0E, 150,    0,    0,    0,    0,    0,    0,    0,    0,    0,    0,    0,    0,    0, -999
19801009, 1200,  , HU, 19.6N, 136.0E, 145,    0,    0,    0,    0,    0,    0,    0,    0,    0,    0,    0,    0,    0, -999
19801009, 1800,  , HU, 20.0N, 134.9E, 140,    0,    0,    0,    0,    0,    0,    0,    0,    0,    0,    0,    0,    0, -999
19801010, 0000,  , HU, 20.5N, 133.4E, 135,    0,    0,    0,    0,    0,    0,    0,    0,    0,    0,    0,    0,    0, -999
19801010, 0600,  , HU, 20.9N, 132.1E, 130,    0,    0,    0,    0,    0,    0,    0,    0,    0,    0,    0,    0,    0, -999
19801010, 1200,  , HU, 21.5N, 130.8E, 125,    0,    0,    0,    0,    0,    0,    0,    0,    0,    0,    0,    0,    0, -999
19801010, 1800,  , HU, 22.0N, 129.7E, 125,    0,    0,    0,    0,    0,    0,    0,    0,    0,    0,    0,    0,    0, -999
19801011, 0000,  , HU, 22.6N, 128.8E, 120,    0,    0,    0,    0,    0,    0,    0,    0,    0,    0,    0,    0,    0, -999
19801011, 0600,  , HU, 23.3N, 128.0E, 115,    0,    0,    0,    0,    0,    0,    0,    0,    0,    0,    0,    0,    0, -999
19801011, 1200,  , HU, 23.8N, 127.2E, 115,    0,    0,    0,    0,    0,    0,    0,    0,    0,    0,    0,    0,    0, -999
19801011, 1800,  , HU, 24.2N, 126.6E, 110,    0,    0,    0,    0,    0,    0,    0,    0,    0,    0,    0,    0,    0, -999
19801012, 0000,  , HU, 24.8N, 126.1E, 105,    0,    0,    0,    0,    0,    0,    0,    0,    0,    0,    0,    0,    0, -999
19801012, 0600,  , HU, 25.4N, 125.8E, 100,    0,    0,    0,    0,    0,    0,    0,    0,    0,    0,    0,    0,    0, -999
19801012, 1200,  , HU, 26.1N, 125.8E, 100,    0,    0,    0,    0,    0,    0,    0,    0,    0,    0,    0,    0,    0, -999
19801012, 1800,  , HU, 27.0N, 125.9E, 100,    0,    0,    0,    0,    0,    0,    0,    0,    0,    0,    0,    0,    0, -999
19801013, 0000,  , HU, 27.9N, 126.4E,  95,    0,    0,    0,    0,    0,    0,    0,    0,    0,    0,    0,    0,    0, -999
19801013, 0600,  , HU, 28.8N, 127.2E,  90,    0,    0,    0,    0,    0,    0,    0,    0,    0,    0,    0,    0,    0, -999
19801013, 1200,  , HU, 29.8N, 128.5E,  90,    0,    0,    0,    0,    0,    0,    0,    0,    0,    0,    0,    0,    0, -999
19801013, 1800,  , HU, 30.5N, 130.5E,  90,    0,    0,    0,    0,    0,    0,    0,    0,    0,    0,    0,    0,    0, -999
19801014, 0000,  , HU, 31.5N, 133.0E,  85,    0,    0,    0,    0,    0,    0,    0,    0,    0,    0,    0,    0,    0, -999
19801014, 0600,  , HU, 32.6N, 136.4E,  80,    0,    0,    0,    0,    0,    0,    0,    0,    0,    0,    0,    0,    0, -999
19801014, 1200,  , HU, 34.0N, 140.1E,  70,    0,    0,    0,    0,    0,    0,    0,    0,    0,    0,    0,    0,    0, -999
19801014, 1800,  , TS, 35.5N, 145.0E,  60,    0,    0,    0,    0,    0,    0,    0,    0,    0,    0,    0,    0,    0, -999
19801015, 0000,  , TS, 36.0N, 149.2E,  50,    0,    0,    0,    0,    0,    0,    0,    0,    0,    0,    0,    0,    0, -999
