WP231982,            UNNAMED,     34,
19821001, 0000,  , LO, 11.8N, 151.8E,  20,    0,    0,    0,    0,    0,    0,    0,    0,    0,    0,    0,    0,    0, -999
19821001, 0600,  , LO, 11.9N, 151.0E,  20,    0,    0,    0,    0,    0,    0,    0,    0,    0,    0,    0,    0,    0, -999
19821001, 1200,  , LO, 12.0N, 150.2E,  25,    0,    0,    0,    0,    0,    0,    0,    0,    0,    0,    0,    0,    0, -999
19821001, 1800,  , LO, 12.0N, 149.4E,  30,    0,    0,    0,    0,    0,    0,    0,    0,    0,    0,    0,    0,    0, -999
19821002, 0000,  , LO, 12.1N, 148.5E,  30,    0,    0,    0,    0,    0,    0,    0,    0,    0,    0,    0,    0,    0, -999
19821002, 0600,  , TS, 12.5N, 147.5E,  40,    0,    0,    0,    0,    0,    0,    0,    0,    0,    0,    0,    0,    0, -999
19821002, 1200,  , TS, 12.6N, 146.4E,  45,    0,    0,    0,    0,    0,    0,    0,    0,    0,    0,    0,    0,    0, -999
19821002, 1800,  , TS, 12.6N, 145.4E,  50,    0,    0,    0,    0,    0,    0,    0,    0,    0,    0,    0,    0,    0, -999
19821003, 0000,  , TS, 13.1N, 144.5E,  60,    0,    0,    0,    0,    0,    0,    0,    0,    0,    0,    0,    0,    0, -999
19821003, 0600,  , HU, 13.3N, 143.7E,  70,    0,    0,    0,    0,    0,    0,    0,    0,    0,    0,    0,    0,    0, -999
19821003, 1200,  , HU, 13.7N, 142.9E,  85,    0,    0,    0,    0,    0,    0,    0,    0,    0,    0,    0,    0,    0, -999
19821003, 1800,  , HU, 14.2N, 142.2E,  90,    0,    0,    0,    0,    0,    0,    0,    0,    0,    0,    0,    0,    0, -999
19821004, 0000,  , HU, 14.5N, 141.4E, 100,    0,    0,    0,    0,    0,    0,    0,    0,    0,    0,    0,    0,    0, -999
19821004, 0600,  , HU, 15.0N, 140.6E, 110,    0,    0,    0,    0,    0,    0,    0,    0,    0,    0,    0,    0,    0, -999
19821004, 1200,  , HU, 15.3N, 140.0E, 125,    0,    0,    0,    0,    0,    0,    0,    0,    0,    0,    0,    0,    0, -999
19821004, 1800,  , HU, 15.7N, 139.0E, 130,    0,    0,    0,    0,    0,    0,    0,    0,    0,    0,    0,    0,    0, -999
19821005, 0000,  , HU, 16.1N, 138.3E, 140,    0,    0,    0,    0,    0,    0,    0,    0,    0,    0,    0,    0,    0, -999
19821005, 0600,  , HU, 16.6N, 137.6E, 135,    0,    0,    0,    0,    0,    0,    0,    0,    0,    0,    0,    0,    0, -999
19821005, 1200,  , HU, 17.2N, 136.8E, 130,    0,    0,    0,    0,    0,    0,    0,    0,    0,    0,    0,    0,    0, -999
19821005, 1800,  , HU, 17.9N, 136.3E, 125,    0,    0,    0,    0,    0,    0,    0,    0,    0,    0,    0,    0,    0, -999
19821006, 0000,  , HU, 18.6N, 136.0E, 115,    0,    0,    0,    0,    0,    0,    0,    0,    0,    0,    0,    0,    0, -999
19821006, 0600,  , HU, 19.6N, 135.5E, 120,    0,    0,    0,    0,    0,    0,    0,    0,    0,    0,    0,    0,    0, -999
19821006, 1200,  , HU, 20.4N, 135.4E, 130,    0,    0,    0,    0,    0,    0,    0,    0,    0,    0,    0,    0,    0, -999
19821006, 1800,  , HU, 21.2N, 135.3E, 125,    0,    0,    0,    0,    0,    0,    0,    0,    0,    0,    0,    0,    0, -999
19821007, 0000,  , HU, 22.0N, 135.4E, 120,    0,    0,    0,    0,    0,    0,    0,    0,    0,    0,    0,    0,    0, -999
19821007, 0600,  , HU, 23.5N, 135.7E, 115,    0,    0,    0,    0,    0,    0,    0,    0,    0,    0,    0,    0,    0, -999
19821007, 1200,  , HU, 24.5N, 135.9E, 115,    0,    0,    0,    0,    0,    0,    0,    0,    0,    0,    0,    0,    0, -999
19821007, 1800,  , HU, 26.1N, 136.7E, 110,    0,    0,    0,    0,    0,    0,    0,    0,    0,    0,    0,    0,    0, -999
19821008, 0000,  , HU, 27.7N, 137.4E, 110,    0,    0,    0,    0,    0,    0,    0,    0,    0,    0,    0,    0,    0, -999
19821008, 0600,  , HU, 29.8N, 138.4E, 105,    0,    0,    0,    0,    0,    0,    0,    0,    0,    0,    0,    0,    0, -999
19821008, 1200,  , HU, 31.6N, 140.0E, 100,    0,    0,    0,    0,    0,    0,    0,    0,    0,    0,    0,    0,    0, -999
19821008, 1800,  , HU, 33.4N, 142.4E,  95,    0,    0,    0,    0,    0,    0,    0,    0,    0,    0,    0,    0,    0, -999
19821009, 0000,  , HU, 34.5N, 144.4E,  85,    0,    0,    0,    0,    0,    0,    0,    0,    0,    0,    0,    0,    0, -999
19821009, 0600,  , HU, 35.4N, 146.3E,  80,    0,    0,    0,    0,    0,    0,    0,    0,    0,    0,    0,    0,    0, -999
