WP231959,            UNNAMED,     40,
19591224, 0000,  , TS,  2.9N, 154.1E,  50,    0,    0,    0,    0,    0,    0,    0,    0,    0,    0,    0,    0,    0, -999
19591224, 0600,  , TS,  3.3N, 153.5E,  50,    0,    0,    0,    0,    0,    0,    0,    0,    0,    0,    0,    0,    0, -999
19591224, 1200,  , TS,  3.6N, 152.9E,  55,    0,    0,    0,    0,    0,    0,    0,    0,    0,    0,    0,    0,    0, -999
19591224, 1800,  , TS,  4.1N, 152.4E,  55,    0,    0,    0,    0,    0,    0,    0,    0,    0,    0,    0,    0,    0, -999
19591225, 0000,  , TS,  4.7N, 151.7E,  55,    0,    0,    0,    0,    0,    0,    0,    0,    0,    0,    0,    0,    0, -999
19591225, 0600,  , HU,  5.4N, 150.9E,  65,    0,    0,    0,    0,    0,    0,    0,    0,    0,    0,    0,    0,    0, -999
19591225, 1200,  , HU,  6.0N, 150.2E,  75,    0,    0,    0,    0,    0,    0,    0,    0,    0,    0,    0,    0,    0, -999
19591225, 1800,  , HU,  6.7N, 149.3E,  80,    0,    0,    0,    0,    0,    0,    0,    0,    0,    0,    0,    0,    0, -999
19591226, 0000,  , HU,  7.5N, 148.3E,  80,    0,    0,    0,    0,    0,    0,    0,    0,    0,    0,    0,    0,    0, -999
19591226, 0600,  , HU,  8.3N, 147.4E,  80,    0,    0,    0,    0,    0,    0,    0,    0,    0,    0,    0,    0,    0, -999
19591226, 1200,  , HU,  9.3N, 146.2E,  85,    0,    0,    0,    0,    0,    0,    0,    0,    0,    0,    0,    0,    0, -999
19591226, 1800,  , HU, 10.2N, 144.6E,  90,    0,    0,    0,    0,    0,    0,    0,    0,    0,    0,    0,    0,    0, -999
19591227, 0000,  , HU, 10.5N, 142.9E,  95,    0,    0,    0,    0,    0,    0,    0,    0,    0,    0,    0,    0,    0, -999
19591227, 0600,  , HU, 11.2N, 141.3E,  95,    0,    0,    0,    0,    0,    0,    0,    0,    0,    0,    0,    0,    0, -999
19591227, 1200,  , HU, 11.8N, 139.8E, 100,    0,    0,    0,    0,    0,    0,    0,    0,    0,    0,    0,    0,    0, -999
19591227, 1800,  , HU, 12.4N, 138.1E, 110,    0,    0,    0,    0,    0,    0,    0,    0,    0,    0,    0,    0,    0, -999
19591228, 0000,  , HU, 12.9N, 136.4E, 120,    0,    0,    0,    0,    0,    0,    0,    0,    0,    0,    0,    0,    0, -999
19591228, 0600,  , HU, 13.3N, 135.0E, 120,    0,    0,    0,    0,    0,    0,    0,    0,    0,    0,    0,    0,    0, -999
19591228, 1200,  , HU, 13.8N, 133.8E, 120,    0,    0,    0,    0,    0,    0,    0,    0,    0,    0,    0,    0,    0, -999
19591228, 1800,  , HU, 14.2N, 132.5E, 125,    0,    0,    0,    0,    0,    0,    0,    0,    0,    0,    0,    0,    0, -999
19591229, 0000,  , HU, 14.5N, 130.9E, 125,    0,    0,    0,    0,    0,    0,    0,    0,    0,    0,    0,    0,    0, -999
19591229, 0600,  , HU, 14.5N, 129.8E, 125,    0,    0,    0,    0,    0,    0,    0,    0,    0,    0,    0,    0,    0, -999
19591229, 1200,  , HU, 14.4N, 129.0E, 120,    0,    0,    0,    0,    0,    0,    0,    0,    0,    0,    0,    0,    0, -999
19591229, 1800,  , HU, 14.3N, 128.2E, 120,    0,    0,    0,    0,    0,    0,    0,    0,    0,    0,    0,    0,    0, -999
19591230, 0000,  , HU, 14.2N, 127.4E, 120,    0,    0,    0,    0,    0,    0,    0,    0,    0,    0,    0,    0,    0, -999
19591230, 0600,  , HU, 14.0N, 126.5E, 130,    0,    0,    0,    0,    0,    0,    0,    0,    0,    0,    0,    0,    0, -999
19591230, 1200,  , HU, 13.9N, 125.7E, 130,    0,    0,    0,    0,    0,    0,    0,    0,    0,    0,    0,    0,    0, -999
19591230, 1800,  , HU, 13.9N, 124.9E, 125,    0,    0,    0,    0,    0,    0,    0,    0,    0,    0,    0,    0,    0, -999
19591231, 0000,  , HU, 13.8N, 124.1E, 120,    0,    0,    0,    0,    0,    0,    0,    0,    0,    0,    0,    0,    0, -999
19591231, 0600,  , HU, 13.7N, 123.3E, 115,    0,    0,    0,    0,    0,    0,    0,    0,    0,    0,    0,    0,    0, -999
19591231, 1200,  , HU, 13.6N, 122.5E, 105,    0,    0,    0,    0,    0,    0,    0,    0,    0,    0,    0,    0,    0, -999
19591231, 1800,  , HU, 13.3N, 121.6E,  90,    0,    0,    0,    0,    0,    0,    0,    0,    0,    0,    0,    0,    0, -999
19600101, 0000,  , TS, 12.9N, 120.7E,  60,    0,    0,    0,    0,    0,    0,    0,    0,    0,    0,    0,    0,    0, -999
19600101, 0600,  , TS, 12.4N, 120.0E,  60,    0,    0,    0,    0,    0,    0,    0,    0,    0,    0,    0,    0,    0, -999
19600101, 1200,  , TS, 11.8N, 119.2E,  50,    0,    0,    0,    0,    0,    0,    0,    0,    0,    0,    0,    0,    0, -999
19600101, 1800,  , TS, 11.2N, 118.5E,  50,    0,    0,    0,    0,    0,    0,    0,    0,    0,    0,    0,    0,    0, -999
19600102, 0000,  , TS, 10.5N, 117.4E,  50,    0,    0,    0,    0,    0,    0,    0,    0,    0,    0,    0,    0,    0, -999
19600102, 0600,  , TS, 11.5N, 116.5E,  40,    0,    0,    0,    0,    0,    0,    0,    0,    0,    0,    0,    0,    0, -999
19600102, 1200,  , LO, 12.0N, 115.0E,  30,    0,    0,    0,    0,    0,    0,    0,    0,    0,    0,    0,    0,    0, -999
19600102, 1800,  , LO, 11.1N, 113.0E,  20,    0,    0,    0,    0,    0,    0,    0,    0,    0,    0,    0,    0,    0, -999
