WP231979,            UNNAMED,     64,
19791004, 0000,  , LO,  6.3N, 154.1E,  20,    0,    0,    0,    0,    0,    0,    0,    0,    0,    0,    0,    0,    0, -999
19791004, 0600,  , LO,  6.3N, 153.0E,  25,    0,    0,    0,    0,    0,    0,    0,    0,    0,    0,    0,    0,    0, -999
19791004, 1200,  , LO,  5.7N, 153.3E,  25,    0,    0,    0,    0,    0,    0,    0,    0,    0,    0,    0,    0,    0, -999
19791004, 1800,  , LO,  5.4N, 153.9E,  25,    0,    0,    0,    0,    0,    0,    0,    0,    0,    0,    0,    0,    0, -999
19791005, 0000,  , LO,  5.4N, 154.5E,  25,    0,    0,    0,    0,    0,    0,    0,    0,    0,    0,    0,    0,    0, -999
19791005, 0600,  , LO,  5.7N, 155.2E,  25,    0,    0,    0,    0,    0,    0,    0,    0,    0,    0,    0,    0,    0, -999
19791005, 1200,  , LO,  6.5N, 154.6E,  30,    0,    0,    0,    0,    0,    0,    0,    0,    0,    0,    0,    0,    0, -999
19791005, 1800,  , LO,  7.1N, 153.6E,  30,    0,    0,    0,    0,    0,    0,    0,    0,    0,    0,    0,    0,    0, -999
19791006, 0000,  , TS,  7.3N, 153.3E,  35,    0,    0,    0,    0,    0,    0,    0,    0,    0,    0,    0,    0,    0, -999
19791006, 0600,  , TS,  7.5N, 153.1E,  35,    0,    0,    0,    0,    0,    0,    0,    0,    0,    0,    0,    0,    0, -999
19791006, 1200,  , TS,  7.7N, 152.9E,  35,    0,    0,    0,    0,    0,    0,    0,    0,    0,    0,    0,    0,    0, -999
19791006, 1800,  , TS,  7.9N, 152.6E,  40,    0,    0,    0,    0,    0,    0,    0,    0,    0,    0,    0,    0,    0, -999
19791007, 0000,  , TS,  7.7N, 152.3E,  40,    0,    0,    0,    0,    0,    0,    0,    0,    0,    0,    0,    0,    0, -999
19791007, 0600,  , TS,  7.0N, 152.4E,  40,    0,    0,    0,    0,    0,    0,    0,    0,    0,    0,    0,    0,    0, -999
19791007, 1200,  , TS,  6.6N, 151.9E,  40,    0,    0,    0,    0,    0,    0,    0,    0,    0,    0,    0,    0,    0, -999
19791007, 1800,  , TS,  6.8N, 152.1E,  40,    0,    0,    0,    0,    0,    0,    0,    0,    0,    0,    0,    0,    0, -999
19791008, 0000,  , TS,  7.8N, 151.9E,  40,    0,    0,    0,    0,    0,    0,    0,    0,    0,    0,    0,    0,    0, -999
19791008, 0600,  , TS,  8.9N, 151.4E,  40,    0,    0,    0,    0,    0,    0,    0,    0,    0,    0,    0,    0,    0, -999
19791008, 1200,  , TS,  9.8N, 150.6E,  45,    0,    0,    0,    0,    0,    0,    0,    0,    0,    0,    0,    0,    0, -999
19791008, 1800,  , TS, 11.0N, 149.5E,  50,    0,    0,    0,    0,    0,    0,    0,    0,    0,    0,    0,    0,    0, -999
19791009, 0000,  , TS, 12.2N, 147.8E,  50,    0,    0,    0,    0,    0,    0,    0,    0,    0,    0,    0,    0,    0, -999
19791009, 0600,  , TS, 12.7N, 145.8E,  55,    0,    0,    0,    0,    0,    0,    0,    0,    0,    0,    0,    0,    0, -999
19791009, 1200,  , TS, 12.8N, 144.3E,  60,    0,    0,    0,    0,    0,    0,    0,    0,    0,    0,    0,    0,    0, -999
19791009, 1800,  , HU, 12.9N, 143.4E,  75,    0,    0,    0,    0,    0,    0,    0,    0,    0,    0,    0,    0,    0, -999
19791010, 0000,  , HU, 13.1N, 142.5E,  80,    0,    0,    0,    0,    0,    0,    0,    0,    0,    0,    0,    0,    0, -999
19791010, 0600,  , HU, 13.5N, 141.7E,  85,    0,    0,    0,    0,    0,    0,    0,    0,    0,    0,    0,    0,    0, -999
19791010, 1200,  , HU, 13.7N, 141.1E,  90,    0,    0,    0,    0,    0,    0,    0,    0,    0,    0,    0,    0,    0, -999
19791010, 1800,  , HU, 13.9N, 140.3E, 115,    0,    0,    0,    0,    0,    0,    0,    0,    0,    0,    0,    0,    0, -999
19791011, 0000,  , HU, 14.2N, 139.5E, 130,    0,    0,    0,    0,    0,    0,    0,    0,    0,    0,    0,    0,    0, -999
19791011, 0600,  , HU, 14.5N, 139.4E, 140,    0,    0,    0,    0,    0,    0,    0,    0,    0,    0,    0,    0,    0, -999
19791011, 1200,  , HU, 15.1N, 139.2E, 140,    0,    0,    0,    0,    0,    0,    0,    0,    0,    0,    0,    0,    0, -999
19791011, 1800,  , HU, 15.7N, 138.9E, 150,    0,    0,    0,    0,    0,    0,    0,    0,    0,    0,    0,    0,    0, -999
19791012, 0000,  , HU, 16.3N, 138.3E, 160,    0,    0,    0,    0,    0,    0,    0,    0,    0,    0,    0,    0,    0, -999
19791012, 0600,  , HU, 16.8N, 137.7E, 165,    0,    0,    0,    0,    0,    0,    0,    0,    0,    0,    0,    0,    0, -999
19791012, 1200,  , HU, 16.9N, 137.2E, 165,    0,    0,    0,    0,    0,    0,    0,    0,    0,    0,    0,    0,    0, -999
19791012, 1800,  , HU, 16.8N, 136.9E, 155,    0,    0,    0,    0,    0,    0,    0,    0,    0,    0,    0,    0,    0, -999
19791013, 0000,  , HU, 16.7N, 136.2E, 145,    0,    0,    0,    0,    0,    0,    0,    0,    0,    0,    0,    0,    0, -999
19791013, 0600,  , HU, 16.7N, 135.7E, 130,    0,    0,    0,    0,    0,    0,    0,    0,    0,    0,    0,    0,    0, -999
19791013, 1200,  , HU, 16.7N, 135.3E, 125,    0,    0,    0,    0,    0,    0,    0,    0,    0,    0,    0,    0,    0, -999
19791013, 1800,  , HU, 16.8N, 134.8E, 125,    0,    0,    0,    0,    0,    0,    0,    0,    0,    0,    0,    0,    0, -999
19791014, 0000,  , HU, 17.0N, 134.0E, 125,    0,    0,    0,    0,    0,    0,    0,    0,    0,    0,    0,    0,    0, -999
19791014, 0600,  , HU, 17.1N, 133.5E, 125,    0,    0,    0,    0,    0,    0,    0,    0,    0,    0,    0,    0,    0, -999
19791014, 1200,  , HU, 17.3N, 132.5E, 125,    0,    0,    0,    0,    0,    0,    0,    0,    0,    0,    0,    0,    0, -999
19791014, 1800,  , HU, 17.6N, 131.8E, 125,    0,    0,    0,    0,    0,    0,    0,    0,    0,    0,    0,    0,    0, -999
19791015, 0000,  , HU, 18.1N, 130.9E, 125,    0,    0,    0,    0,    0,    0,    0,    0,    0,    0,    0,    0,    0, -999
19791015, 0600,  , HU, 18.4N, 130.4E, 125,    0,    0,    0,    0,    0,    0,    0,    0,    0,    0,    0,    0,    0, -999
19791015, 1200,  , HU, 18.6N, 129.8E, 125,    0,    0,    0,    0,    0,    0,    0,    0,    0,    0,    0,    0,    0, -999
19791015, 1800,  , HU, 18.9N, 129.5E, 120,    0,    0,    0,    0,    0,    0,    0,    0,    0,    0,    0,    0,    0, -999
19791016, 0000,  , HU, 19.4N, 129.1E, 120,    0,    0,    0,    0,    0,    0,    0,    0,    0,    0,    0,    0,    0, -999
19791016, 0600,  , HU, 19.9N, 128.9E, 110,    0,    0,    0,    0,    0,    0,    0,    0,    0,    0,    0,    0,    0, -999
19791016, 1200,  , HU, 20.5N, 128.6E, 110,    0,    0,    0,    0,    0,    0,    0,    0,    0,    0,    0,    0,    0, -999
19791016, 1800,  , HU, 20.8N, 128.4E, 105,    0,    0,    0,    0,    0,    0,    0,    0,    0,    0,    0,    0,    0, -999
19791017, 0000,  , HU, 21.5N, 128.1E, 100,    0,    0,    0,    0,    0,    0,    0,    0,    0,    0,    0,    0,    0, -999
19791017, 0600,  , HU, 22.4N, 127.9E,  95,    0,    0,    0,    0,    0,    0,    0,    0,    0,    0,    0,    0,    0, -999
19791017, 1200,  , HU, 23.0N, 127.8E,  95,    0,    0,    0,    0,    0,    0,    0,    0,    0,    0,    0,    0,    0, -999
19791017, 1800,  , HU, 24.0N, 127.6E,  90,    0,    0,    0,    0,    0,    0,    0,    0,    0,    0,    0,    0,    0, -999
19791018, 0000,  , HU, 25.1N, 127.8E,  90,    0,    0,    0,    0,    0,    0,    0,    0,    0,    0,    0,    0,    0, -999
19791018, 0600,  , HU, 26.5N, 128.6E,  85,    0,    0,    0,    0,    0,    0,    0,    0,    0,    0,    0,    0,    0, -999
19791018, 1200,  , HU, 28.4N, 130.1E,  75,    0,    0,    0,    0,    0,    0,    0,    0,    0,    0,    0,    0,    0, -999
19791018, 1800,  , HU, 30.3N, 131.6E,  75,    0,    0,    0,    0,    0,    0,    0,    0,    0,    0,    0,    0,    0, -999
19791019, 0000,  , HU, 33.0N, 134.3E,  70,    0,    0,    0,    0,    0,    0,    0,    0,    0,    0,    0,    0,    0, -999
19791019, 0600,  , TS, 36.2N, 138.6E,  60,    0,    0,    0,    0,    0,    0,    0,    0,    0,    0,    0,    0,    0, -999
19791019, 1200,  , TS, 41.5N, 145.2E,  50,    0,    0,    0,    0,    0,    0,    0,    0,    0,    0,    0,    0,    0, -999
19791019, 1800,  , TS, 43.1N, 146.1E,  50,    0,    0,    0,    0,    0,    0,    0,    0,    0,    0,    0,    0,    0, -999
