WP242018,         TWENTYFOUR,     15,
20180822, 0000,  , DB, 22.1N, 118.7E,  20, 1001,    0,    0,    0,    0,    0,    0,    0,    0,    0,    0,    0,    0, -999
20180822, 0600,  , DB, 22.1N, 118.9E,  20, 1001,    0,    0,    0,    0,    0,    0,    0,    0,    0,    0,    0,    0, -999
20180822, 1200,  , DB, 22.1N, 119.4E,  20, 1000,    0,    0,    0,    0,    0,    0,    0,    0,    0,    0,    0,    0, -999
20180822, 1800,  , TD, 22.3N, 120.0E,  25, 1000,    0,    0,    0,    0,    0,    0,    0,    0,    0,    0,    0,    0, -999
20180823, 0000,  , TD, 22.8N, 120.5E,  30,  997,    0,    0,    0,    0,    0,    0,    0,    0,    0,    0,    0,    0, -999
20180823, 0600,  , TD, 23.4N, 120.5E,  30,  997,    0,    0,    0,    0,    0,    0,    0,    0,    0,    0,    0,    0, -999
20180823, 1200,  , TD, 23.9N, 120.4E,  25,  997,    0,    0,    0,    0,    0,    0,    0,    0,    0,    0,    0,    0, -999
20180823, 1800,  , TD, 24.2N, 120.1E,  25,  998,    0,    0,    0,    0,    0,    0,    0,    0,    0,    0,    0,    0, -999
20180824, 0000,  , TD, 24.4N, 120.1E,  25,  998,    0,    0,    0,    0,    0,    0,    0,    0,    0,    0,    0,    0, -999
20180824, 0600,  , TD, 24.6N, 120.2E,  25,  998,    0,    0,    0,    0,    0,    0,    0,    0,    0,    0,    0,    0, -999
20180824, 1200,  , TD, 24.7N, 120.1E,  25,  998,    0,    0,    0,    0,    0,    0,    0,    0,    0,    0,    0,    0, -999
20180824, 1800,  , TD, 24.9N, 119.9E,  25,  998,    0,    0,    0,    0,    0,    0,    0,    0,    0,    0,    0,    0, -999
20180825, 0000,  , TD, 25.0N, 119.3E,  25,  998,    0,    0,    0,    0,    0,    0,    0,    0,    0,    0,    0,    0, -999
20180825, 0600,  , DB, 25.0N, 118.0E,  20,  999,    0,    0,    0,    0,    0,    0,    0,    0,    0,    0,    0,    0, -999
20180825, 1200,  , DB, 25.0N, 116.8E,  15, 1000,    0,    0,    0,    0,    0,    0,    0,    0,    0,    0,    0,    0, -999
