WP241991,            UNNAMED,     49,
19911001, 0000,  , LO,  8.0N, 164.0E,  15,    0,    0,    0,    0,    0,    0,    0,    0,    0,    0,    0,    0,    0, -999
19911001, 0600,  , LO,  8.3N, 163.8E,  15,    0,    0,    0,    0,    0,    0,    0,    0,    0,    0,    0,    0,    0, -999
19911001, 1200,  , LO,  8.6N, 163.7E,  15,    0,    0,    0,    0,    0,    0,    0,    0,    0,    0,    0,    0,    0, -999
19911001, 1800,  , LO,  8.8N, 163.6E,  15,    0,    0,    0,    0,    0,    0,    0,    0,    0,    0,    0,    0,    0, -999
19911002, 0000,  , LO,  9.1N, 163.4E,  15,    0,    0,    0,    0,    0,    0,    0,    0,    0,    0,    0,    0,    0, -999
19911002, 0600,  , LO,  9.4N, 163.3E,  15,    0,    0,    0,    0,    0,    0,    0,    0,    0,    0,    0,    0,    0, -999
19911002, 1200,  , LO,  9.7N, 163.2E,  15,    0,    0,    0,    0,    0,    0,    0,    0,    0,    0,    0,    0,    0, -999
19911002, 1800,  , LO, 10.1N, 163.1E,  15,    0,    0,    0,    0,    0,    0,    0,    0,    0,    0,    0,    0,    0, -999
19911003, 0000,  , LO, 10.6N, 162.9E,  15,    0,    0,    0,    0,    0,    0,    0,    0,    0,    0,    0,    0,    0, -999
19911003, 0600,  , LO, 11.1N, 162.8E,  20,    0,    0,    0,    0,    0,    0,    0,    0,    0,    0,    0,    0,    0, -999
19911003, 1200,  , LO, 11.7N, 162.7E,  20,    0,    0,    0,    0,    0,    0,    0,    0,    0,    0,    0,    0,    0, -999
19911003, 1800,  , LO, 12.5N, 162.5E,  25,    0,    0,    0,    0,    0,    0,    0,    0,    0,    0,    0,    0,    0, -999
19911004, 0000,  , LO, 13.2N, 162.1E,  25,    0,    0,    0,    0,    0,    0,    0,    0,    0,    0,    0,    0,    0, -999
19911004, 0600,  , LO, 13.7N, 161.7E,  25,    0,    0,    0,    0,    0,    0,    0,    0,    0,    0,    0,    0,    0, -999
19911004, 1200,  , LO, 14.0N, 160.9E,  30,    0,    0,    0,    0,    0,    0,    0,    0,    0,    0,    0,    0,    0, -999
19911004, 1800,  , LO, 14.3N, 160.0E,  30,    0,    0,    0,    0,    0,    0,    0,    0,    0,    0,    0,    0,    0, -999
19911005, 0000,  , LO, 14.7N, 159.0E,  30,    0,    0,    0,    0,    0,    0,    0,    0,    0,    0,    0,    0,    0, -999
19911005, 0600,  , TS, 15.1N, 157.8E,  35,    0,    0,    0,    0,    0,    0,    0,    0,    0,    0,    0,    0,    0, -999
19911005, 1200,  , TS, 15.3N, 156.7E,  35,    0,    0,    0,    0,    0,    0,    0,    0,    0,    0,    0,    0,    0, -999
19911005, 1800,  , TS, 15.4N, 155.6E,  40,    0,    0,    0,    0,    0,    0,    0,    0,    0,    0,    0,    0,    0, -999
19911006, 0000,  , TS, 15.4N, 154.6E,  45,    0,    0,    0,    0,    0,    0,    0,    0,    0,    0,    0,    0,    0, -999
19911006, 0600,  , TS, 15.6N, 153.5E,  50,    0,    0,    0,    0,    0,    0,    0,    0,    0,    0,    0,    0,    0, -999
19911006, 1200,  , TS, 15.7N, 152.6E,  55,    0,    0,    0,    0,    0,    0,    0,    0,    0,    0,    0,    0,    0, -999
19911006, 1800,  , TS, 16.0N, 152.1E,  60,    0,    0,    0,    0,    0,    0,    0,    0,    0,    0,    0,    0,    0, -999
19911007, 0000,  , HU, 16.2N, 151.9E,  70,    0,    0,    0,    0,    0,    0,    0,    0,    0,    0,    0,    0,    0, -999
19911007, 0600,  , HU, 16.5N, 151.6E,  80,    0,    0,    0,    0,    0,    0,    0,    0,    0,    0,    0,    0,    0, -999
19911007, 1200,  , HU, 16.9N, 151.4E,  95,    0,    0,    0,    0,    0,    0,    0,    0,    0,    0,    0,    0,    0, -999
19911007, 1800,  , HU, 17.4N, 151.2E, 110,    0,    0,    0,    0,    0,    0,    0,    0,    0,    0,    0,    0,    0, -999
19911008, 0000,  , HU, 17.9N, 151.2E, 120,    0,    0,    0,    0,    0,    0,    0,    0,    0,    0,    0,    0,    0, -999
19911008, 0600,  , HU, 18.4N, 151.2E, 125,    0,    0,    0,    0,    0,    0,    0,    0,    0,    0,    0,    0,    0, -999
19911008, 1200,  , HU, 19.0N, 151.1E, 125,    0,    0,    0,    0,    0,    0,    0,    0,    0,    0,    0,    0,    0, -999
19911008, 1800,  , HU, 19.6N, 150.9E, 120,    0,    0,    0,    0,    0,    0,    0,    0,    0,    0,    0,    0,    0, -999
19911009, 0000,  , HU, 20.2N, 150.6E, 115,    0,    0,    0,    0,    0,    0,    0,    0,    0,    0,    0,    0,    0, -999
19911009, 0600,  , HU, 20.8N, 150.3E, 110,    0,    0,    0,    0,    0,    0,    0,    0,    0,    0,    0,    0,    0, -999
19911009, 1200,  , HU, 21.3N, 150.0E, 105,    0,    0,    0,    0,    0,    0,    0,    0,    0,    0,    0,    0,    0, -999
19911009, 1800,  , HU, 21.8N, 149.8E, 100,    0,    0,    0,    0,    0,    0,    0,    0,    0,    0,    0,    0,    0, -999
19911010, 0000,  , HU, 22.3N, 149.7E, 100,    0,    0,    0,    0,    0,    0,    0,    0,    0,    0,    0,    0,    0, -999
19911010, 0600,  , HU, 22.8N, 149.7E,  95,    0,    0,    0,    0,    0,    0,    0,    0,    0,    0,    0,    0,    0, -999
19911010, 1200,  , HU, 23.5N, 149.9E,  90,    0,    0,    0,    0,    0,    0,    0,    0,    0,    0,    0,    0,    0, -999
19911010, 1800,  , HU, 24.2N, 150.2E,  85,    0,    0,    0,    0,    0,    0,    0,    0,    0,    0,    0,    0,    0, -999
19911011, 0000,  , HU, 25.1N, 150.6E,  80,    0,    0,    0,    0,    0,    0,    0,    0,    0,    0,    0,    0,    0, -999
19911011, 0600,  , HU, 26.3N, 151.2E,  75,    0,    0,    0,    0,    0,    0,    0,    0,    0,    0,    0,    0,    0, -999
19911011, 1200,  , HU, 27.7N, 151.5E,  75,    0,    0,    0,    0,    0,    0,    0,    0,    0,    0,    0,    0,    0, -999
19911011, 1800,  , HU, 29.5N, 151.5E,  70,    0,    0,    0,    0,    0,    0,    0,    0,    0,    0,    0,    0,    0, -999
19911012, 0000,  , HU, 31.5N, 151.6E,  65,    0,    0,    0,    0,    0,    0,    0,    0,    0,    0,    0,    0,    0, -999
19911012, 0600,  , HU, 33.7N, 152.0E,  65,    0,    0,    0,    0,    0,    0,    0,    0,    0,    0,    0,    0,    0, -999
19911012, 1200,  , TS, 35.8N, 152.8E,  60,    0,    0,    0,    0,    0,    0,    0,    0,    0,    0,    0,    0,    0, -999
19911012, 1800,  , TS, 38.0N, 153.9E,  55,    0,    0,    0,    0,    0,    0,    0,    0,    0,    0,    0,    0,    0, -999
19911013, 0000,  , TS, 40.3N, 155.4E,  55,    0,    0,    0,    0,    0,    0,    0,    0,    0,    0,    0,    0,    0, -999
