WP241960,            UNNAMED,     39,
19601014, 0000,  , LO, 13.5N, 150.9E,  30,    0,    0,    0,    0,    0,    0,    0,    0,    0,    0,    0,    0,    0, -999
19601014, 0600,  , LO, 13.8N, 150.0E,  30,    0,    0,    0,    0,    0,    0,    0,    0,    0,    0,    0,    0,    0, -999
19601014, 1200,  , TS, 14.1N, 148.9E,  40,    0,    0,    0,    0,    0,    0,    0,    0,    0,    0,    0,    0,    0, -999
19601014, 1800,  , TS, 14.6N, 147.9E,  45,    0,    0,    0,    0,    0,    0,    0,    0,    0,    0,    0,    0,    0, -999
19601015, 0000,  , TS, 15.3N, 147.1E,  50,    0,    0,    0,    0,    0,    0,    0,    0,    0,    0,    0,    0,    0, -999
19601015, 0600,  , TS, 16.2N, 146.3E,  55,    0,    0,    0,    0,    0,    0,    0,    0,    0,    0,    0,    0,    0, -999
19601015, 1200,  , TS, 17.1N, 145.7E,  60,    0,    0,    0,    0,    0,    0,    0,    0,    0,    0,    0,    0,    0, -999
19601015, 1800,  , HU, 18.0N, 145.0E,  70,    0,    0,    0,    0,    0,    0,    0,    0,    0,    0,    0,    0,    0, -999
19601016, 0000,  , HU, 18.7N, 144.1E,  70,    0,    0,    0,    0,    0,    0,    0,    0,    0,    0,    0,    0,    0, -999
19601016, 0600,  , HU, 19.1N, 143.1E,  80,    0,    0,    0,    0,    0,    0,    0,    0,    0,    0,    0,    0,    0, -999
19601016, 1200,  , HU, 19.5N, 142.2E,  80,    0,    0,    0,    0,    0,    0,    0,    0,    0,    0,    0,    0,    0, -999
19601016, 1800,  , HU, 19.7N, 141.5E,  80,    0,    0,    0,    0,    0,    0,    0,    0,    0,    0,    0,    0,    0, -999
19601017, 0000,  , HU, 20.0N, 141.1E,  80,    0,    0,    0,    0,    0,    0,    0,    0,    0,    0,    0,    0,    0, -999
19601017, 0600,  , HU, 20.2N, 140.8E,  85,    0,    0,    0,    0,    0,    0,    0,    0,    0,    0,    0,    0,    0, -999
19601017, 1200,  , HU, 20.6N, 140.8E,  90,    0,    0,    0,    0,    0,    0,    0,    0,    0,    0,    0,    0,    0, -999
19601017, 1800,  , HU, 20.9N, 140.9E,  95,    0,    0,    0,    0,    0,    0,    0,    0,    0,    0,    0,    0,    0, -999
19601018, 0000,  , HU, 21.3N, 141.1E, 110,    0,    0,    0,    0,    0,    0,    0,    0,    0,    0,    0,    0,    0, -999
19601018, 0600,  , HU, 21.8N, 141.3E, 115,    0,    0,    0,    0,    0,    0,    0,    0,    0,    0,    0,    0,    0, -999
19601018, 1200,  , HU, 22.5N, 141.7E, 115,    0,    0,    0,    0,    0,    0,    0,    0,    0,    0,    0,    0,    0, -999
19601018, 1800,  , HU, 23.5N, 142.2E, 110,    0,    0,    0,    0,    0,    0,    0,    0,    0,    0,    0,    0,    0, -999
19601019, 0000,  , HU, 24.8N, 142.7E, 105,    0,    0,    0,    0,    0,    0,    0,    0,    0,    0,    0,    0,    0, -999
19601019, 0600,  , HU, 26.8N, 143.1E, 100,    0,    0,    0,    0,    0,    0,    0,    0,    0,    0,    0,    0,    0, -999
19601019, 1200,  , HU, 29.2N, 143.3E, 100,    0,    0,    0,    0,    0,    0,    0,    0,    0,    0,    0,    0,    0, -999
19601019, 1800,  , XX, 31.3N, 143.5E,  90,    0,    0,    0,    0,    0,    0,    0,    0,    0,    0,    0,    0,    0, -999
19601020, 0000,  , HU, 32.8N, 143.9E,  90,    0,    0,    0,    0,    0,    0,    0,    0,    0,    0,    0,    0,    0, -999
19601020, 0600,  , HU, 34.1N, 144.5E,  80,    0,    0,    0,    0,    0,    0,    0,    0,    0,    0,    0,    0,    0, -999
19601020, 1200,  , HU, 35.4N, 145.3E,  70,    0,    0,    0,    0,    0,    0,    0,    0,    0,    0,    0,    0,    0, -999
19601020, 1800,  , HU, 36.5N, 146.1E,  65,    0,    0,    0,    0,    0,    0,    0,    0,    0,    0,    0,    0,    0, -999
19601021, 0000,  , TS, 37.6N, 147.1E,  60,    0,    0,    0,    0,    0,    0,    0,    0,    0,    0,    0,    0,    0, -999
19601021, 0600,  , TS, 38.8N, 148.6E,  60,    0,    0,    0,    0,    0,    0,    0,    0,    0,    0,    0,    0,    0, -999
19601021, 1200,  , TS, 39.6N, 150.0E,  60,    0,    0,    0,    0,    0,    0,    0,    0,    0,    0,    0,    0,    0, -999
19601021, 1800,  , TS, 40.3N, 152.5E,  50,    0,    0,    0,    0,    0,    0,    0,    0,    0,    0,    0,    0,    0, -999
19601022, 0000,  , TS, 41.0N, 155.0E,  40,    0,    0,    0,    0,    0,    0,    0,    0,    0,    0,    0,    0,    0, -999
19601022, 0600,  , TS, 41.0N, 157.5E,  35,    0,    0,    0,    0,    0,    0,    0,    0,    0,    0,    0,    0,    0, -999
19601022, 1200,  , TS, 41.2N, 160.0E,  35,    0,    0,    0,    0,    0,    0,    0,    0,    0,    0,    0,    0,    0, -999
19601022, 1800,  , TS, 41.0N, 163.0E,  35,    0,    0,    0,    0,    0,    0,    0,    0,    0,    0,    0,    0,    0, -999
19601023, 0000,  , TS, 40.5N, 166.0E,  35,    0,    0,    0,    0,    0,    0,    0,    0,    0,    0,    0,    0,    0, -999
19601023, 0600,  , LO, 40.0N, 169.0E,  30,    0,    0,    0,    0,    0,    0,    0,    0,    0,    0,    0,    0,    0, -999
19601023, 1200,  , LO, 40.0N, 172.0E,  30,    0,    0,    0,    0,    0,    0,    0,    0,    0,    0,    0,    0,    0, -999
