WP242012,           SON-TINH,     26,
20121022, 1800,  , DB,  8.9N, 130.1E,  15, 1010,    0,    0,    0,    0,    0,    0,    0,    0,    0,    0,    0,    0, -999
20121023, 0000,  , DB,  8.5N, 129.3E,  20, 1004,    0,    0,    0,    0,    0,    0,    0,    0,    0,    0,    0,    0, -999
20121023, 0600,  , TD,  8.5N, 128.5E,  25, 1004,    0,    0,    0,    0,    0,    0,    0,    0,    0,    0,    0,    0, -999
20121023, 1200,  , TD,  8.9N, 127.9E,  30, 1000,    0,    0,    0,    0,    0,    0,    0,    0,    0,    0,    0,    0, -999
20121023, 1800,  , TD,  9.3N, 127.2E,  30, 1000,    0,    0,    0,    0,    0,    0,    0,    0,    0,    0,    0,    0, -999
20121024, 0000,  , TS,  9.8N, 126.3E,  35,  996,    0,    0,    0,    0,    0,    0,    0,    0,    0,    0,    0,    0, -999
20121024, 0600,  , TS, 10.7N, 125.1E,  35,  996,    0,    0,    0,    0,    0,    0,    0,    0,    0,    0,    0,    0, -999
20121024, 1200,  , TS, 11.3N, 123.9E,  35,  996,   25,   25,   25,   25,    0,    0,    0,    0,    0,    0,    0,    0, -999
20121024, 1800,  , TS, 12.1N, 122.5E,  45,  989,   30,   25,   25,   30,    0,    0,    0,    0,    0,    0,    0,    0, -999
20121025, 0000,  , TS, 12.9N, 121.1E,  45,  989,   45,   40,   40,   45,    0,    0,    0,    0,    0,    0,    0,    0, -999
20121025, 0600,  , TS, 13.3N, 119.5E,  45,  989,   45,   40,   40,   45,    0,    0,    0,    0,    0,    0,    0,    0, -999
20121025, 1200,  , TS, 13.7N, 118.2E,  45,  989,   45,   40,   40,   45,    0,    0,    0,    0,    0,    0,    0,    0, -999
20121025, 1800,  , TS, 14.2N, 117.1E,  45,  989,   50,   40,   40,   50,    0,    0,    0,    0,    0,    0,    0,    0, -999
20121026, 0000,  , TS, 14.6N, 115.9E,  50,  985,   65,   55,   55,   65,   20,   20,   20,   20,    0,    0,    0,    0, -999
20121026, 0600,  , TS, 14.9N, 114.6E,  55,  982,   65,   55,   55,   65,   20,   20,   20,   20,    0,    0,    0,    0, -999
20121026, 1200,  , TS, 15.5N, 113.4E,  55,  982,   70,   55,   55,   70,   35,   25,   25,   35,    0,    0,    0,    0, -999
20121026, 1800,  , HU, 16.2N, 112.3E,  65,  974,   70,   55,   55,   70,   35,   25,   25,   35,    0,    0,    0,    0, -999
20121027, 0000,  , HU, 16.6N, 111.0E,  65,  974,   85,   70,   55,   55,   35,   35,   20,   20,    0,    0,    0,    0, -999
20121027, 0600,  , HU, 17.0N, 109.7E,  80,  963,   85,   80,   70,   95,   40,   35,   30,   45,   25,   25,   25,   25, -999
20121027, 1200,  , HU, 17.6N, 108.8E, 105,  944,   95,   90,   80,  105,   50,   45,   40,   55,   40,   35,   35,   40, -999
20121027, 1800,  , HU, 18.1N, 107.8E, 105,  944,  100,   85,   85,  100,   60,   50,   50,   55,   40,   35,   35,   40, -999
20121028, 0000,  , HU, 18.4N, 107.2E, 105,  944,  100,   85,   70,   90,   55,   50,   50,   55,   40,   35,   35,   40, -999
20121028, 0600,  , HU, 19.2N, 107.0E,  95,  952,  100,   85,   70,   90,   55,   50,   50,   55,   40,   35,   35,   40, -999
20121028, 1200,  , HU, 20.0N, 106.8E,  90,  956,   80,   70,   70,   75,   45,   40,   40,   45,   30,   30,   30,   30, -999
20121028, 1800,  , HU, 20.9N, 106.6E,  70,  970,   90,   85,   70,   75,   45,   45,   40,   40,   30,   30,   30,   30, -999
20121029, 0000,  , TS, 21.5N, 106.9E,  60,  978,   90,   85,   70,   75,   45,   45,   40,   40,    0,    0,    0,    0, -999
