WP241992,            UNNAMED,     70,
19921012, 0600,  , LO, 11.5N, 114.5E,  15,    0,    0,    0,    0,    0,    0,    0,    0,    0,    0,    0,    0,    0, -999
19921012, 1200,  , LO, 11.5N, 114.8E,  15,    0,    0,    0,    0,    0,    0,    0,    0,    0,    0,    0,    0,    0, -999
19921012, 1800,  , LO, 11.5N, 115.0E,  15,    0,    0,    0,    0,    0,    0,    0,    0,    0,    0,    0,    0,    0, -999
19921013, 0000,  , LO, 11.5N, 115.3E,  15,    0,    0,    0,    0,    0,    0,    0,    0,    0,    0,    0,    0,    0, -999
19921013, 0600,  , LO, 11.5N, 115.6E,  20,    0,    0,    0,    0,    0,    0,    0,    0,    0,    0,    0,    0,    0, -999
19921013, 1200,  , LO, 11.6N, 115.8E,  20,    0,    0,    0,    0,    0,    0,    0,    0,    0,    0,    0,    0,    0, -999
19921013, 1800,  , LO, 11.6N, 116.1E,  20,    0,    0,    0,    0,    0,    0,    0,    0,    0,    0,    0,    0,    0, -999
19921014, 0000,  , LO, 11.7N, 116.4E,  20,    0,    0,    0,    0,    0,    0,    0,    0,    0,    0,    0,    0,    0, -999
19921014, 0600,  , LO, 11.8N, 116.7E,  20,    0,    0,    0,    0,    0,    0,    0,    0,    0,    0,    0,    0,    0, -999
19921014, 1200,  , LO, 12.0N, 117.2E,  20,    0,    0,    0,    0,    0,    0,    0,    0,    0,    0,    0,    0,    0, -999
19921014, 1800,  , LO, 12.1N, 117.5E,  20,    0,    0,    0,    0,    0,    0,    0,    0,    0,    0,    0,    0,    0, -999
19921015, 0000,  , LO, 12.3N, 117.9E,  25,    0,    0,    0,    0,    0,    0,    0,    0,    0,    0,    0,    0,    0, -999
19921015, 0600,  , LO, 12.6N, 118.4E,  25,    0,    0,    0,    0,    0,    0,    0,    0,    0,    0,    0,    0,    0, -999
19921015, 1200,  , LO, 13.0N, 118.7E,  25,    0,    0,    0,    0,    0,    0,    0,    0,    0,    0,    0,    0,    0, -999
19921015, 1800,  , LO, 13.4N, 118.7E,  25,    0,    0,    0,    0,    0,    0,    0,    0,    0,    0,    0,    0,    0, -999
19921016, 0000,  , LO, 13.7N, 118.6E,  30,    0,    0,    0,    0,    0,    0,    0,    0,    0,    0,    0,    0,    0, -999
19921016, 0600,  , LO, 13.8N, 118.6E,  30,    0,    0,    0,    0,    0,    0,    0,    0,    0,    0,    0,    0,    0, -999
19921016, 1200,  , LO, 13.9N, 118.5E,  30,    0,    0,    0,    0,    0,    0,    0,    0,    0,    0,    0,    0,    0, -999
19921016, 1800,  , LO, 14.0N, 118.3E,  30,    0,    0,    0,    0,    0,    0,    0,    0,    0,    0,    0,    0,    0, -999
19921017, 0000,  , TS, 13.9N, 118.0E,  35,    0,    0,    0,    0,    0,    0,    0,    0,    0,    0,    0,    0,    0, -999
19921017, 0600,  , TS, 13.7N, 117.8E,  45,    0,    0,    0,    0,    0,    0,    0,    0,    0,    0,    0,    0,    0, -999
19921017, 1200,  , TS, 13.4N, 117.5E,  50,    0,    0,    0,    0,    0,    0,    0,    0,    0,    0,    0,    0,    0, -999
19921017, 1800,  , TS, 13.2N, 117.1E,  55,    0,    0,    0,    0,    0,    0,    0,    0,    0,    0,    0,    0,    0, -999
19921018, 0000,  , TS, 12.9N, 116.7E,  60,    0,    0,    0,    0,    0,    0,    0,    0,    0,    0,    0,    0,    0, -999
19921018, 0600,  , HU, 12.6N, 116.3E,  65,    0,    0,    0,    0,    0,    0,    0,    0,    0,    0,    0,    0,    0, -999
19921018, 1200,  , HU, 12.3N, 115.8E,  70,    0,    0,    0,    0,    0,    0,    0,    0,    0,    0,    0,    0,    0, -999
19921018, 1800,  , HU, 12.1N, 115.3E,  75,    0,    0,    0,    0,    0,    0,    0,    0,    0,    0,    0,    0,    0, -999
19921019, 0000,  , HU, 12.0N, 114.8E,  85,    0,    0,    0,    0,    0,    0,    0,    0,    0,    0,    0,    0,    0, -999
19921019, 0600,  , HU, 12.0N, 114.2E,  90,    0,    0,    0,    0,    0,    0,    0,    0,    0,    0,    0,    0,    0, -999
19921019, 1200,  , HU, 12.1N, 113.8E,  90,    0,    0,    0,    0,    0,    0,    0,    0,    0,    0,    0,    0,    0, -999
19921019, 1800,  , HU, 12.3N, 113.4E,  85,    0,    0,    0,    0,    0,    0,    0,    0,    0,    0,    0,    0,    0, -999
19921020, 0000,  , HU, 12.5N, 113.1E,  80,    0,    0,    0,    0,    0,    0,    0,    0,    0,    0,    0,    0,    0, -999
19921020, 0600,  , HU, 12.6N, 112.8E,  75,    0,    0,    0,    0,    0,    0,    0,    0,    0,    0,    0,    0,    0, -999
19921020, 1200,  , HU, 12.7N, 112.6E,  65,    0,    0,    0,    0,    0,    0,    0,    0,    0,    0,    0,    0,    0, -999
19921020, 1800,  , TS, 12.9N, 112.5E,  60,    0,    0,    0,    0,    0,    0,    0,    0,    0,    0,    0,    0,    0, -999
19921021, 0000,  , TS, 13.1N, 112.5E,  60,    0,    0,    0,    0,    0,    0,    0,    0,    0,    0,    0,    0,    0, -999
19921021, 0600,  , TS, 13.4N, 112.4E,  60,    0,    0,    0,    0,    0,    0,    0,    0,    0,    0,    0,    0,    0, -999
19921021, 1200,  , TS, 13.6N, 112.3E,  55,    0,    0,    0,    0,    0,    0,    0,    0,    0,    0,    0,    0,    0, -999
19921021, 1800,  , TS, 13.7N, 112.2E,  55,    0,    0,    0,    0,    0,    0,    0,    0,    0,    0,    0,    0,    0, -999
19921022, 0000,  , TS, 13.8N, 112.0E,  55,    0,    0,    0,    0,    0,    0,    0,    0,    0,    0,    0,    0,    0, -999
19921022, 0600,  , TS, 13.8N, 111.8E,  55,    0,    0,    0,    0,    0,    0,    0,    0,    0,    0,    0,    0,    0, -999
19921022, 1200,  , TS, 13.8N, 111.2E,  45,    0,    0,    0,    0,    0,    0,    0,    0,    0,    0,    0,    0,    0, -999
19921022, 1800,  , TS, 13.8N, 110.5E,  40,    0,    0,    0,    0,    0,    0,    0,    0,    0,    0,    0,    0,    0, -999
19921023, 0000,  , TS, 13.8N, 109.8E,  40,    0,    0,    0,    0,    0,    0,    0,    0,    0,    0,    0,    0,    0, -999
19921023, 0600,  , TS, 13.7N, 109.0E,  40,    0,    0,    0,    0,    0,    0,    0,    0,    0,    0,    0,    0,    0, -999
19921023, 1200,  , TS, 13.6N, 108.1E,  35,    0,    0,    0,    0,    0,    0,    0,    0,    0,    0,    0,    0,    0, -999
19921023, 1800,  , LO, 13.3N, 107.2E,  25,    0,    0,    0,    0,    0,    0,    0,    0,    0,    0,    0,    0,    0, -999
19921024, 0000,  , LO, 13.0N, 106.4E,  20,    0,    0,    0,    0,    0,    0,    0,    0,    0,    0,    0,    0,    0, -999
19921024, 0600,  , LO, 12.6N, 106.0E,  20,    0,    0,    0,    0,    0,    0,    0,    0,    0,    0,    0,    0,    0, -999
19921024, 1200,  , LO, 12.1N, 105.7E,  15,    0,    0,    0,    0,    0,    0,    0,    0,    0,    0,    0,    0,    0, -999
19921024, 1800,  , LO, 11.7N, 105.4E,  15,    0,    0,    0,    0,    0,    0,    0,    0,    0,    0,    0,    0,    0, -999
19921025, 0000,  , LO, 11.4N, 105.1E,  15,    0,    0,    0,    0,    0,    0,    0,    0,    0,    0,    0,    0,    0, -999
19921025, 0600,  , LO, 11.0N, 104.9E,  15,    0,    0,    0,    0,    0,    0,    0,    0,    0,    0,    0,    0,    0, -999
19921025, 1200,  , LO, 10.6N, 104.7E,  15,    0,    0,    0,    0,    0,    0,    0,    0,    0,    0,    0,    0,    0, -999
19921025, 1800,  , LO, 10.3N, 104.4E,  15,    0,    0,    0,    0,    0,    0,    0,    0,    0,    0,    0,    0,    0, -999
19921026, 0000,  , LO, 10.0N, 104.1E,  20,    0,    0,    0,    0,    0,    0,    0,    0,    0,    0,    0,    0,    0, -999
19921026, 0600,  , LO,  9.7N, 103.8E,  25,    0,    0,    0,    0,    0,    0,    0,    0,    0,    0,    0,    0,    0, -999
19921026, 1200,  , LO,  9.2N, 103.4E,  30,    0,    0,    0,    0,    0,    0,    0,    0,    0,    0,    0,    0,    0, -999
19921026, 1800,  , LO,  8.7N, 103.1E,  30,    0,    0,    0,    0,    0,    0,    0,    0,    0,    0,    0,    0,    0, -999
19921027, 0000,  , LO,  8.5N, 102.7E,  30,    0,    0,    0,    0,    0,    0,    0,    0,    0,    0,    0,    0,    0, -999
19921027, 0600,  , LO,  8.4N, 102.3E,  30,    0,    0,    0,    0,    0,    0,    0,    0,    0,    0,    0,    0,    0, -999
19921027, 1200,  , TS,  8.4N, 101.9E,  40,    0,    0,    0,    0,    0,    0,    0,    0,    0,    0,    0,    0,    0, -999
19921027, 1800,  , TS,  8.6N, 101.5E,  45,    0,    0,    0,    0,    0,    0,    0,    0,    0,    0,    0,    0,    0, -999
19921028, 0000,  , TS,  8.9N, 101.4E,  55,    0,    0,    0,    0,    0,    0,    0,    0,    0,    0,    0,    0,    0, -999
19921028, 0600,  , TS,  9.2N, 101.5E,  60,    0,    0,    0,    0,    0,    0,    0,    0,    0,    0,    0,    0,    0, -999
19921028, 1200,  , TS,  9.4N, 101.7E,  50,    0,    0,    0,    0,    0,    0,    0,    0,    0,    0,    0,    0,    0, -999
19921028, 1800,  , TS,  9.5N, 101.9E,  40,    0,    0,    0,    0,    0,    0,    0,    0,    0,    0,    0,    0,    0, -999
19921029, 0000,  , TS,  9.5N, 102.2E,  35,    0,    0,    0,    0,    0,    0,    0,    0,    0,    0,    0,    0,    0, -999
19921029, 0600,  , LO,  9.5N, 102.5E,  30,    0,    0,    0,    0,    0,    0,    0,    0,    0,    0,    0,    0,    0, -999
19921029, 1200,  , LO,  9.5N, 102.9E,  25,    0,    0,    0,    0,    0,    0,    0,    0,    0,    0,    0,    0,    0, -999
