WP252008,            HAISHEN,     10,
20081114, 1800,  , DB, 23.4N, 146.1E,  15, 1010,    0,    0,    0,    0,    0,    0,    0,    0,    0,    0,    0,    0, -999
20081115, 0000,  , DB, 23.6N, 146.7E,  20, 1007,    0,    0,    0,    0,    0,    0,    0,    0,    0,    0,    0,    0, -999
20081115, 0600,  , TD, 24.1N, 147.4E,  25, 1004,    0,    0,    0,    0,    0,    0,    0,    0,    0,    0,    0,    0, -999
20081115, 1200,  , TD, 24.8N, 148.5E,  30, 1000,    0,    0,    0,    0,    0,    0,    0,    0,    0,    0,    0,    0, -999
20081115, 1800,  , TD, 25.5N, 149.7E,  30, 1000,    0,    0,    0,    0,    0,    0,    0,    0,    0,    0,    0,    0, -999
20081116, 0000,  , TS, 26.5N, 151.2E,  35,  996,   75,   70,   60,   65,    0,    0,    0,    0,    0,    0,    0,    0, -999
20081116, 0600,  , TS, 27.3N, 152.9E,  40,  993,   60,   55,   45,   40,    0,    0,    0,    0,    0,    0,    0,    0, -999
20081116, 1200,  , TS, 28.2N, 154.5E,  40,  993,   60,   55,   45,   40,    0,    0,    0,    0,    0,    0,    0,    0, -999
20081116, 1800,  , EX, 28.9N, 156.1E,  35,  996,   60,   55,   45,   40,    0,    0,    0,    0,    0,    0,    0,    0, -999
20081117, 0000,  , EX, 29.8N, 157.5E,  30, 1000,    0,    0,    0,    0,    0,    0,    0,    0,    0,    0,    0,    0, -999
