WP252009,         TWENTYFIVE,     16,
20091106, 1200,  , DB, 20.1N, 156.8E,  15, 1010,    0,    0,    0,    0,    0,    0,    0,    0,    0,    0,    0,    0, -999
20091106, 1800,  , DB, 20.3N, 156.1E,  20, 1006,    0,    0,    0,    0,    0,    0,    0,    0,    0,    0,    0,    0, -999
20091107, 0000,  , TD, 20.6N, 155.7E,  25, 1004,    0,    0,    0,    0,    0,    0,    0,    0,    0,    0,    0,    0, -999
20091107, 0600,  , TD, 20.9N, 155.5E,  30, 1000,    0,    0,    0,    0,    0,    0,    0,    0,    0,    0,    0,    0, -999
20091107, 1200,  , TS, 20.7N, 156.1E,  35,  996,    0,    0,    0,    0,    0,    0,    0,    0,    0,    0,    0,    0, -999
20091107, 1800,  , TS, 20.7N, 156.9E,  40,  993,   45,   45,   45,   45,    0,    0,    0,    0,    0,    0,    0,    0, -999
20091108, 0000,  , TS, 21.0N, 157.5E,  45,  989,   40,   35,   30,   30,    0,    0,    0,    0,    0,    0,    0,    0, -999
20091108, 0600,  , TS, 21.4N, 158.3E,  45,  989,   40,   35,   30,   30,    0,    0,    0,    0,    0,    0,    0,    0, -999
20091108, 1200,  , TS, 21.4N, 158.8E,  45,  989,   40,   35,   30,   30,    0,    0,    0,    0,    0,    0,    0,    0, -999
20091108, 1800,  , TS, 21.1N, 159.2E,  40,  993,   60,   55,   55,   50,    0,    0,    0,    0,    0,    0,    0,    0, -999
20091109, 0000,  , TD, 20.9N, 159.7E,  30, 1000,    0,    0,    0,    0,    0,    0,    0,    0,    0,    0,    0,    0, -999
20091109, 0600,  , TD, 20.6N, 160.5E,  25, 1004,    0,    0,    0,    0,    0,    0,    0,    0,    0,    0,    0,    0, -999
20091109, 1200,  , DB, 20.6N, 161.1E,  20, 1007,    0,    0,    0,    0,    0,    0,    0,    0,    0,    0,    0,    0, -999
20091109, 1800,  , DB, 20.6N, 161.6E,  15, 1010,    0,    0,    0,    0,    0,    0,    0,    0,    0,    0,    0,    0, -999
20091110, 0000,  , DB, 20.2N, 162.0E,  15, 1010,    0,    0,    0,    0,    0,    0,    0,    0,    0,    0,    0,    0, -999
20091110, 0600,  , DB, 20.1N, 163.2E,  15, 1010,    0,    0,    0,    0,    0,    0,    0,    0,    0,    0,    0,    0, -999
