WP252005,            UNNAMED,     24,
20051215, 1200,  , DB,  7.4N, 127.6E,  15, 1006,    0,    0,    0,    0,    0,    0,    0,    0,    0,    0,    0,    0, -999
20051215, 1800,  , DB,  8.1N, 126.5E,  20, 1004,    0,    0,    0,    0,    0,    0,    0,    0,    0,    0,    0,    0, -999
20051216, 0000,  , DB,  9.1N, 124.9E,  25, 1002,    0,    0,    0,    0,    0,    0,    0,    0,    0,    0,    0,    0, -999
20051216, 0600,  , DB,  9.3N, 123.6E,  25, 1002,    0,    0,    0,    0,    0,    0,    0,    0,    0,    0,    0,    0, -999
20051216, 1200,  , DB, 10.2N, 122.6E,  25, 1002,    0,    0,    0,    0,    0,    0,    0,    0,    0,    0,    0,    0, -999
20051216, 1800,  , DB, 10.9N, 121.5E,  25, 1004,    0,    0,    0,    0,    0,    0,    0,    0,    0,    0,    0,    0, -999
20051217, 0000,  , DB, 11.1N, 120.3E,  25, 1002,    0,    0,    0,    0,    0,    0,    0,    0,    0,    0,    0,    0, -999
20051217, 0600,  , DB, 10.7N, 119.0E,  25, 1002,    0,    0,    0,    0,    0,    0,    0,    0,    0,    0,    0,    0, -999
20051217, 1200,  , DB, 10.2N, 117.8E,  25, 1002,    0,    0,    0,    0,    0,    0,    0,    0,    0,    0,    0,    0, -999
20051217, 1800,  , DB,  9.5N, 116.4E,  25, 1002,    0,    0,    0,    0,    0,    0,    0,    0,    0,    0,    0,    0, -999
20051218, 0000,  , DB,  8.7N, 115.2E,  25, 1002,    0,    0,    0,    0,    0,    0,    0,    0,    0,    0,    0,    0, -999
20051218, 0600,  , DB,  8.3N, 113.9E,  30, 1000,    0,    0,    0,    0,    0,    0,    0,    0,    0,    0,    0,    0, -999
20051218, 1200,  , DB,  8.2N, 112.8E,  30, 1000,    0,    0,    0,    0,    0,    0,    0,    0,    0,    0,    0,    0, -999
20051218, 1800,  , TS,  8.2N, 111.7E,  35,  997,    0,    0,    0,    0,    0,    0,    0,    0,    0,    0,    0,    0, -999
20051219, 0000,  , TS,  8.8N, 111.7E,  40,  994,   40,   35,   35,   40,    0,    0,    0,    0,    0,    0,    0,    0, -999
20051219, 0600,  , TS,  9.1N, 111.5E,  45,  991,   40,   35,   35,   40,    0,    0,    0,    0,    0,    0,    0,    0, -999
20051219, 1200,  , TS,  8.9N, 111.0E,  40,  994,   40,   35,   35,   40,    0,    0,    0,    0,    0,    0,    0,    0, -999
20051219, 1800,  , TS,  8.9N, 110.4E,  35,  997,   40,   35,   35,   40,    0,    0,    0,    0,    0,    0,    0,    0, -999
20051220, 0000,  , TS,  8.7N, 109.8E,  35,  997,   40,   35,   35,   40,    0,    0,    0,    0,    0,    0,    0,    0, -999
20051220, 0600,  , TD,  8.4N, 109.3E,  30, 1000,    0,    0,    0,    0,    0,    0,    0,    0,    0,    0,    0,    0, -999
20051220, 1200,  , TD,  8.3N, 108.6E,  25, 1002,    0,    0,    0,    0,    0,    0,    0,    0,    0,    0,    0,    0, -999
20051220, 1800,  , TD,  8.2N, 107.9E,  25, 1002,    0,    0,    0,    0,    0,    0,    0,    0,    0,    0,    0,    0, -999
20051221, 0000,  , TD,  8.0N, 107.2E,  25, 1002,    0,    0,    0,    0,    0,    0,    0,    0,    0,    0,    0,    0, -999
20051221, 0600,  , TD,  7.9N, 106.3E,  25, 1002,    0,    0,    0,    0,    0,    0,    0,    0,    0,    0,    0,    0, -999
