WP252003,            UNNAMED,     33,
20031111, 1200,  , TD, 10.7N, 141.2E,  15, 1006,    0,    0,    0,    0,    0,    0,    0,    0,    0,    0,    0,    0, -999
20031111, 1800,  , TD, 11.2N, 139.5E,  15, 1006,    0,    0,    0,    0,    0,    0,    0,    0,    0,    0,    0,    0, -999
20031112, 0000,  , TD, 11.5N, 137.8E,  20, 1004,    0,    0,    0,    0,    0,    0,    0,    0,    0,    0,    0,    0, -999
20031112, 0600,  , TD, 11.8N, 135.9E,  25, 1002,    0,    0,    0,    0,    0,    0,    0,    0,    0,    0,    0,    0, -999
20031112, 1200,  , TS, 12.0N, 134.0E,  35,  997,    0,    0,    0,    0,    0,    0,    0,    0,    0,    0,    0,    0, -999
20031112, 1800,  , TS, 12.2N, 132.1E,  40,  994,   60,   60,   60,   60,    0,    0,    0,    0,    0,    0,    0,    0, -999
20031113, 0000,  , TS, 12.3N, 130.2E,  45,  991,  120,   80,   80,  120,    0,    0,    0,    0,    0,    0,    0,    0, -999
20031113, 0600,  , TS, 12.3N, 128.3E,  45,  991,  120,   80,   80,  120,    0,    0,    0,    0,    0,    0,    0,    0, -999
20031113, 1200,  , TS, 12.3N, 126.4E,  50,  987,  120,   80,   80,  120,    0,    0,    0,    0,    0,    0,    0,    0, -999
20031113, 1800,  , TS, 12.2N, 124.5E,  50,  987,  120,   80,   80,  120,    0,    0,    0,    0,    0,    0,    0,    0, -999
20031114, 0000,  , TS, 12.1N, 122.7E,  50,  987,  120,   80,   80,  120,    0,    0,    0,    0,    0,    0,    0,    0, -999
20031114, 0600,  , TS, 12.1N, 121.1E,  55,  984,  120,   80,   80,  120,    0,    0,    0,    0,    0,    0,    0,    0, -999
20031114, 1200,  , TS, 12.2N, 119.9E,  60,  980,  120,   80,   80,  120,    0,    0,    0,    0,    0,    0,    0,    0, -999
20031114, 1800,  , TS, 12.4N, 118.9E,  60,  980,  120,   80,   80,  120,    0,    0,    0,    0,    0,    0,    0,    0, -999
20031115, 0000,  , HU, 12.9N, 117.8E,  65,  976,  120,   80,   80,  120,    0,    0,    0,    0,    0,    0,    0,    0, -999
20031115, 0600,  , HU, 13.5N, 116.8E,  65,  976,  120,   80,   80,  120,    0,    0,    0,    0,    0,    0,    0,    0, -999
20031115, 1200,  , HU, 13.9N, 115.9E,  65,  976,  120,   80,   80,  120,    0,    0,    0,    0,    0,    0,    0,    0, -999
20031115, 1800,  , HU, 14.1N, 114.9E,  65,  976,  120,   80,   80,  120,    0,    0,    0,    0,    0,    0,    0,    0, -999
20031116, 0000,  , HU, 14.3N, 113.9E,  75,  967,  120,   80,   80,  120,    0,    0,    0,    0,    0,    0,    0,    0, -999
20031116, 0600,  , HU, 14.7N, 112.9E,  75,  967,  140,   80,   80,  140,    0,    0,    0,    0,    0,    0,    0,    0, -999
20031116, 1200,  , HU, 15.2N, 112.0E,  75,  967,  140,   80,   80,  140,    0,    0,    0,    0,    0,    0,    0,    0, -999
20031116, 1800,  , HU, 15.7N, 111.1E,  75,  967,  140,   80,   80,  140,    0,    0,    0,    0,    0,    0,    0,    0, -999
20031117, 0000,  , HU, 16.1N, 110.3E,  70,  972,  120,   70,   70,  120,    0,    0,    0,    0,    0,    0,    0,    0, -999
20031117, 0600,  , HU, 16.4N, 109.7E,  65,  976,  100,   65,   65,  100,    0,    0,    0,    0,    0,    0,    0,    0, -999
20031117, 1200,  , HU, 16.9N, 109.3E,  65,  976,  100,   65,   65,  100,    0,    0,    0,    0,    0,    0,    0,    0, -999
20031117, 1800,  , HU, 17.5N, 109.0E,  65,  976,  115,   65,   65,  115,    0,    0,    0,    0,    0,    0,    0,    0, -999
20031118, 0000,  , HU, 18.1N, 108.8E,  75,  976,  130,  130,  130,  130,    0,    0,    0,    0,    0,    0,    0,    0, -999
20031118, 0600,  , HU, 18.7N, 108.6E,  70,  972,  130,  130,  130,  130,    0,    0,    0,    0,    0,    0,    0,    0, -999
20031118, 1200,  , TS, 19.2N, 108.5E,  55,  984,  130,  130,  130,  130,    0,    0,    0,    0,    0,    0,    0,    0, -999
20031118, 1800,  , TS, 19.8N, 108.6E,  50,  987,  100,  100,  100,  100,    0,    0,    0,    0,    0,    0,    0,    0, -999
20031119, 0000,  , TS, 20.4N, 108.9E,  45,  991,  100,  100,  100,  100,    0,    0,    0,    0,    0,    0,    0,    0, -999
20031119, 0600,  , TD, 21.0N, 109.3E,  30, 1000,    0,    0,    0,    0,    0,    0,    0,    0,    0,    0,    0,    0, -999
20031119, 1200,  , TD, 21.7N, 109.7E,  20, 1004,    0,    0,    0,    0,    0,    0,    0,    0,    0,    0,    0,    0, -999
