WP251997,            UNNAMED,     34,
19970927, 0000,  , LO, 18.2N, 111.2E,  15,    0,    0,    0,    0,    0,    0,    0,    0,    0,    0,    0,    0,    0, -999
19970927, 0600,  , LO, 18.2N, 111.6E,  15,    0,    0,    0,    0,    0,    0,    0,    0,    0,    0,    0,    0,    0, -999
19970927, 1200,  , LO, 18.2N, 112.0E,  15,    0,    0,    0,    0,    0,    0,    0,    0,    0,    0,    0,    0,    0, -999
19970927, 1800,  , LO, 18.4N, 112.5E,  15,    0,    0,    0,    0,    0,    0,    0,    0,    0,    0,    0,    0,    0, -999
19970928, 0000,  , LO, 18.5N, 113.0E,  15,    0,    0,    0,    0,    0,    0,    0,    0,    0,    0,    0,    0,    0, -999
19970928, 0600,  , LO, 18.6N, 113.5E,  15,    0,    0,    0,    0,    0,    0,    0,    0,    0,    0,    0,    0,    0, -999
19970928, 1200,  , LO, 18.6N, 113.8E,  20,    0,    0,    0,    0,    0,    0,    0,    0,    0,    0,    0,    0,    0, -999
19970928, 1800,  , LO, 18.6N, 114.1E,  20,    0,    0,    0,    0,    0,    0,    0,    0,    0,    0,    0,    0,    0, -999
19970929, 0000,  , LO, 18.6N, 114.3E,  20,    0,    0,    0,    0,    0,    0,    0,    0,    0,    0,    0,    0,    0, -999
19970929, 0600,  , LO, 18.6N, 114.5E,  20,    0,    0,    0,    0,    0,    0,    0,    0,    0,    0,    0,    0,    0, -999
19970929, 1200,  , LO, 18.5N, 114.7E,  20,    0,    0,    0,    0,    0,    0,    0,    0,    0,    0,    0,    0,    0, -999
19970929, 1800,  , LO, 18.4N, 114.8E,  20,    0,    0,    0,    0,    0,    0,    0,    0,    0,    0,    0,    0,    0, -999
19970930, 0000,  , LO, 18.2N, 114.9E,  20,    0,    0,    0,    0,    0,    0,    0,    0,    0,    0,    0,    0,    0, -999
19970930, 0600,  , LO, 18.0N, 114.9E,  20,    0,    0,    0,    0,    0,    0,    0,    0,    0,    0,    0,    0,    0, -999
19970930, 1200,  , LO, 17.8N, 114.8E,  20,    0,    0,    0,    0,    0,    0,    0,    0,    0,    0,    0,    0,    0, -999
19970930, 1800,  , LO, 17.6N, 114.6E,  20,    0,    0,    0,    0,    0,    0,    0,    0,    0,    0,    0,    0,    0, -999
19971001, 0000,  , LO, 17.4N, 114.4E,  20,    0,    0,    0,    0,    0,    0,    0,    0,    0,    0,    0,    0,    0, -999
19971001, 0600,  , LO, 17.2N, 114.0E,  20,    0,    0,    0,    0,    0,    0,    0,    0,    0,    0,    0,    0,    0, -999
19971001, 1200,  , LO, 16.9N, 113.6E,  25,    0,    0,    0,    0,    0,    0,    0,    0,    0,    0,    0,    0,    0, -999
19971001, 1800,  , LO, 16.6N, 113.3E,  25,    0,    0,    0,    0,    0,    0,    0,    0,    0,    0,    0,    0,    0, -999
19971002, 0000,  , LO, 16.2N, 113.0E,  25,    0,    0,    0,    0,    0,    0,    0,    0,    0,    0,    0,    0,    0, -999
19971002, 0600,  , LO, 15.7N, 112.7E,  25,    0,    0,    0,    0,    0,    0,    0,    0,    0,    0,    0,    0,    0, -999
19971002, 1200,  , LO, 15.3N, 112.5E,  30,    0,    0,    0,    0,    0,    0,    0,    0,    0,    0,    0,    0,    0, -999
19971002, 1800,  , TS, 14.9N, 112.2E,  35,    0,    0,    0,    0,    0,    0,    0,    0,    0,    0,    0,    0,    0, -999
19971003, 0000,  , TS, 14.8N, 111.7E,  40,    0,    0,    0,    0,    0,    0,    0,    0,    0,    0,    0,    0,    0, -999
19971003, 0600,  , TS, 14.8N, 111.2E,  40,    0,    0,    0,    0,    0,    0,    0,    0,    0,    0,    0,    0,    0, -999
19971003, 1200,  , TS, 14.9N, 110.7E,  35,    0,    0,    0,    0,    0,    0,    0,    0,    0,    0,    0,    0,    0, -999
19971003, 1800,  , LO, 15.3N, 110.0E,  30,    0,    0,    0,    0,    0,    0,    0,    0,    0,    0,    0,    0,    0, -999
19971004, 0000,  , LO, 16.0N, 109.2E,  30,    0,    0,    0,    0,    0,    0,    0,    0,    0,    0,    0,    0,    0, -999
19971004, 0600,  , LO, 16.6N, 108.3E,  30,    0,    0,    0,    0,    0,    0,    0,    0,    0,    0,    0,    0,    0, -999
19971004, 1200,  , LO, 17.3N, 107.3E,  25,    0,    0,    0,    0,    0,    0,    0,    0,    0,    0,    0,    0,    0, -999
19971004, 1800,  , LO, 18.0N, 106.3E,  25,    0,    0,    0,    0,    0,    0,    0,    0,    0,    0,    0,    0,    0, -999
19971005, 0000,  , LO, 18.9N, 105.4E,  25,    0,    0,    0,    0,    0,    0,    0,    0,    0,    0,    0,    0,    0, -999
19971005, 0600,  , LO, 19.6N, 104.7E,  20,    0,    0,    0,    0,    0,    0,    0,    0,    0,    0,    0,    0,    0, -999
