WP262021,          TWENTYSIX,     21,
20211022, 1200,  , DB,  5.8N, 127.2E,  10, 1010,    0,    0,    0,    0,    0,    0,    0,    0,    0,    0,    0,    0, -999
20211022, 1800,  , DB,  6.5N, 124.1E,  10, 1014,    0,    0,    0,    0,    0,    0,    0,    0,    0,    0,    0,    0, -999
20211023, 0000,  , DB,  7.4N, 121.3E,  15, 1010,    0,    0,    0,    0,    0,    0,    0,    0,    0,    0,    0,    0, -999
20211023, 0600,  , DB,  8.3N, 120.4E,  15, 1010,    0,    0,    0,    0,    0,    0,    0,    0,    0,    0,    0,    0, -999
20211023, 1200,  , DB,  9.0N, 119.6E,  15, 1010,    0,    0,    0,    0,    0,    0,    0,    0,    0,    0,    0,    0, -999
20211023, 1800,  , DB, 10.4N, 118.7E,  15, 1010,    0,    0,    0,    0,    0,    0,    0,    0,    0,    0,    0,    0, -999
20211024, 0000,  , DB, 10.7N, 117.1E,  15, 1010,    0,    0,    0,    0,    0,    0,    0,    0,    0,    0,    0,    0, -999
20211024, 0600,  , DB, 10.8N, 116.2E,  15, 1010,    0,    0,    0,    0,    0,    0,    0,    0,    0,    0,    0,    0, -999
20211024, 1200,  , DB, 10.9N, 115.6E,  15, 1008,    0,    0,    0,    0,    0,    0,    0,    0,    0,    0,    0,    0, -999
20211024, 1800,  , DB, 11.0N, 114.5E,  20, 1007,    0,    0,    0,    0,    0,    0,    0,    0,    0,    0,    0,    0, -999
20211025, 0000,  , DB, 11.4N, 113.7E,  20, 1009,    0,    0,    0,    0,    0,    0,    0,    0,    0,    0,    0,    0, -999
20211025, 0600,  , DB, 11.3N, 112.6E,  20, 1007,    0,    0,    0,    0,    0,    0,    0,    0,    0,    0,    0,    0, -999
20211025, 1200,  , DB, 10.9N, 112.4E,  20, 1007,    0,    0,    0,    0,    0,    0,    0,    0,    0,    0,    0,    0, -999
20211025, 1800,  , DB, 10.8N, 112.1E,  20, 1006,    0,    0,    0,    0,    0,    0,    0,    0,    0,    0,    0,    0, -999
20211026, 0000,  , TD, 11.3N, 111.7E,  25, 1004,    0,    0,    0,    0,    0,    0,    0,    0,    0,    0,    0,    0, -999
20211026, 0600,  , TD, 11.7N, 111.0E,  25, 1004,    0,    0,    0,    0,    0,    0,    0,    0,    0,    0,    0,    0, -999
20211026, 1200,  , TD, 11.8N, 110.4E,  30, 1000,    0,    0,    0,    0,    0,    0,    0,    0,    0,    0,    0,    0, -999
20211026, 1800,  , TD, 12.0N, 109.6E,  30, 1004,    0,    0,    0,    0,    0,    0,    0,    0,    0,    0,    0,    0, -999
20211026, 2200,  , TS, 12.1N, 109.2E,  35, 1001,    0,    0,    0,    0,    0,    0,    0,    0,    0,    0,    0,    0, -999
20211027, 0000,  , TD, 12.2N, 109.0E,  25, 1007,    0,    0,    0,    0,    0,    0,    0,    0,    0,    0,    0,    0, -999
20211027, 0600,  , DB, 12.6N, 108.3E,  20, 1007,    0,    0,    0,    0,    0,    0,    0,    0,    0,    0,    0,    0, -999
