WP261960,            UNNAMED,     70,
19601121, 1200,  , LO,  9.2N, 160.5E,  20,    0,    0,    0,    0,    0,    0,    0,    0,    0,    0,    0,    0,    0, -999
19601121, 1800,  , XX,  9.4N, 159.5E,  20,    0,    0,    0,    0,    0,    0,    0,    0,    0,    0,    0,    0,    0, -999
19601122, 0000,  , XX,  9.5N, 158.7E,  20,    0,    0,    0,    0,    0,    0,    0,    0,    0,    0,    0,    0,    0, -999
19601122, 0600,  , XX,  9.4N, 158.1E,  15,    0,    0,    0,    0,    0,    0,    0,    0,    0,    0,    0,    0,    0, -999
19601122, 1200,  , XX,  9.2N, 158.2E,  15,    0,    0,    0,    0,    0,    0,    0,    0,    0,    0,    0,    0,    0, -999
19601122, 1800,  , XX,  8.9N, 158.7E,  20,    0,    0,    0,    0,    0,    0,    0,    0,    0,    0,    0,    0,    0, -999
19601123, 0000,  , XX,  8.6N, 159.6E,  20,    0,    0,    0,    0,    0,    0,    0,    0,    0,    0,    0,    0,    0, -999
19601123, 0600,  , XX,  8.2N, 160.6E,  20,    0,    0,    0,    0,    0,    0,    0,    0,    0,    0,    0,    0,    0, -999
19601123, 1200,  , XX,  7.5N, 161.1E,  20,    0,    0,    0,    0,    0,    0,    0,    0,    0,    0,    0,    0,    0, -999
19601123, 1800,  , XX,  7.1N, 160.6E,  20,    0,    0,    0,    0,    0,    0,    0,    0,    0,    0,    0,    0,    0, -999
19601124, 0000,  , XX,  7.0N, 159.5E,  15,    0,    0,    0,    0,    0,    0,    0,    0,    0,    0,    0,    0,    0, -999
19601124, 0600,  , XX,  7.0N, 157.9E,  15,    0,    0,    0,    0,    0,    0,    0,    0,    0,    0,    0,    0,    0, -999
19601124, 1200,  , LO,  7.5N, 156.0E,  15,    0,    0,    0,    0,    0,    0,    0,    0,    0,    0,    0,    0,    0, -999
19601124, 1800,  , LO,  7.4N, 154.7E,  15,    0,    0,    0,    0,    0,    0,    0,    0,    0,    0,    0,    0,    0, -999
19601125, 0000,  , LO,  7.4N, 153.4E,  15,    0,    0,    0,    0,    0,    0,    0,    0,    0,    0,    0,    0,    0, -999
19601125, 0600,  , LO,  7.5N, 152.3E,  15,    0,    0,    0,    0,    0,    0,    0,    0,    0,    0,    0,    0,    0, -999
19601125, 1200,  , LO,  7.6N, 151.3E,  15,    0,    0,    0,    0,    0,    0,    0,    0,    0,    0,    0,    0,    0, -999
19601125, 1800,  , LO,  7.6N, 150.2E,  15,    0,    0,    0,    0,    0,    0,    0,    0,    0,    0,    0,    0,    0, -999
19601126, 0000,  , LO,  7.5N, 149.7E,  20,    0,    0,    0,    0,    0,    0,    0,    0,    0,    0,    0,    0,    0, -999
19601126, 0600,  , LO,  7.8N, 149.3E,  20,    0,    0,    0,    0,    0,    0,    0,    0,    0,    0,    0,    0,    0, -999
19601126, 1200,  , LO,  8.2N, 149.0E,  20,    0,    0,    0,    0,    0,    0,    0,    0,    0,    0,    0,    0,    0, -999
19601126, 1800,  , LO,  9.1N, 148.7E,  20,    0,    0,    0,    0,    0,    0,    0,    0,    0,    0,    0,    0,    0, -999
19601127, 0000,  , LO, 10.0N, 148.3E,  25,    0,    0,    0,    0,    0,    0,    0,    0,    0,    0,    0,    0,    0, -999
19601127, 0600,  , LO,  9.9N, 148.2E,  30,    0,    0,    0,    0,    0,    0,    0,    0,    0,    0,    0,    0,    0, -999
19601127, 1200,  , LO,  9.8N, 148.0E,  30,    0,    0,    0,    0,    0,    0,    0,    0,    0,    0,    0,    0,    0, -999
19601127, 1800,  , TS,  9.7N, 147.8E,  40,    0,    0,    0,    0,    0,    0,    0,    0,    0,    0,    0,    0,    0, -999
19601128, 0000,  , TS,  9.5N, 147.6E,  45,    0,    0,    0,    0,    0,    0,    0,    0,    0,    0,    0,    0,    0, -999
19601128, 0600,  , TS,  9.4N, 147.5E,  50,    0,    0,    0,    0,    0,    0,    0,    0,    0,    0,    0,    0,    0, -999
19601128, 1200,  , TS,  9.3N, 147.2E,  55,    0,    0,    0,    0,    0,    0,    0,    0,    0,    0,    0,    0,    0, -999
19601128, 1800,  , TS,  9.2N, 147.0E,  60,    0,    0,    0,    0,    0,    0,    0,    0,    0,    0,    0,    0,    0, -999
19601129, 0000,  , HU,  9.1N, 146.5E,  65,    0,    0,    0,    0,    0,    0,    0,    0,    0,    0,    0,    0,    0, -999
19601129, 0600,  , HU,  9.6N, 145.4E,  75,    0,    0,    0,    0,    0,    0,    0,    0,    0,    0,    0,    0,    0, -999
19601129, 1200,  , HU, 10.4N, 144.0E,  80,    0,    0,    0,    0,    0,    0,    0,    0,    0,    0,    0,    0,    0, -999
19601129, 1800,  , HU, 10.4N, 142.2E, 110,    0,    0,    0,    0,    0,    0,    0,    0,    0,    0,    0,    0,    0, -999
19601130, 0000,  , HU, 10.1N, 140.5E, 120,    0,    0,    0,    0,    0,    0,    0,    0,    0,    0,    0,    0,    0, -999
19601130, 0600,  , HU, 10.3N, 139.0E, 125,    0,    0,    0,    0,    0,    0,    0,    0,    0,    0,    0,    0,    0, -999
19601130, 1200,  , HU, 11.1N, 137.4E, 130,    0,    0,    0,    0,    0,    0,    0,    0,    0,    0,    0,    0,    0, -999
19601130, 1800,  , HU, 11.6N, 136.0E, 130,    0,    0,    0,    0,    0,    0,    0,    0,    0,    0,    0,    0,    0, -999
19601201, 0000,  , HU, 12.0N, 134.8E, 130,    0,    0,    0,    0,    0,    0,    0,    0,    0,    0,    0,    0,    0, -999
19601201, 0600,  , HU, 12.3N, 133.6E, 135,    0,    0,    0,    0,    0,    0,    0,    0,    0,    0,    0,    0,    0, -999
19601201, 1200,  , HU, 12.8N, 132.9E, 130,    0,    0,    0,    0,    0,    0,    0,    0,    0,    0,    0,    0,    0, -999
19601201, 1800,  , HU, 13.5N, 132.4E, 125,    0,    0,    0,    0,    0,    0,    0,    0,    0,    0,    0,    0,    0, -999
19601202, 0000,  , HU, 14.3N, 132.4E, 125,    0,    0,    0,    0,    0,    0,    0,    0,    0,    0,    0,    0,    0, -999
19601202, 0600,  , HU, 15.1N, 132.5E, 125,    0,    0,    0,    0,    0,    0,    0,    0,    0,    0,    0,    0,    0, -999
19601202, 1200,  , HU, 15.7N, 132.7E, 125,    0,    0,    0,    0,    0,    0,    0,    0,    0,    0,    0,    0,    0, -999
19601202, 1800,  , HU, 16.2N, 132.9E, 125,    0,    0,    0,    0,    0,    0,    0,    0,    0,    0,    0,    0,    0, -999
19601203, 0000,  , HU, 17.1N, 133.0E, 130,    0,    0,    0,    0,    0,    0,    0,    0,    0,    0,    0,    0,    0, -999
19601203, 0600,  , HU, 18.1N, 132.9E, 130,    0,    0,    0,    0,    0,    0,    0,    0,    0,    0,    0,    0,    0, -999
19601203, 1200,  , HU, 19.0N, 132.6E, 130,    0,    0,    0,    0,    0,    0,    0,    0,    0,    0,    0,    0,    0, -999
19601203, 1800,  , HU, 20.0N, 132.5E, 130,    0,    0,    0,    0,    0,    0,    0,    0,    0,    0,    0,    0,    0, -999
19601204, 0000,  , HU, 20.9N, 132.5E, 130,    0,    0,    0,    0,    0,    0,    0,    0,    0,    0,    0,    0,    0, -999
19601204, 0600,  , HU, 22.6N, 133.7E, 130,    0,    0,    0,    0,    0,    0,    0,    0,    0,    0,    0,    0,    0, -999
19601204, 1200,  , HU, 24.3N, 135.5E, 120,    0,    0,    0,    0,    0,    0,    0,    0,    0,    0,    0,    0,    0, -999
19601204, 1800,  , HU, 26.5N, 137.8E, 110,    0,    0,    0,    0,    0,    0,    0,    0,    0,    0,    0,    0,    0, -999
19601205, 0000,  , HU, 29.1N, 140.7E,  90,    0,    0,    0,    0,    0,    0,    0,    0,    0,    0,    0,    0,    0, -999
19601205, 0600,  , HU, 32.6N, 145.0E,  80,    0,    0,    0,    0,    0,    0,    0,    0,    0,    0,    0,    0,    0, -999
19601205, 1200,  , HU, 37.0N, 150.9E,  70,    0,    0,    0,    0,    0,    0,    0,    0,    0,    0,    0,    0,    0, -999
19601205, 1800,  , HU, 39.4N, 156.2E,  70,    0,    0,    0,    0,    0,    0,    0,    0,    0,    0,    0,    0,    0, -999
19601206, 0000,  , TS, 40.3N, 162.3E,  60,    0,    0,    0,    0,    0,    0,    0,    0,    0,    0,    0,    0,    0, -999
19601206, 0600,  , TS, 41.1N, 169.3E,  60,    0,    0,    0,    0,    0,    0,    0,    0,    0,    0,    0,    0,    0, -999
19601206, 1200,  , TS, 42.5N, 177.4E,  50,    0,    0,    0,    0,    0,    0,    0,    0,    0,    0,    0,    0,    0, -999
19601206, 1800,  , TS, 42.0N, 175.0W,  50,    0,    0,    0,    0,    0,    0,    0,    0,    0,    0,    0,    0,    0, -999
19601207, 0000,  , TS, 41.8N, 169.0W,  50,    0,    0,    0,    0,    0,    0,    0,    0,    0,    0,    0,    0,    0, -999
19601207, 0600,  , TS, 40.8N, 163.0W,  45,    0,    0,    0,    0,    0,    0,    0,    0,    0,    0,    0,    0,    0, -999
19601207, 1200,  , TS, 41.0N, 160.0W,  45,    0,    0,    0,    0,    0,    0,    0,    0,    0,    0,    0,    0,    0, -999
19601207, 1800,  , TS, 41.5N, 156.0W,  50,    0,    0,    0,    0,    0,    0,    0,    0,    0,    0,    0,    0,    0, -999
19601208, 0000,  , TS, 43.0N, 152.0W,  55,    0,    0,    0,    0,    0,    0,    0,    0,    0,    0,    0,    0,    0, -999
19601208, 0600,  , TS, 45.5N, 149.0W,  60,    0,    0,    0,    0,    0,    0,    0,    0,    0,    0,    0,    0,    0, -999
19601208, 1200,  , TS, 47.8N, 146.0W,  60,    0,    0,    0,    0,    0,    0,    0,    0,    0,    0,    0,    0,    0, -999
19601208, 1800,  , TS, 52.0N, 146.5W,  50,    0,    0,    0,    0,    0,    0,    0,    0,    0,    0,    0,    0,    0, -999
