WP262016,              MEARI,     24,
20161102, 0000,  , XX, 12.9N, 139.0E,  25, 1004,    0,    0,    0,    0,    0,    0,    0,    0,    0,    0,    0,    0, -999
20161102, 0600,  , TD, 12.8N, 138.4E,  25, 1004,    0,    0,    0,    0,    0,    0,    0,    0,    0,    0,    0,    0, -999
20161102, 1200,  , TD, 12.7N, 137.9E,  25, 1004,    0,    0,    0,    0,    0,    0,    0,    0,    0,    0,    0,    0, -999
20161102, 1800,  , TD, 13.0N, 137.6E,  25, 1004,    0,    0,    0,    0,    0,    0,    0,    0,    0,    0,    0,    0, -999
20161103, 0000,  , TD, 13.2N, 137.9E,  25, 1004,    0,    0,    0,    0,    0,    0,    0,    0,    0,    0,    0,    0, -999
20161103, 0600,  , TD, 13.3N, 138.3E,  30, 1000,    0,    0,    0,    0,    0,    0,    0,    0,    0,    0,    0,    0, -999
20161103, 1200,  , TS, 13.8N, 138.4E,  35,  996,   60,   60,   60,   60,    0,    0,    0,    0,    0,    0,    0,    0, -999
20161103, 1800,  , TS, 14.3N, 138.5E,  40,  993,   60,   60,   60,   60,    0,    0,    0,    0,    0,    0,    0,    0, -999
20161104, 0000,  , TS, 14.8N, 138.7E,  45,  989,   60,   70,   70,   60,    0,    0,    0,    0,    0,    0,    0,    0, -999
20161104, 0600,  , TS, 15.5N, 139.1E,  50,  989,   70,   80,   90,   80,   29,   36,   42,   36,    0,    0,    0,    0, -999
20161104, 1200,  , TS, 16.2N, 139.4E,  60,  978,   80,   90,  100,   90,   36,   43,   49,   43,    0,    0,    0,    0, -999
20161104, 1800,  , HU, 16.8N, 139.9E,  70,  970,   90,  110,  110,  100,   43,   56,   56,   49,   22,   29,   29,   25, -999
20161105, 0000,  , HU, 17.2N, 139.9E,  75,  967,  100,  140,  120,  110,   50,   75,   62,   56,   26,   40,   33,   29, -999
20161105, 0600,  , HU, 17.5N, 140.5E,  75,  967,  100,  140,  130,  120,   50,   75,   69,   62,   26,   40,   36,   33, -999
20161105, 0900,  , HU, 17.7N, 140.9E,  80,  963,  120,  140,  130,  110,   63,   75,   69,   56,   33,   40,   36,   29, -999
20161105, 1200,  , HU, 18.2N, 141.1E,  80,  963,  120,  140,  140,  120,   63,   75,   75,   63,   33,   40,   40,   33, -999
20161105, 1800,  , HU, 18.7N, 141.8E,  85,  966,  170,  140,  140,  140,   94,   75,   75,   75,   51,   40,   40,   40, -999
20161106, 0000,  , HU, 19.5N, 142.7E,  90,  963,  170,  140,  140,  160,   95,   76,   76,   88,   51,   40,   40,   47, -999
20161106, 0600,  , HU, 20.8N, 143.7E,  90,  962,  170,  160,  140,  160,   95,   88,   76,   88,   51,   47,   40,   47, -999
20161106, 1200,  , HU, 22.3N, 144.9E,  80,  963,  170,  160,  160,  180,   94,   88,   88,  100,   50,   47,   47,   54, -999
20161106, 1800,  , HU, 24.3N, 146.1E,  70,  970,  180,  180,  180,  210,  100,  100,  100,  119,   53,   53,   53,   64, -999
20161107, 0000,  , EX, 27.0N, 147.0E,  60,  978,  230,  180,  180,  250,  131,   99,   99,  143,    0,    0,    0,    0, -999
20161107, 0600,  , EX, 28.6N, 147.8E,  55,  982,  270,  180,  180,  250,  156,   99,   99,  143,    0,    0,    0,    0, -999
20161107, 1200,  , EX, 28.8N, 148.0E,  55,  982,  270,  180,  200,  250,  156,   99,  112,  143,    0,    0,    0,    0, -999
