WP261996,            UNNAMED,     62,
19960909, 1800,  , LO, 13.3N, 138.4E,  15,    0,    0,    0,    0,    0,    0,    0,    0,    0,    0,    0,    0,    0, -999
19960910, 0000,  , LO, 14.1N, 137.0E,  15,    0,    0,    0,    0,    0,    0,    0,    0,    0,    0,    0,    0,    0, -999
19960910, 0600,  , LO, 14.6N, 135.9E,  15,    0,    0,    0,    0,    0,    0,    0,    0,    0,    0,    0,    0,    0, -999
19960910, 1200,  , LO, 14.9N, 134.8E,  15,    0,    0,    0,    0,    0,    0,    0,    0,    0,    0,    0,    0,    0, -999
19960910, 1800,  , LO, 15.2N, 133.7E,  15,    0,    0,    0,    0,    0,    0,    0,    0,    0,    0,    0,    0,    0, -999
19960911, 0000,  , LO, 15.5N, 132.9E,  20,    0,    0,    0,    0,    0,    0,    0,    0,    0,    0,    0,    0,    0, -999
19960911, 0600,  , LO, 15.7N, 132.2E,  20,    0,    0,    0,    0,    0,    0,    0,    0,    0,    0,    0,    0,    0, -999
19960911, 1200,  , LO, 15.8N, 131.7E,  25,    0,    0,    0,    0,    0,    0,    0,    0,    0,    0,    0,    0,    0, -999
19960911, 1800,  , LO, 15.9N, 131.3E,  25,    0,    0,    0,    0,    0,    0,    0,    0,    0,    0,    0,    0,    0, -999
19960912, 0000,  , LO, 16.0N, 130.9E,  30,    0,    0,    0,    0,    0,    0,    0,    0,    0,    0,    0,    0,    0, -999
19960912, 0600,  , TS, 16.1N, 130.4E,  35,    0,    0,    0,    0,    0,    0,    0,    0,    0,    0,    0,    0,    0, -999
19960912, 1200,  , TS, 16.2N, 130.0E,  35,    0,    0,    0,    0,    0,    0,    0,    0,    0,    0,    0,    0,    0, -999
19960912, 1800,  , TS, 16.2N, 129.7E,  35,    0,    0,    0,    0,    0,    0,    0,    0,    0,    0,    0,    0,    0, -999
19960913, 0000,  , TS, 16.2N, 129.5E,  45,    0,    0,    0,    0,    0,    0,    0,    0,    0,    0,    0,    0,    0, -999
19960913, 0600,  , HU, 16.3N, 129.3E,  65,    0,    0,    0,    0,    0,    0,    0,    0,    0,    0,    0,    0,    0, -999
19960913, 1200,  , HU, 16.3N, 129.0E,  75,    0,    0,    0,    0,    0,    0,    0,    0,    0,    0,    0,    0,    0, -999
19960913, 1800,  , HU, 16.4N, 128.8E,  75,    0,    0,    0,    0,    0,    0,    0,    0,    0,    0,    0,    0,    0, -999
19960914, 0000,  , HU, 16.5N, 128.7E,  80,    0,    0,    0,    0,    0,    0,    0,    0,    0,    0,    0,    0,    0, -999
19960914, 0600,  , HU, 16.7N, 128.5E,  90,    0,    0,    0,    0,    0,    0,    0,    0,    0,    0,    0,    0,    0, -999
19960914, 1200,  , HU, 17.1N, 128.2E,  90,    0,    0,    0,    0,    0,    0,    0,    0,    0,    0,    0,    0,    0, -999
19960914, 1800,  , HU, 17.5N, 127.8E,  95,    0,    0,    0,    0,    0,    0,    0,    0,    0,    0,    0,    0,    0, -999
19960915, 0000,  , HU, 17.9N, 127.4E, 100,    0,    0,    0,    0,    0,    0,    0,    0,    0,    0,    0,    0,    0, -999
19960915, 0600,  , HU, 18.3N, 127.1E, 105,    0,    0,    0,    0,    0,    0,    0,    0,    0,    0,    0,    0,    0, -999
19960915, 1200,  , HU, 18.8N, 126.8E, 115,    0,    0,    0,    0,    0,    0,    0,    0,    0,    0,    0,    0,    0, -999
19960915, 1800,  , HU, 19.3N, 126.6E, 130,    0,    0,    0,    0,    0,    0,    0,    0,    0,    0,    0,    0,    0, -999
19960916, 0000,  , HU, 19.8N, 126.5E, 130,    0,    0,    0,    0,    0,    0,    0,    0,    0,    0,    0,    0,    0, -999
19960916, 0600,  , HU, 20.2N, 126.5E, 125,    0,    0,    0,    0,    0,    0,    0,    0,    0,    0,    0,    0,    0, -999
19960916, 1200,  , HU, 20.6N, 126.7E, 125,    0,    0,    0,    0,    0,    0,    0,    0,    0,    0,    0,    0,    0, -999
19960916, 1800,  , HU, 20.9N, 127.0E, 115,    0,    0,    0,    0,    0,    0,    0,    0,    0,    0,    0,    0,    0, -999
19960917, 0000,  , HU, 21.4N, 127.7E, 105,    0,    0,    0,    0,    0,    0,    0,    0,    0,    0,    0,    0,    0, -999
19960917, 0600,  , HU, 21.8N, 128.3E, 100,    0,    0,    0,    0,    0,    0,    0,    0,    0,    0,    0,    0,    0, -999
19960917, 1200,  , HU, 22.2N, 129.0E,  95,    0,    0,    0,    0,    0,    0,    0,    0,    0,    0,    0,    0,    0, -999
19960917, 1800,  , HU, 22.6N, 129.6E,  90,    0,    0,    0,    0,    0,    0,    0,    0,    0,    0,    0,    0,    0, -999
19960918, 0000,  , HU, 22.9N, 130.0E,  90,    0,    0,    0,    0,    0,    0,    0,    0,    0,    0,    0,    0,    0, -999
19960918, 0600,  , HU, 23.2N, 130.5E,  90,    0,    0,    0,    0,    0,    0,    0,    0,    0,    0,    0,    0,    0, -999
19960918, 1200,  , HU, 23.3N, 131.0E,  80,    0,    0,    0,    0,    0,    0,    0,    0,    0,    0,    0,    0,    0, -999
19960918, 1800,  , HU, 23.7N, 131.4E,  80,    0,    0,    0,    0,    0,    0,    0,    0,    0,    0,    0,    0,    0, -999
19960919, 0000,  , HU, 23.9N, 131.6E,  90,    0,    0,    0,    0,    0,    0,    0,    0,    0,    0,    0,    0,    0, -999
19960919, 0600,  , HU, 24.0N, 131.8E,  90,    0,    0,    0,    0,    0,    0,    0,    0,    0,    0,    0,    0,    0, -999
19960919, 1200,  , HU, 24.2N, 132.0E,  90,    0,    0,    0,    0,    0,    0,    0,    0,    0,    0,    0,    0,    0, -999
19960919, 1800,  , HU, 24.6N, 132.1E,  90,    0,    0,    0,    0,    0,    0,    0,    0,    0,    0,    0,    0,    0, -999
19960920, 0000,  , HU, 25.0N, 132.2E,  90,    0,    0,    0,    0,    0,    0,    0,    0,    0,    0,    0,    0,    0, -999
19960920, 0600,  , HU, 25.5N, 132.3E,  90,    0,    0,    0,    0,    0,    0,    0,    0,    0,    0,    0,    0,    0, -999
19960920, 1200,  , HU, 26.1N, 132.9E,  85,    0,    0,    0,    0,    0,    0,    0,    0,    0,    0,    0,    0,    0, -999
19960920, 1800,  , HU, 26.7N, 133.5E,  80,    0,    0,    0,    0,    0,    0,    0,    0,    0,    0,    0,    0,    0, -999
19960921, 0000,  , HU, 27.3N, 134.2E,  80,    0,    0,    0,    0,    0,    0,    0,    0,    0,    0,    0,    0,    0, -999
19960921, 0600,  , HU, 28.2N, 135.0E,  80,    0,    0,    0,    0,    0,    0,    0,    0,    0,    0,    0,    0,    0, -999
19960921, 1200,  , HU, 29.2N, 136.2E,  75,    0,    0,    0,    0,    0,    0,    0,    0,    0,    0,    0,    0,    0, -999
19960921, 1800,  , HU, 30.9N, 137.9E,  70,    0,    0,    0,    0,    0,    0,    0,    0,    0,    0,    0,    0,    0, -999
19960922, 0000,  , HU, 32.5N, 139.3E,  75,    0,    0,    0,    0,    0,    0,    0,    0,    0,    0,    0,    0,    0, -999
19960922, 0600,  , HU, 34.9N, 140.9E,  80,    0,    0,    0,    0,    0,    0,    0,    0,    0,    0,    0,    0,    0, -999
19960922, 1200,  , HU, 37.1N, 142.7E,  75,    0,    0,    0,    0,    0,    0,    0,    0,    0,    0,    0,    0,    0, -999
19960922, 1800,  , HU, 39.3N, 144.6E,  70,    0,    0,    0,    0,    0,    0,    0,    0,    0,    0,    0,    0,    0, -999
19960923, 0000,  , HU, 41.5N, 146.7E,  65,    0,    0,    0,    0,    0,    0,    0,    0,    0,    0,    0,    0,    0, -999
19960923, 0600,  , TS, 43.0N, 148.1E,  60,    0,    0,    0,    0,    0,    0,    0,    0,    0,    0,    0,    0,    0, -999
19960923, 1200,  , TS, 44.5N, 149.6E,  55,    0,    0,    0,    0,    0,    0,    0,    0,    0,    0,    0,    0,    0, -999
19960923, 1800,  , TS, 45.8N, 151.1E,  50,    0,    0,    0,    0,    0,    0,    0,    0,    0,    0,    0,    0,    0, -999
19960924, 0000,  , TS, 46.7N, 152.4E,  45,    0,    0,    0,    0,    0,    0,    0,    0,    0,    0,    0,    0,    0, -999
19960924, 0600,  , TS, 47.6N, 154.3E,  40,    0,    0,    0,    0,    0,    0,    0,    0,    0,    0,    0,    0,    0, -999
19960924, 1200,  , TS, 48.4N, 156.2E,  40,    0,    0,    0,    0,    0,    0,    0,    0,    0,    0,    0,    0,    0, -999
19960924, 1800,  , TS, 48.9N, 158.3E,  35,    0,    0,    0,    0,    0,    0,    0,    0,    0,    0,    0,    0,    0, -999
19960925, 0000,  , TS, 49.2N, 160.6E,  35,    0,    0,    0,    0,    0,    0,    0,    0,    0,    0,    0,    0,    0, -999
