WP271997,            UNNAMED,     67,
19971009, 1200,  , LO,  7.0N, 177.0E,  15,    0,    0,    0,    0,    0,    0,    0,    0,    0,    0,    0,    0,    0, -999
19971009, 1800,  , LO,  7.0N, 175.0E,  15,    0,    0,    0,    0,    0,    0,    0,    0,    0,    0,    0,    0,    0, -999
19971010, 0000,  , LO,  7.0N, 173.0E,  15,    0,    0,    0,    0,    0,    0,    0,    0,    0,    0,    0,    0,    0, -999
19971010, 0600,  , LO,  6.9N, 171.0E,  15,    0,    0,    0,    0,    0,    0,    0,    0,    0,    0,    0,    0,    0, -999
19971010, 1200,  , LO,  6.7N, 169.2E,  15,    0,    0,    0,    0,    0,    0,    0,    0,    0,    0,    0,    0,    0, -999
19971010, 1800,  , LO,  6.6N, 167.6E,  15,    0,    0,    0,    0,    0,    0,    0,    0,    0,    0,    0,    0,    0, -999
19971011, 0000,  , LO,  6.6N, 166.2E,  20,    0,    0,    0,    0,    0,    0,    0,    0,    0,    0,    0,    0,    0, -999
19971011, 0600,  , LO,  6.7N, 164.9E,  20,    0,    0,    0,    0,    0,    0,    0,    0,    0,    0,    0,    0,    0, -999
19971011, 1200,  , LO,  7.0N, 163.2E,  20,    0,    0,    0,    0,    0,    0,    0,    0,    0,    0,    0,    0,    0, -999
19971011, 1800,  , LO,  7.6N, 161.6E,  20,    0,    0,    0,    0,    0,    0,    0,    0,    0,    0,    0,    0,    0, -999
19971012, 0000,  , LO,  8.3N, 160.0E,  20,    0,    0,    0,    0,    0,    0,    0,    0,    0,    0,    0,    0,    0, -999
19971012, 0600,  , LO,  9.0N, 158.3E,  20,    0,    0,    0,    0,    0,    0,    0,    0,    0,    0,    0,    0,    0, -999
19971012, 1200,  , LO,  9.5N, 156.8E,  20,    0,    0,    0,    0,    0,    0,    0,    0,    0,    0,    0,    0,    0, -999
19971012, 1800,  , LO,  9.9N, 155.3E,  20,    0,    0,    0,    0,    0,    0,    0,    0,    0,    0,    0,    0,    0, -999
19971013, 0000,  , LO, 10.1N, 154.1E,  20,    0,    0,    0,    0,    0,    0,    0,    0,    0,    0,    0,    0,    0, -999
19971013, 0600,  , LO, 10.4N, 152.8E,  25,    0,    0,    0,    0,    0,    0,    0,    0,    0,    0,    0,    0,    0, -999
19971013, 1200,  , TS, 10.8N, 151.5E,  35,    0,    0,    0,    0,    0,    0,    0,    0,    0,    0,    0,    0,    0, -999
19971013, 1800,  , TS, 11.2N, 150.1E,  40,    0,    0,    0,    0,    0,    0,    0,    0,    0,    0,    0,    0,    0, -999
19971014, 0000,  , TS, 11.6N, 148.6E,  40,    0,    0,    0,    0,    0,    0,    0,    0,    0,    0,    0,    0,    0, -999
19971014, 0600,  , TS, 12.0N, 147.0E,  45,    0,    0,    0,    0,    0,    0,    0,    0,    0,    0,    0,    0,    0, -999
19971014, 1200,  , TS, 12.4N, 145.4E,  50,    0,    0,    0,    0,    0,    0,    0,    0,    0,    0,    0,    0,    0, -999
19971014, 1800,  , TS, 12.7N, 143.8E,  55,    0,    0,    0,    0,    0,    0,    0,    0,    0,    0,    0,    0,    0, -999
19971015, 0000,  , TS, 13.0N, 142.6E,  60,    0,    0,    0,    0,    0,    0,    0,    0,    0,    0,    0,    0,    0, -999
19971015, 0600,  , HU, 13.3N, 141.4E,  65,    0,    0,    0,    0,    0,    0,    0,    0,    0,    0,    0,    0,    0, -999
19971015, 1200,  , HU, 13.7N, 140.0E,  70,    0,    0,    0,    0,    0,    0,    0,    0,    0,    0,    0,    0,    0, -999
19971015, 1800,  , HU, 14.0N, 138.8E,  80,    0,    0,    0,    0,    0,    0,    0,    0,    0,    0,    0,    0,    0, -999
19971016, 0000,  , HU, 14.3N, 137.6E,  85,    0,    0,    0,    0,    0,    0,    0,    0,    0,    0,    0,    0,    0, -999
19971016, 0600,  , HU, 14.4N, 136.1E,  95,    0,    0,    0,    0,    0,    0,    0,    0,    0,    0,    0,    0,    0, -999
19971016, 1200,  , HU, 14.5N, 134.6E, 105,    0,    0,    0,    0,    0,    0,    0,    0,    0,    0,    0,    0,    0, -999
19971016, 1800,  , HU, 14.6N, 133.1E, 120,    0,    0,    0,    0,    0,    0,    0,    0,    0,    0,    0,    0,    0, -999
19971017, 0000,  , HU, 14.5N, 131.7E, 140,    0,    0,    0,    0,    0,    0,    0,    0,    0,    0,    0,    0,    0, -999
19971017, 0600,  , HU, 14.5N, 130.5E, 145,    0,    0,    0,    0,    0,    0,    0,    0,    0,    0,    0,    0,    0, -999
19971017, 1200,  , HU, 14.6N, 129.3E, 155,    0,    0,    0,    0,    0,    0,    0,    0,    0,    0,    0,    0,    0, -999
19971017, 1800,  , HU, 14.6N, 128.3E, 160,    0,    0,    0,    0,    0,    0,    0,    0,    0,    0,    0,    0,    0, -999
19971018, 0000,  , HU, 14.8N, 127.2E, 150,    0,    0,    0,    0,    0,    0,    0,    0,    0,    0,    0,    0,    0, -999
19971018, 0600,  , HU, 15.2N, 126.3E, 145,    0,    0,    0,    0,    0,    0,    0,    0,    0,    0,    0,    0,    0, -999
19971018, 1200,  , HU, 15.6N, 125.4E, 145,    0,    0,    0,    0,    0,    0,    0,    0,    0,    0,    0,    0,    0, -999
19971018, 1800,  , HU, 16.0N, 124.7E, 140,    0,    0,    0,    0,    0,    0,    0,    0,    0,    0,    0,    0,    0, -999
19971019, 0000,  , HU, 16.5N, 124.0E, 140,    0,    0,    0,    0,    0,    0,    0,    0,    0,    0,    0,    0,    0, -999
19971019, 0600,  , HU, 17.1N, 123.4E, 135,    0,    0,    0,    0,    0,    0,    0,    0,    0,    0,    0,    0,    0, -999
19971019, 1200,  , HU, 17.6N, 122.7E, 130,    0,    0,    0,    0,    0,    0,    0,    0,    0,    0,    0,    0,    0, -999
19971019, 1800,  , HU, 18.1N, 122.2E, 120,    0,    0,    0,    0,    0,    0,    0,    0,    0,    0,    0,    0,    0, -999
19971020, 0000,  , HU, 18.4N, 122.0E, 110,    0,    0,    0,    0,    0,    0,    0,    0,    0,    0,    0,    0,    0, -999
19971020, 0600,  , HU, 18.7N, 121.9E, 100,    0,    0,    0,    0,    0,    0,    0,    0,    0,    0,    0,    0,    0, -999
19971020, 1200,  , HU, 19.0N, 121.9E,  90,    0,    0,    0,    0,    0,    0,    0,    0,    0,    0,    0,    0,    0, -999
19971020, 1800,  , HU, 19.3N, 122.3E,  80,    0,    0,    0,    0,    0,    0,    0,    0,    0,    0,    0,    0,    0, -999
19971021, 0000,  , HU, 19.5N, 123.0E,  70,    0,    0,    0,    0,    0,    0,    0,    0,    0,    0,    0,    0,    0, -999
19971021, 0600,  , HU, 19.8N, 123.7E,  65,    0,    0,    0,    0,    0,    0,    0,    0,    0,    0,    0,    0,    0, -999
19971021, 1200,  , TS, 20.1N, 124.6E,  60,    0,    0,    0,    0,    0,    0,    0,    0,    0,    0,    0,    0,    0, -999
19971021, 1800,  , TS, 20.4N, 125.5E,  60,    0,    0,    0,    0,    0,    0,    0,    0,    0,    0,    0,    0,    0, -999
19971022, 0000,  , TS, 20.8N, 126.4E,  60,    0,    0,    0,    0,    0,    0,    0,    0,    0,    0,    0,    0,    0, -999
19971022, 0600,  , TS, 21.4N, 127.1E,  60,    0,    0,    0,    0,    0,    0,    0,    0,    0,    0,    0,    0,    0, -999
19971022, 1200,  , HU, 22.0N, 127.7E,  65,    0,    0,    0,    0,    0,    0,    0,    0,    0,    0,    0,    0,    0, -999
19971022, 1800,  , HU, 22.6N, 128.4E,  65,    0,    0,    0,    0,    0,    0,    0,    0,    0,    0,    0,    0,    0, -999
19971023, 0000,  , TS, 23.2N, 129.2E,  60,    0,    0,    0,    0,    0,    0,    0,    0,    0,    0,    0,    0,    0, -999
19971023, 0600,  , TS, 24.0N, 130.3E,  60,    0,    0,    0,    0,    0,    0,    0,    0,    0,    0,    0,    0,    0, -999
19971023, 1200,  , TS, 24.9N, 131.5E,  60,    0,    0,    0,    0,    0,    0,    0,    0,    0,    0,    0,    0,    0, -999
19971023, 1800,  , TS, 25.6N, 132.7E,  60,    0,    0,    0,    0,    0,    0,    0,    0,    0,    0,    0,    0,    0, -999
19971024, 0000,  , TS, 26.2N, 134.0E,  60,    0,    0,    0,    0,    0,    0,    0,    0,    0,    0,    0,    0,    0, -999
19971024, 0600,  , TS, 26.8N, 135.0E,  60,    0,    0,    0,    0,    0,    0,    0,    0,    0,    0,    0,    0,    0, -999
19971024, 1200,  , TS, 27.5N, 136.3E,  55,    0,    0,    0,    0,    0,    0,    0,    0,    0,    0,    0,    0,    0, -999
19971024, 1800,  , TS, 28.3N, 137.7E,  50,    0,    0,    0,    0,    0,    0,    0,    0,    0,    0,    0,    0,    0, -999
19971025, 0000,  , TS, 28.7N, 139.5E,  45,    0,    0,    0,    0,    0,    0,    0,    0,    0,    0,    0,    0,    0, -999
19971025, 0600,  , TS, 29.0N, 141.3E,  45,    0,    0,    0,    0,    0,    0,    0,    0,    0,    0,    0,    0,    0, -999
19971025, 1200,  , TS, 29.2N, 143.0E,  45,    0,    0,    0,    0,    0,    0,    0,    0,    0,    0,    0,    0,    0, -999
19971025, 1800,  , TS, 29.2N, 144.9E,  45,    0,    0,    0,    0,    0,    0,    0,    0,    0,    0,    0,    0,    0, -999
19971026, 0000,  , TS, 29.2N, 146.9E,  45,    0,    0,    0,    0,    0,    0,    0,    0,    0,    0,    0,    0,    0, -999
