WP271962,            UNNAMED,     45,
19621107, 1800,  , TS,  7.8N, 152.4E,  45,    0,    0,    0,    0,    0,    0,    0,    0,    0,    0,    0,    0,    0, -999
19621108, 0000,  , TS,  8.5N, 152.4E,  60,    0,    0,    0,    0,    0,    0,    0,    0,    0,    0,    0,    0,    0, -999
19621108, 0600,  , HU,  9.2N, 152.5E,  80,    0,    0,    0,    0,    0,    0,    0,    0,    0,    0,    0,    0,    0, -999
19621108, 1200,  , HU,  9.6N, 152.6E, 105,    0,    0,    0,    0,    0,    0,    0,    0,    0,    0,    0,    0,    0, -999
19621108, 1800,  , HU, 10.0N, 152.7E, 125,    0,    0,    0,    0,    0,    0,    0,    0,    0,    0,    0,    0,    0, -999
19621109, 0000,  , HU, 10.4N, 153.1E, 160,    0,    0,    0,    0,    0,    0,    0,    0,    0,    0,    0,    0,    0, -999
19621109, 0600,  , HU, 10.9N, 153.3E, 160,    0,    0,    0,    0,    0,    0,    0,    0,    0,    0,    0,    0,    0, -999
19621109, 1200,  , HU, 11.4N, 153.3E, 155,    0,    0,    0,    0,    0,    0,    0,    0,    0,    0,    0,    0,    0, -999
19621109, 1800,  , HU, 11.6N, 153.2E, 155,    0,    0,    0,    0,    0,    0,    0,    0,    0,    0,    0,    0,    0, -999
19621110, 0000,  , HU, 11.9N, 152.7E, 150,    0,    0,    0,    0,    0,    0,    0,    0,    0,    0,    0,    0,    0, -999
19621110, 0600,  , HU, 12.1N, 152.0E, 150,    0,    0,    0,    0,    0,    0,    0,    0,    0,    0,    0,    0,    0, -999
19621110, 1200,  , HU, 12.3N, 151.0E, 150,    0,    0,    0,    0,    0,    0,    0,    0,    0,    0,    0,    0,    0, -999
19621110, 1800,  , HU, 12.6N, 149.7E, 150,    0,    0,    0,    0,    0,    0,    0,    0,    0,    0,    0,    0,    0, -999
19621111, 0000,  , HU, 13.1N, 148.2E, 150,    0,    0,    0,    0,    0,    0,    0,    0,    0,    0,    0,    0,    0, -999
19621111, 0600,  , HU, 13.4N, 146.8E, 150,    0,    0,    0,    0,    0,    0,    0,    0,    0,    0,    0,    0,    0, -999
19621111, 1200,  , HU, 13.3N, 144.8E, 150,    0,    0,    0,    0,    0,    0,    0,    0,    0,    0,    0,    0,    0, -999
19621111, 1800,  , HU, 13.4N, 143.3E, 150,    0,    0,    0,    0,    0,    0,    0,    0,    0,    0,    0,    0,    0, -999
19621112, 0000,  , HU, 13.9N, 141.7E, 150,    0,    0,    0,    0,    0,    0,    0,    0,    0,    0,    0,    0,    0, -999
19621112, 0600,  , HU, 14.5N, 140.3E, 150,    0,    0,    0,    0,    0,    0,    0,    0,    0,    0,    0,    0,    0, -999
19621112, 1200,  , HU, 14.9N, 138.7E, 150,    0,    0,    0,    0,    0,    0,    0,    0,    0,    0,    0,    0,    0, -999
19621112, 1800,  , HU, 15.2N, 137.3E, 150,    0,    0,    0,    0,    0,    0,    0,    0,    0,    0,    0,    0,    0, -999
19621113, 0000,  , HU, 15.5N, 135.7E, 160,    0,    0,    0,    0,    0,    0,    0,    0,    0,    0,    0,    0,    0, -999
19621113, 0600,  , HU, 16.1N, 134.3E, 160,    0,    0,    0,    0,    0,    0,    0,    0,    0,    0,    0,    0,    0, -999
19621113, 1200,  , HU, 17.0N, 133.0E, 150,    0,    0,    0,    0,    0,    0,    0,    0,    0,    0,    0,    0,    0, -999
19621113, 1800,  , HU, 17.8N, 131.7E, 150,    0,    0,    0,    0,    0,    0,    0,    0,    0,    0,    0,    0,    0, -999
19621114, 0000,  , HU, 18.3N, 130.1E, 140,    0,    0,    0,    0,    0,    0,    0,    0,    0,    0,    0,    0,    0, -999
19621114, 0600,  , HU, 19.1N, 129.2E, 140,    0,    0,    0,    0,    0,    0,    0,    0,    0,    0,    0,    0,    0, -999
19621114, 1200,  , HU, 19.9N, 128.9E, 130,    0,    0,    0,    0,    0,    0,    0,    0,    0,    0,    0,    0,    0, -999
19621114, 1800,  , HU, 20.9N, 128.6E, 120,    0,    0,    0,    0,    0,    0,    0,    0,    0,    0,    0,    0,    0, -999
19621115, 0000,  , HU, 22.0N, 128.7E, 110,    0,    0,    0,    0,    0,    0,    0,    0,    0,    0,    0,    0,    0, -999
19621115, 0600,  , HU, 23.1N, 128.9E, 110,    0,    0,    0,    0,    0,    0,    0,    0,    0,    0,    0,    0,    0, -999
19621115, 1200,  , HU, 24.7N, 129.7E, 100,    0,    0,    0,    0,    0,    0,    0,    0,    0,    0,    0,    0,    0, -999
19621115, 1800,  , HU, 26.3N, 131.3E, 100,    0,    0,    0,    0,    0,    0,    0,    0,    0,    0,    0,    0,    0, -999
19621116, 0000,  , HU, 27.9N, 133.4E,  90,    0,    0,    0,    0,    0,    0,    0,    0,    0,    0,    0,    0,    0, -999
19621116, 0600,  , HU, 29.2N, 135.7E,  90,    0,    0,    0,    0,    0,    0,    0,    0,    0,    0,    0,    0,    0, -999
19621116, 1200,  , HU, 30.3N, 138.4E,  80,    0,    0,    0,    0,    0,    0,    0,    0,    0,    0,    0,    0,    0, -999
19621116, 1800,  , HU, 31.2N, 141.3E,  80,    0,    0,    0,    0,    0,    0,    0,    0,    0,    0,    0,    0,    0, -999
19621117, 0000,  , HU, 31.8N, 144.9E,  70,    0,    0,    0,    0,    0,    0,    0,    0,    0,    0,    0,    0,    0, -999
19621117, 0600,  , HU, 32.5N, 149.5E,  70,    0,    0,    0,    0,    0,    0,    0,    0,    0,    0,    0,    0,    0, -999
19621117, 1200,  , TS, 32.8N, 155.0E,  60,    0,    0,    0,    0,    0,    0,    0,    0,    0,    0,    0,    0,    0, -999
19621117, 1800,  , TS, 32.8N, 161.2E,  60,    0,    0,    0,    0,    0,    0,    0,    0,    0,    0,    0,    0,    0, -999
19621118, 0000,  , TS, 33.1N, 167.8E,  55,    0,    0,    0,    0,    0,    0,    0,    0,    0,    0,    0,    0,    0, -999
19621118, 0600,  , TS, 35.0N, 175.0E,  45,    0,    0,    0,    0,    0,    0,    0,    0,    0,    0,    0,    0,    0, -999
19621118, 1200,  , TS, 35.5N, 177.0W,  40,    0,    0,    0,    0,    0,    0,    0,    0,    0,    0,    0,    0,    0, -999
19621118, 1800,  , TS, 36.5N, 170.0W,  35,    0,    0,    0,    0,    0,    0,    0,    0,    0,    0,    0,    0,    0, -999
