WP272001,            UNNAMED,     30,
20011105, 0600,  , TD,  9.8N, 130.4E,  20, 1004,    0,    0,    0,    0,    0,    0,    0,    0,    0,    0,    0,    0, -999
20011105, 1200,  , TD,  9.9N, 129.7E,  20, 1004,    0,    0,    0,    0,    0,    0,    0,    0,    0,    0,    0,    0, -999
20011105, 1800,  , TD,  9.9N, 128.7E,  25, 1004,    0,    0,    0,    0,    0,    0,    0,    0,    0,    0,    0,    0, -999
20011106, 0000,  , TD, 10.0N, 127.7E,  25, 1003,    0,    0,    0,    0,    0,    0,    0,    0,    0,    0,    0,    0, -999
20011106, 0600,  , TD, 10.3N, 126.8E,  25, 1002,    0,    0,    0,    0,    0,    0,    0,    0,    0,    0,    0,    0, -999
20011106, 1200,  , TD, 10.6N, 125.9E,  30, 1000,    0,    0,    0,    0,    0,    0,    0,    0,    0,    0,    0,    0, -999
20011106, 1800,  , TD, 10.7N, 125.0E,  30, 1000,    0,    0,    0,    0,    0,    0,    0,    0,    0,    0,    0,    0, -999
20011107, 0000,  , TS, 10.8N, 124.2E,  35,  997,    0,    0,    0,    0,    0,    0,    0,    0,    0,    0,    0,    0, -999
20011107, 0600,  , TS, 10.8N, 123.6E,  40,  994,    0,    0,    0,    0,    0,    0,    0,    0,    0,    0,    0,    0, -999
20011107, 1200,  , TS, 11.0N, 123.1E,  35,  997,    0,    0,    0,    0,    0,    0,    0,    0,    0,    0,    0,    0, -999
20011107, 1800,  , TS, 11.2N, 122.7E,  40,  994,    0,    0,    0,    0,    0,    0,    0,    0,    0,    0,    0,    0, -999
20011108, 0000,  , TS, 11.4N, 122.2E,  45,  991,    0,    0,    0,    0,    0,    0,    0,    0,    0,    0,    0,    0, -999
20011108, 0600,  , TS, 11.8N, 121.5E,  45,  991,    0,    0,    0,    0,    0,    0,    0,    0,    0,    0,    0,    0, -999
20011108, 1200,  , TS, 12.1N, 120.8E,  55,  984,    0,    0,    0,    0,    0,    0,    0,    0,    0,    0,    0,    0, -999
20011108, 1800,  , TS, 12.4N, 119.8E,  55,  984,    0,    0,    0,    0,    0,    0,    0,    0,    0,    0,    0,    0, -999
20011109, 0000,  , HU, 12.6N, 118.8E,  65,  976,    0,    0,    0,    0,    0,    0,    0,    0,    0,    0,    0,    0, -999
20011109, 0600,  , HU, 12.9N, 117.8E,  70,  972,    0,    0,    0,    0,    0,    0,    0,    0,    0,    0,    0,    0, -999
20011109, 1200,  , HU, 13.1N, 116.9E,  80,  963,    0,    0,    0,    0,    0,    0,    0,    0,    0,    0,    0,    0, -999
20011109, 1800,  , HU, 13.4N, 116.0E,  90,  954,    0,    0,    0,    0,    0,    0,    0,    0,    0,    0,    0,    0, -999
20011110, 0000,  , HU, 13.4N, 115.3E, 100,  944,    0,    0,    0,    0,    0,    0,    0,    0,    0,    0,    0,    0, -999
20011110, 0600,  , HU, 13.5N, 114.8E, 110,  933,    0,    0,    0,    0,    0,    0,    0,    0,    0,    0,    0,    0, -999
20011110, 1200,  , HU, 13.5N, 114.0E, 115,  927,    0,    0,    0,    0,    0,    0,    0,    0,    0,    0,    0,    0, -999
20011110, 1800,  , HU, 13.6N, 113.3E, 115,  927,    0,    0,    0,    0,    0,    0,    0,    0,    0,    0,    0,    0, -999
20011111, 0000,  , HU, 13.6N, 112.4E, 115,  927,    0,    0,    0,    0,    0,    0,    0,    0,    0,    0,    0,    0, -999
20011111, 0600,  , HU, 13.5N, 111.6E, 110,  933,    0,    0,    0,    0,    0,    0,    0,    0,    0,    0,    0,    0, -999
20011111, 1200,  , HU, 13.5N, 110.5E, 100,  944,    0,    0,    0,    0,    0,    0,    0,    0,    0,    0,    0,    0, -999
20011111, 1800,  , HU, 13.6N, 109.4E,  95,  949,    0,    0,    0,    0,    0,    0,    0,    0,    0,    0,    0,    0, -999
20011112, 0000,  , TS, 13.6N, 108.3E,  60,  980,    0,    0,    0,    0,    0,    0,    0,    0,    0,    0,    0,    0, -999
20011112, 0600,  , TS, 13.5N, 107.3E,  45,  991,    0,    0,    0,    0,    0,    0,    0,    0,    0,    0,    0,    0, -999
20011112, 1200,  , TD, 13.3N, 106.4E,  25, 1002,    0,    0,    0,    0,    0,    0,    0,    0,    0,    0,    0,    0, -999
