WP272004,            UNNAMED,     43,
20041010, 0600,  , DB,  7.2N, 157.0E,  15, 1006,    0,    0,    0,    0,    0,    0,    0,    0,    0,    0,    0,    0, -999
20041010, 1200,  , DB,  8.2N, 156.3E,  15, 1006,    0,    0,    0,    0,    0,    0,    0,    0,    0,    0,    0,    0, -999
20041010, 1800,  , DB,  9.2N, 155.6E,  15, 1006,    0,    0,    0,    0,    0,    0,    0,    0,    0,    0,    0,    0, -999
20041011, 0000,  , DB, 10.4N, 154.8E,  15, 1006,    0,    0,    0,    0,    0,    0,    0,    0,    0,    0,    0,    0, -999
20041011, 0600,  , DB, 11.4N, 153.7E,  15, 1006,    0,    0,    0,    0,    0,    0,    0,    0,    0,    0,    0,    0, -999
20041011, 1200,  , DB, 11.7N, 152.5E,  20, 1004,    0,    0,    0,    0,    0,    0,    0,    0,    0,    0,    0,    0, -999
20041011, 1800,  , TD, 12.0N, 151.5E,  25, 1002,    0,    0,    0,    0,    0,    0,    0,    0,    0,    0,    0,    0, -999
20041012, 0000,  , TD, 12.3N, 150.5E,  25, 1002,    0,    0,    0,    0,    0,    0,    0,    0,    0,    0,    0,    0, -999
20041012, 0600,  , DB, 13.0N, 149.4E,  25, 1002,    0,    0,    0,    0,    0,    0,    0,    0,    0,    0,    0,    0, -999
20041012, 1200,  , TD, 13.6N, 147.5E,  30, 1000,    0,    0,    0,    0,    0,    0,    0,    0,    0,    0,    0,    0, -999
20041012, 1800,  , TS, 14.0N, 145.5E,  35,  997,    0,    0,    0,    0,    0,    0,    0,    0,    0,    0,    0,    0, -999
20041013, 0000,  , TS, 14.3N, 143.8E,  45,  991,  120,  100,  120,  150,    0,    0,    0,    0,    0,    0,    0,    0, -999
20041013, 0600,  , TS, 14.2N, 142.0E,  55,  984,  100,  100,  140,  140,    0,    0,    0,    0,    0,    0,    0,    0, -999
20041013, 1200,  , HU, 14.2N, 140.4E,  65,  976,  110,  100,  140,  160,   10,   10,   10,   10,    0,    0,    0,    0, -999
20041013, 1800,  , HU, 13.9N, 139.0E,  75,  967,  120,  150,  150,  180,   40,   40,   40,   40,   25,   25,   25,   25, -999
20041014, 0000,  , HU, 13.6N, 138.1E,  75,  967,  120,  150,  180,  180,   40,   40,   40,   40,   25,   25,   25,   25, -999
20041014, 0600,  , HU, 13.8N, 137.4E,  80,  963,  120,  150,  180,  180,   40,   40,   40,   40,   25,   25,   25,   25, -999
20041014, 1200,  , HU, 14.0N, 136.6E,  85,  958,  135,  145,  170,  155,   40,   40,   40,   40,   25,   25,   25,   25, -999
20041014, 1800,  , HU, 14.3N, 136.0E,  90,  954,  135,  145,  180,  180,   40,   40,   40,   40,   25,   25,   25,   25, -999
20041015, 0000,  , HU, 14.7N, 135.5E, 100,  944,  135,  160,  180,  180,   40,   40,   40,   40,   25,   25,   25,   25, -999
20041015, 0600,  , HU, 15.1N, 135.0E, 100,  944,  135,  160,  180,  180,   40,   40,   40,   40,   25,   25,   25,   25, -999
20041015, 1200,  , HU, 15.5N, 134.4E, 100,  944,  135,  180,  140,  170,   45,   45,   45,   45,   25,   25,   25,   25, -999
20041015, 1800,  , HU, 16.1N, 134.0E, 100,  944,  120,  150,  180,  150,   45,   45,   60,   45,   25,   25,   25,   25, -999
20041016, 0000,  , HU, 16.8N, 134.1E, 105,  938,  120,  150,  200,  120,   45,   60,   75,   45,   25,   25,   25,   25, -999
20041016, 0600,  , HU, 17.7N, 134.0E, 110,  933,  140,  140,  200,  140,   55,   55,   75,   55,   30,   30,   30,   30, -999
20041016, 1200,  , HU, 18.2N, 133.2E, 120,  922,  140,  140,  180,  140,   55,   55,   75,   55,   30,   30,   30,   30, -999
20041016, 1800,  , HU, 18.6N, 132.4E, 120,  922,  150,  180,  200,  130,   45,   45,   80,   60,   25,   25,   45,   45, -999
20041017, 0000,  , HU, 19.4N, 131.8E, 125,  916,  180,  200,  180,  180,   80,  100,   80,   80,   30,   50,   50,   30, -999
20041017, 0600,  , HU, 19.7N, 130.9E, 120,  922,  180,  200,  180,  180,   80,  100,   80,   80,   40,   50,   40,   40, -999
20041017, 1200,  , HU, 20.1N, 130.0E, 115,  927,  180,  200,  180,  180,   80,  100,   80,   80,   40,   50,   40,   40, -999
20041017, 1800,  , HU, 20.8N, 129.1E, 115,  927,  200,  200,  200,  200,  120,  120,   80,  100,   80,   80,   50,   60, -999
20041018, 0000,  , HU, 21.7N, 128.2E, 105,  938,  200,  200,  200,  200,   90,   90,  110,   90,   50,   50,   60,   50, -999
20041018, 0600,  , HU, 22.2N, 127.4E,  95,  949,  160,  180,  210,  160,   80,   90,  100,   80,   40,   50,   40,   40, -999
20041018, 1200,  , HU, 23.0N, 126.9E,  95,  949,  100,  170,  220,  120,   70,   80,  120,   70,   35,   40,   50,   35, -999
20041018, 1800,  , HU, 23.8N, 126.9E,  90,  954,  120,  170,  220,  100,   70,   80,  120,   70,   35,   40,   50,   35, -999
20041019, 0000,  , HU, 24.8N, 127.2E,  80,  963,  140,  170,  220,  120,   80,   80,  120,   70,   35,   40,   50,   35, -999
20041019, 0600,  , HU, 26.0N, 128.0E,  80,  963,  180,  170,  160,  120,   80,   75,   70,   50,   40,   40,   40,   25, -999
20041019, 1200,  , HU, 27.4N, 128.9E,  70,  972,  180,  170,  160,  120,   80,   75,   70,   50,   40,   40,   40,   25, -999
20041019, 1800,  , HU, 28.9N, 130.4E,  70,  972,  180,  180,  100,  120,   70,   70,   70,   70,   30,   30,   30,   30, -999
20041020, 0000,  , HU, 31.1N, 131.8E,  65,  976,  200,  180,   90,   90,   40,   40,   30,   30,    0,    0,    0,    0, -999
20041020, 0600,  , TS, 33.2N, 133.5E,  55,  984,  200,  150,   90,   90,   40,   40,   30,   30,    0,    0,    0,    0, -999
20041020, 1200,  , TS, 35.9N, 136.7E,  50,  987,  150,  100,   80,   80,    0,    0,    0,    0,    0,    0,    0,    0, -999
20041020, 1800,  , EX, 37.3N, 141.1E,  40,  994,    0,    0,    0,    0,    0,    0,    0,    0,    0,    0,    0,    0, -999
