WP272016,              MA-ON,     13,
20161108, 0600,  , DB, 11.3N, 162.6E,  20, 1007,    0,    0,    0,    0,    0,    0,    0,    0,    0,    0,    0,    0, -999
20161108, 1200,  , DB, 12.3N, 161.6E,  20, 1007,    0,    0,    0,    0,    0,    0,    0,    0,    0,    0,    0,    0, -999
20161108, 1800,  , DB, 12.9N, 160.9E,  20, 1007,    0,    0,    0,    0,    0,    0,    0,    0,    0,    0,    0,    0, -999
20161109, 0000,  , DB, 13.5N, 160.4E,  20, 1007,    0,    0,    0,    0,    0,    0,    0,    0,    0,    0,    0,    0, -999
20161109, 0600,  , TD, 14.3N, 159.6E,  30, 1000,    0,    0,    0,    0,    0,    0,    0,    0,    0,    0,    0,    0, -999
20161109, 1200,  , TS, 15.5N, 158.4E,  35,  996,   50,   30,   10,   30,    0,    0,    0,    0,    0,    0,    0,    0, -999
20161109, 1800,  , TS, 16.3N, 157.5E,  35,  996,   50,   30,   30,   30,    0,    0,    0,    0,    0,    0,    0,    0, -999
20161110, 0000,  , TS, 16.8N, 156.7E,  35,  996,   50,   30,   30,   30,    0,    0,    0,    0,    0,    0,    0,    0, -999
20161110, 0600,  , TD, 17.2N, 155.4E,  30, 1000,    0,    0,    0,    0,    0,    0,    0,    0,    0,    0,    0,    0, -999
20161110, 1200,  , TD, 17.5N, 154.3E,  30, 1000,    0,    0,    0,    0,    0,    0,    0,    0,    0,    0,    0,    0, -999
20161110, 1800,  , TD, 18.0N, 153.0E,  30, 1000,    0,    0,    0,    0,    0,    0,    0,    0,    0,    0,    0,    0, -999
20161111, 0000,  , XX, 18.6N, 151.8E,  30, 1000,    0,    0,    0,    0,    0,    0,    0,    0,    0,    0,    0,    0, -999
20161111, 0600,  , XX, 19.3N, 150.3E,  25, 1004,    0,    0,    0,    0,    0,    0,    0,    0,    0,    0,    0,    0, -999
