WP282016,         TWENTYEIGH,      9,
20161109, 1800,  , DB, 10.6N, 171.0E,  15, 1010,    0,    0,    0,    0,    0,    0,    0,    0,    0,    0,    0,    0, -999
20161110, 0000,  , DB, 10.8N, 170.0E,  20, 1009,    0,    0,    0,    0,    0,    0,    0,    0,    0,    0,    0,    0, -999
20161110, 0600,  , DB, 10.8N, 168.6E,  20, 1009,    0,    0,    0,    0,    0,    0,    0,    0,    0,    0,    0,    0, -999
20161110, 1200,  , DB, 10.3N, 167.1E,  20, 1007,    0,    0,    0,    0,    0,    0,    0,    0,    0,    0,    0,    0, -999
20161110, 1800,  , TD, 10.0N, 165.8E,  25, 1004,    0,    0,    0,    0,    0,    0,    0,    0,    0,    0,    0,    0, -999
20161111, 0000,  , TD,  9.8N, 163.7E,  25, 1004,    0,    0,    0,    0,    0,    0,    0,    0,    0,    0,    0,    0, -999
20161111, 0600,  , DB,  9.5N, 162.5E,  20, 1007,    0,    0,    0,    0,    0,    0,    0,    0,    0,    0,    0,    0, -999
20161111, 1200,  , XX,  9.1N, 160.8E,  20, 1007,    0,    0,    0,    0,    0,    0,    0,    0,    0,    0,    0,    0, -999
20161111, 1800,  , XX,  9.0N, 159.2E,  20, 1007,    0,    0,    0,    0,    0,    0,    0,    0,    0,    0,    0,    0, -999
