WP282000,            UNNAMED,     33,
20001006, 1800,  , TD, 10.8N, 110.5E,  30,    0,    0,    0,    0,    0,    0,    0,    0,    0,    0,    0,    0,    0, -999
20001007, 0000,  , TD, 10.7N, 110.7E,  30,    0,    0,    0,    0,    0,    0,    0,    0,    0,    0,    0,    0,    0, -999
20001007, 0600,  , TD, 10.7N, 110.9E,  30,    0,    0,    0,    0,    0,    0,    0,    0,    0,    0,    0,    0,    0, -999
20001007, 1200,  , TD, 10.7N, 111.2E,  30,    0,    0,    0,    0,    0,    0,    0,    0,    0,    0,    0,    0,    0, -999
20001007, 1800,  , TD, 10.8N, 111.5E,  30,    0,    0,    0,    0,    0,    0,    0,    0,    0,    0,    0,    0,    0, -999
20001008, 0000,  , TD, 10.9N, 111.7E,  30,    0,    0,    0,    0,    0,    0,    0,    0,    0,    0,    0,    0,    0, -999
20001008, 0600,  , TS, 11.0N, 112.0E,  35,    0,    0,    0,    0,    0,    0,    0,    0,    0,    0,    0,    0,    0, -999
20001008, 1200,  , TS, 11.2N, 112.3E,  35,    0,    0,    0,    0,    0,    0,    0,    0,    0,    0,    0,    0,    0, -999
20001008, 1800,  , TS, 11.5N, 112.2E,  40,    0,    0,    0,    0,    0,    0,    0,    0,    0,    0,    0,    0,    0, -999
20001009, 0000,  , TS, 11.8N, 111.8E,  40,    0,    0,    0,    0,    0,    0,    0,    0,    0,    0,    0,    0,    0, -999
20001009, 0600,  , TS, 12.2N, 111.6E,  40,    0,    0,    0,    0,    0,    0,    0,    0,    0,    0,    0,    0,    0, -999
20001009, 1200,  , TS, 12.5N, 111.3E,  40,    0,    0,    0,    0,    0,    0,    0,    0,    0,    0,    0,    0,    0, -999
20001009, 1800,  , TS, 12.7N, 110.9E,  40,    0,    0,    0,    0,    0,    0,    0,    0,    0,    0,    0,    0,    0, -999
20001010, 0000,  , TD, 12.8N, 110.6E,  30,    0,    0,    0,    0,    0,    0,    0,    0,    0,    0,    0,    0,    0, -999
20001010, 0600,  , TD, 13.2N, 110.5E,  30,    0,    0,    0,    0,    0,    0,    0,    0,    0,    0,    0,    0,    0, -999
20001010, 1200,  , TD, 13.3N, 110.6E,  25,    0,    0,    0,    0,    0,    0,    0,    0,    0,    0,    0,    0,    0, -999
20001010, 1800,  , TD, 13.4N, 110.7E,  25,    0,    0,    0,    0,    0,    0,    0,    0,    0,    0,    0,    0,    0, -999
20001011, 0000,  , TD, 13.7N, 111.0E,  25,    0,    0,    0,    0,    0,    0,    0,    0,    0,    0,    0,    0,    0, -999
20001011, 0600,  , TD, 13.9N, 111.5E,  25,    0,    0,    0,    0,    0,    0,    0,    0,    0,    0,    0,    0,    0, -999
20001011, 1200,  , TD, 14.3N, 111.8E,  25,    0,    0,    0,    0,    0,    0,    0,    0,    0,    0,    0,    0,    0, -999
20001011, 1800,  , TD, 14.5N, 112.1E,  25,    0,    0,    0,    0,    0,    0,    0,    0,    0,    0,    0,    0,    0, -999
20001012, 0000,  , TD, 15.1N, 112.5E,  30,    0,    0,    0,    0,    0,    0,    0,    0,    0,    0,    0,    0,    0, -999
20001012, 0600,  , TD, 15.7N, 112.7E,  30,    0,    0,    0,    0,    0,    0,    0,    0,    0,    0,    0,    0,    0, -999
20001012, 1200,  , TD, 16.6N, 112.9E,  30,    0,    0,    0,    0,    0,    0,    0,    0,    0,    0,    0,    0,    0, -999
20001012, 1800,  , TD, 17.3N, 113.0E,  30,    0,    0,    0,    0,    0,    0,    0,    0,    0,    0,    0,    0,    0, -999
20001013, 0000,  , TS, 17.6N, 112.5E,  35,    0,    0,    0,    0,    0,    0,    0,    0,    0,    0,    0,    0,    0, -999
20001013, 0600,  , TS, 17.6N, 111.7E,  35,    0,    0,    0,    0,    0,    0,    0,    0,    0,    0,    0,    0,    0, -999
20001013, 1200,  , TD, 17.6N, 111.1E,  25,    0,    0,    0,    0,    0,    0,    0,    0,    0,    0,    0,    0,    0, -999
20001013, 1800,  , TD, 17.5N, 110.7E,  20,    0,    0,    0,    0,    0,    0,    0,    0,    0,    0,    0,    0,    0, -999
20001014, 0000,  , TD, 17.5N, 110.4E,  20,    0,    0,    0,    0,    0,    0,    0,    0,    0,    0,    0,    0,    0, -999
20001014, 0600,  , TD, 17.4N, 110.0E,  20,    0,    0,    0,    0,    0,    0,    0,    0,    0,    0,    0,    0,    0, -999
20001014, 1200,  , TD, 17.4N, 109.7E,  20,    0,    0,    0,    0,    0,    0,    0,    0,    0,    0,    0,    0,    0, -999
20001014, 1800,  , TD, 17.4N, 109.5E,  20,    0,    0,    0,    0,    0,    0,    0,    0,    0,    0,    0,    0,    0, -999
