WP282018,              TRAMI,     44,
20180920, 0600,  , DB, 12.9N, 146.2E,  20, 1002,    0,    0,    0,    0,    0,    0,    0,    0,    0,    0,    0,    0, -999
20180920, 1200,  , DB, 13.3N, 145.6E,  20, 1002,    0,    0,    0,    0,    0,    0,    0,    0,    0,    0,    0,    0, -999
20180920, 1800,  , TD, 13.8N, 145.1E,  25, 1003,    0,    0,    0,    0,    0,    0,    0,    0,    0,    0,    0,    0, -999
20180921, 0000,  , TD, 14.4N, 144.3E,  30, 1003,    0,    0,    0,    0,    0,    0,    0,    0,    0,    0,    0,    0, -999
20180921, 0600,  , TS, 14.9N, 143.4E,  35, 1001,   80,   50,   40,   60,    0,    0,    0,    0,    0,    0,    0,    0, -999
20180921, 1200,  , TS, 15.4N, 142.4E,  40, 1000,  110,   60,   40,   80,    0,    0,    0,    0,    0,    0,    0,    0, -999
20180921, 1800,  , TS, 15.8N, 141.4E,  45,  996,  130,   70,   50,   90,    0,    0,    0,    0,    0,    0,    0,    0, -999
20180922, 0000,  , TS, 16.2N, 140.3E,  50,  994,  140,   70,   60,  100,   74,   29,   23,   48,    0,    0,    0,    0, -999
20180922, 0600,  , TS, 16.7N, 138.9E,  55,  992,  150,   70,   70,  110,   80,   30,   30,   55,    0,    0,    0,    0, -999
20180922, 1200,  , TS, 16.8N, 137.5E,  60,  989,  155,   80,   80,  120,   84,   36,   36,   62,    0,    0,    0,    0, -999
20180922, 1800,  , HU, 16.8N, 136.3E,  70,  982,  160,   80,   90,  130,   87,   37,   43,   68,   46,   18,   22,   36, -999
20180923, 0000,  , HU, 16.9N, 135.1E,  80,  975,  160,   90,  100,  140,   88,   44,   50,   75,   47,   22,   26,   40, -999
20180923, 0600,  , HU, 17.3N, 134.2E, 100,  958,  160,  100,  120,  150,   89,   51,   64,   83,   48,   27,   34,   44, -999
20180923, 1200,  , HU, 17.5N, 133.3E, 115,  944,  170,  120,  130,  160,   96,   64,   71,   90,   52,   34,   38,   48, -999
20180923, 1800,  , HU, 18.0N, 132.2E, 120,  938,  170,  130,  130,  170,   96,   71,   71,   96,   52,   38,   38,   52, -999
20180924, 0000,  , HU, 18.5N, 131.2E, 125,  933,  180,  150,  130,  180,  103,   84,   71,  103,   56,   45,   38,   56, -999
20180924, 0600,  , XX, 18.9N, 130.5E, 130,  927,  190,  160,  140,  180,  109,   90,   78,  103,   59,   49,   42,   56, -999
20180924, 1200,  , XX, 19.3N, 129.7E, 135,  920,  190,  170,  150,  180,  110,   97,   84,  103,   60,   53,   46,   56, -999
20180924, 1800,  , XX, 19.5N, 129.0E, 140,  914,  200,  170,  160,  180,  116,   97,   91,  104,   63,   53,   49,   56, -999
20180925, 0000,  , XX, 19.6N, 128.8E, 135,  919,  210,  180,  170,  190,  122,  103,   97,  110,   67,   56,   53,   60, -999
20180925, 0600,  , XX, 19.8N, 128.9E, 130,  921,  210,  180,  170,  190,  122,  103,   97,  109,   66,   56,   52,   59, -999
20180925, 1200,  , HU, 20.0N, 128.9E, 120,  930,  210,  190,  180,  200,  121,  109,  102,  115,   66,   59,   56,   63, -999
20180925, 1800,  , HU, 20.3N, 128.9E, 110,  943,  210,  190,  180,  200,  121,  108,  102,  115,   66,   59,   55,   62, -999
20180926, 0000,  , HU, 20.6N, 129.0E, 110,  942,  210,  200,  180,  200,  121,  115,  102,  115,   66,   62,   55,   62, -999
20180926, 0600,  , HU, 21.0N, 129.2E,  95,  952,  210,  200,  180,  200,  120,  114,  101,  114,   65,   62,   55,   62, -999
20180926, 1200,  , HU, 21.2N, 129.2E,  90,  954,  210,  200,  180,  200,  120,  113,  101,  113,   65,   61,   54,   61, -999
20180926, 1800,  , HU, 21.4N, 129.2E,  90,  953,  210,  200,  190,  200,  120,  113,  107,  113,   65,   61,   58,   61, -999
20180927, 0000,  , HU, 21.5N, 129.2E,  90,  955,  210,  200,  190,  200,  120,  113,  107,  113,   65,   61,   58,   61, -999
20180927, 0600,  , HU, 21.7N, 129.1E,  90,  952,  220,  200,  190,  200,  126,  113,  107,  113,   68,   61,   58,   61, -999
20180927, 1200,  , HU, 22.0N, 128.8E,  90,  951,  220,  200,  190,  210,  126,  113,  107,  120,   68,   61,   58,   65, -999
20180927, 1800,  , HU, 22.3N, 128.4E,  90,  953,  230,  200,  190,  220,  132,  113,  107,  126,   72,   61,   58,   68, -999
20180928, 0000,  , HU, 22.6N, 127.9E,  95,  951,  240,  210,  200,  230,  139,  120,  114,  133,   76,   65,   62,   72, -999
20180928, 0600,  , HU, 23.1N, 127.4E,  95,  949,  250,  220,  200,  230,  145,  126,  114,  133,   79,   69,   62,   72, -999
20180928, 1200,  , HU, 23.8N, 127.0E,  95,  949,  260,  230,  200,  230,  152,  133,  114,  133,   83,   72,   62,   72, -999
20180928, 1800,  , HU, 24.7N, 126.7E,  95,  951,  260,  230,  200,  230,  152,  133,  114,  133,   83,   72,   62,   72, -999
20180929, 0000,  , HU, 25.5N, 126.7E,  90,  954,  270,  240,  210,  240,  158,  139,  120,  139,   86,   75,   65,   75, -999
20180929, 0600,  , HU, 26.5N, 127.4E,  90,  952,  270,  240,  220,  240,  158,  139,  126,  139,   86,   75,   68,   75, -999
20180929, 1200,  , HU, 27.9N, 128.3E,  90,  953,  270,  250,  230,  250,  158,  145,  132,  145,   86,   79,   72,   79, -999
20180929, 1800,  , HU, 29.2N, 129.5E,  85,  957,  270,  250,  230,  260,  157,  145,  132,  151,   86,   79,   72,   82, -999
20180930, 0000,  , HU, 30.6N, 131.1E,  80,  959,  250,  250,  230,  280,  144,  144,  132,  163,   78,   78,   71,   89, -999
20180930, 0600,  , HU, 32.1N, 133.2E,  75,  960,  240,  260,  240,  270,  138,  151,  138,  157,   75,   82,   75,   85, -999
20180930, 1200,  , EX, 34.2N, 136.0E,  70,  959,  220,  260,  290,  220,  125,  150,  169,  125,   67,   81,   92,   67, -999
20180930, 1800,  , EX, 37.8N, 140.6E,  60,  964,  200,  270,  270,  200,  112,  156,  156,  112,    0,    0,    0,    0, -999
20181001, 0000,  , EX, 41.4N, 144.2E,  55,  967,  220,  300,  270,  200,  124,  175,  156,  112,    0,    0,    0,    0, -999
