WP282004,            UNNAMED,     52,
20041013, 1800,  , DB,  8.5N, 163.5E,  20, 1004,    0,    0,    0,    0,    0,    0,    0,    0,    0,    0,    0,    0, -999
20041014, 0000,  , TD,  9.2N, 162.4E,  25, 1002,    0,    0,    0,    0,    0,    0,    0,    0,    0,    0,    0,    0, -999
20041014, 0600,  , TD, 10.1N, 161.4E,  30, 1000,    0,    0,    0,    0,    0,    0,    0,    0,    0,    0,    0,    0, -999
20041014, 1200,  , TD, 10.6N, 160.5E,  30, 1000,    0,    0,    0,    0,    0,    0,    0,    0,    0,    0,    0,    0, -999
20041014, 1800,  , TD, 11.1N, 160.0E,  30, 1000,    0,    0,    0,    0,    0,    0,    0,    0,    0,    0,    0,    0, -999
20041015, 0000,  , TD, 11.6N, 160.1E,  30, 1000,    0,    0,    0,    0,    0,    0,    0,    0,    0,    0,    0,    0, -999
20041015, 0600,  , TD, 11.5N, 159.5E,  30, 1000,    0,    0,    0,    0,    0,    0,    0,    0,    0,    0,    0,    0, -999
20041015, 1200,  , TD, 11.4N, 158.8E,  30, 1000,    0,    0,    0,    0,    0,    0,    0,    0,    0,    0,    0,    0, -999
20041015, 1800,  , TD, 11.1N, 158.1E,  30, 1000,    0,    0,    0,    0,    0,    0,    0,    0,    0,    0,    0,    0, -999
20041016, 0000,  , TD, 11.1N, 157.4E,  30, 1000,    0,    0,    0,    0,    0,    0,    0,    0,    0,    0,    0,    0, -999
20041016, 0600,  , TS, 11.0N, 156.5E,  35,  997,    0,    0,    0,    0,    0,    0,    0,    0,    0,    0,    0,    0, -999
20041016, 1200,  , TS, 10.9N, 155.6E,  40,  994,   50,   50,   50,   50,    0,    0,    0,    0,    0,    0,    0,    0, -999
20041016, 1800,  , TS, 10.8N, 155.0E,  45,  991,   80,   80,   80,   80,    0,    0,    0,    0,    0,    0,    0,    0, -999
20041017, 0000,  , TS, 10.8N, 154.4E,  50,  987,   80,  120,  120,  120,   30,   40,   40,   40,    0,    0,    0,    0, -999
20041017, 0600,  , TS, 10.8N, 153.9E,  55,  984,   80,  120,  120,  120,   30,   40,   40,   40,    0,    0,    0,    0, -999
20041017, 1200,  , HU, 10.7N, 153.3E,  65,  976,   80,   80,  120,  120,   30,   30,   40,   40,    0,    0,    0,    0, -999
20041017, 1800,  , HU, 10.5N, 152.8E,  65,  976,  110,  140,  130,  130,   50,   50,   50,   50,    0,    0,    0,    0, -999
20041018, 0000,  , HU, 10.4N, 152.3E,  65,  976,  120,  130,  150,  120,   60,   60,   60,   60,   25,   25,   25,   25, -999
20041018, 0600,  , HU, 10.2N, 151.7E,  70,  972,  120,  120,  150,  120,   60,   60,   60,   60,   25,   25,   25,   25, -999
20041018, 1200,  , HU, 10.0N, 150.8E,  80,  963,  120,  120,  150,  120,   60,   60,   60,   60,   25,   25,   25,   25, -999
20041018, 1800,  , HU, 10.0N, 149.8E,  80,  963,  120,  120,  150,  100,   60,   60,   60,   60,   25,   25,   25,   25, -999
20041019, 0000,  , HU,  9.7N, 148.6E,  85,  958,  120,  120,  150,  100,   60,   60,   60,   60,   25,   25,   25,   25, -999
20041019, 0600,  , HU,  9.7N, 147.8E,  90,  954,  150,  150,  180,  150,   60,   60,   60,   60,   25,   25,   25,   25, -999
20041019, 1200,  , HU, 10.0N, 147.0E,  90,  954,  150,  150,  180,  150,   60,   60,   60,   60,   25,   25,   25,   25, -999
20041019, 1800,  , HU, 10.2N, 146.1E,  90,  954,  120,  130,  140,  120,   50,   50,   50,   50,   25,   25,   25,   25, -999
20041020, 0000,  , HU, 10.7N, 145.1E,  95,  949,  120,  130,  140,  120,   50,   50,   50,   50,   25,   25,   25,   25, -999
20041020, 0600,  , HU, 11.6N, 144.1E,  95,  949,  120,  130,  150,  120,   50,   50,   50,   50,   25,   25,   25,   25, -999
20041020, 1200,  , HU, 11.9N, 142.7E,  95,  949,  120,  130,  150,  120,   50,   50,   50,   50,   25,   25,   25,   25, -999
20041020, 1800,  , HU, 12.7N, 141.7E,  95,  949,   60,  120,  120,   80,   15,   40,   40,   25,   10,   25,   25,   15, -999
20041021, 0000,  , HU, 13.4N, 140.6E,  95,  949,   90,   90,  120,   90,   25,   25,   40,   25,   15,   15,   25,   15, -999
20041021, 0600,  , HU, 13.7N, 139.4E,  95,  949,  100,  120,  160,   80,   25,   30,   55,   25,   15,   20,   25,   15, -999
20041021, 1200,  , HU, 14.1N, 138.3E,  90,  954,  120,  135,  170,  160,   30,   30,   60,   55,   20,   20,   30,   25, -999
20041021, 1800,  , HU, 14.7N, 137.4E,  95,  949,  130,  160,  150,  130,   40,   60,   50,   40,   20,   40,   30,   20, -999
20041022, 0000,  , HU, 15.3N, 136.5E,  95,  949,  100,  100,  120,   70,   40,   40,   50,   30,   20,   20,   25,   15, -999
20041022, 0600,  , HU, 15.9N, 135.6E, 100,  944,  150,  120,  150,  100,   50,   50,   60,   40,   25,   20,   30,   20, -999
20041022, 1200,  , HU, 16.4N, 134.7E, 100,  944,  110,  120,  120,   90,   40,   60,   60,   35,   25,   35,   35,   20, -999
20041022, 1800,  , HU, 16.9N, 133.8E, 100,  944,  100,  120,  120,   90,   40,   50,   50,   40,   20,   30,   30,   20, -999
20041023, 0000,  , HU, 17.4N, 132.3E, 110,  933,  100,  130,  100,   90,   40,   55,   40,   35,   20,   30,   20,   20, -999
20041023, 0600,  , HU, 18.0N, 130.9E, 110,  933,  100,  125,  100,  100,   40,   50,   40,   40,   20,   20,   20,   20, -999
20041023, 1200,  , HU, 18.6N, 129.3E, 110,  933,  100,  120,  100,  100,   40,   45,   40,   40,   20,   20,   20,   20, -999
20041023, 1800,  , HU, 19.3N, 127.7E, 110,  933,  100,  120,  100,  100,   40,   45,   40,   40,   20,   20,   20,   20, -999
20041024, 0000,  , HU, 20.0N, 126.0E, 110,  933,  120,  110,  100,  100,   45,   40,   40,   40,   20,   20,   20,   20, -999
20041024, 0600,  , HU, 20.7N, 124.5E, 110,  933,  120,  110,  100,  100,   45,   40,   40,   40,   20,   20,   20,   20, -999
20041024, 1200,  , HU, 21.7N, 123.2E, 110,  933,  120,  110,  100,  120,   45,   40,   40,   45,   20,   20,   20,   20, -999
20041024, 1800,  , HU, 22.6N, 122.5E, 110,  933,  110,  110,  100,  100,   45,   45,   40,   40,   20,   20,   20,   20, -999
20041025, 0000,  , HU, 24.2N, 122.3E, 100,  944,  100,  110,  100,  100,   40,   45,   40,   40,   20,   20,   20,   20, -999
20041025, 0600,  , HU, 25.4N, 121.9E,  90,  954,   95,   90,   75,   95,   35,   35,   25,   35,   20,   20,   20,   20, -999
20041025, 1200,  , HU, 26.6N, 122.5E,  75,  967,   95,   85,   70,   85,   30,   30,   20,   30,    0,    0,    0,    0, -999
20041025, 1800,  , HU, 27.5N, 123.6E,  65,  976,  110,   85,   75,   95,   45,   30,   30,   45,    0,    0,    0,    0, -999
20041026, 0000,  , EX, 28.4N, 126.1E,  60,  980,  110,   85,   75,   95,   45,   30,   30,   45,    0,    0,    0,    0, -999
20041026, 0600,  , EX, 29.1N, 129.5E,  45,  991,   90,   70,   90,   70,    0,    0,    0,    0,    0,    0,    0,    0, -999
20041026, 1200,  , EX, 29.6N, 133.0E,  45,  991,   70,   50,   70,   50,    0,    0,    0,    0,    0,    0,    0,    0, -999
