WP292002,            UNNAMED,     21,
20021025, 0000,  , TD, 16.5N, 168.8E,  15, 1006,    0,    0,    0,    0,    0,    0,    0,    0,    0,    0,    0,    0, -999
20021025, 0600,  , TD, 16.6N, 168.3E,  15, 1006,    0,    0,    0,    0,    0,    0,    0,    0,    0,    0,    0,    0, -999
20021025, 1200,  , TD, 16.7N, 167.8E,  15, 1006,    0,    0,    0,    0,    0,    0,    0,    0,    0,    0,    0,    0, -999
20021025, 1800,  , TD, 17.0N, 166.8E,  15, 1006,    0,    0,    0,    0,    0,    0,    0,    0,    0,    0,    0,    0, -999
20021026, 0000,  , TD, 17.6N, 165.0E,  25, 1002,    0,    0,    0,    0,    0,    0,    0,    0,    0,    0,    0,    0, -999
20021026, 0600,  , TD, 18.2N, 163.0E,  25, 1002,    0,    0,    0,    0,    0,    0,    0,    0,    0,    0,    0,    0, -999
20021026, 1200,  , TD, 18.7N, 161.6E,  25, 1002,    0,    0,    0,    0,    0,    0,    0,    0,    0,    0,    0,    0, -999
20021026, 1800,  , TD, 19.1N, 160.7E,  30, 1000,    0,    0,    0,    0,    0,    0,    0,    0,    0,    0,    0,    0, -999
20021027, 0000,  , TD, 19.5N, 160.3E,  30, 1000,    0,    0,    0,    0,    0,    0,    0,    0,    0,    0,    0,    0, -999
20021027, 0600,  , TD, 20.4N, 159.7E,  30, 1000,    0,    0,    0,    0,    0,    0,    0,    0,    0,    0,    0,    0, -999
20021027, 1200,  , TS, 21.9N, 159.3E,  35,  997,    0,    0,    0,    0,    0,    0,    0,    0,    0,    0,    0,    0, -999
20021027, 1800,  , TS, 23.2N, 158.9E,  50,  987,   60,   60,   45,   45,    0,    0,    0,    0,    0,    0,    0,    0, -999
20021028, 0000,  , TS, 24.3N, 158.6E,  55,  984,  100,   80,   30,  100,    0,    0,    0,    0,    0,    0,    0,    0, -999
20021028, 0600,  , TS, 25.1N, 159.0E,  60,  980,  100,   80,   30,  100,    0,    0,    0,    0,    0,    0,    0,    0, -999
20021028, 1200,  , HU, 26.1N, 159.8E,  65,  976,  100,   80,   30,  100,    0,    0,    0,    0,    0,    0,    0,    0, -999
20021028, 1800,  , TS, 27.6N, 161.4E,  60,  980,  120,  100,   65,  100,    0,    0,    0,    0,    0,    0,    0,    0, -999
20021029, 0000,  , TS, 29.2N, 163.4E,  60,  980,  120,  100,   65,  100,    0,    0,    0,    0,    0,    0,    0,    0, -999
20021029, 0600,  , HU, 30.4N, 166.4E,  75,  967,  120,  120,   75,  100,    0,    0,    0,    0,    0,    0,    0,    0, -999
20021029, 1200,  , TS, 31.6N, 169.5E,  60,  980,    0,    0,    0,    0,    0,    0,    0,    0,    0,    0,    0,    0, -999
20021029, 1800,  , TS, 32.6N, 172.8E,  50,  987,    0,    0,    0,    0,    0,    0,    0,    0,    0,    0,    0,    0, -999
20021030, 0000,  , TS, 33.7N, 177.3E,  45,  991,    0,    0,    0,    0,    0,    0,    0,    0,    0,    0,    0,    0, -999
