WP292019,            KAMMURI,     43,
20191125, 1200,  , DB,  9.1N, 152.0E,  20, 1003,    0,    0,    0,    0,    0,    0,    0,    0,    0,    0,    0,    0, -999
20191125, 1800,  , TD, 10.2N, 150.9E,  25, 1002,    0,    0,    0,    0,    0,    0,    0,    0,    0,    0,    0,    0, -999
20191126, 0000,  , TD, 10.8N, 149.2E,  30, 1001,    0,    0,    0,    0,    0,    0,    0,    0,    0,    0,    0,    0, -999
20191126, 0600,  , TS, 11.3N, 147.2E,  35,  996,  120,   50,   60,  110,    0,    0,    0,    0,    0,    0,    0,    0, -999
20191126, 1200,  , TS, 11.4N, 145.2E,  35,  998,  170,   50,   60,  150,    0,    0,    0,    0,    0,    0,    0,    0, -999
20191126, 1800,  , TS, 11.5N, 143.6E,  40,  993,  180,   50,   60,  170,    0,    0,    0,    0,    0,    0,    0,    0, -999
20191127, 0000,  , TS, 11.4N, 142.2E,  45,  993,  180,   50,   60,  170,    0,    0,    0,    0,    0,    0,    0,    0, -999
20191127, 0600,  , TS, 11.5N, 141.0E,  55,  982,  180,   50,   70,  170,   99,   17,   30,   93,    0,    0,    0,    0, -999
20191127, 1200,  , TS, 11.4N, 140.2E,  60,  981,  180,   70,   90,  190,   99,   30,   43,  106,    0,    0,    0,    0, -999
20191127, 1800,  , HU, 11.4N, 139.5E,  65,  978,  150,   90,  110,  200,   81,   43,   55,  112,   43,   22,   29,   60, -999
20191128, 0000,  , HU, 12.0N, 139.0E,  70,  975,  110,  120,  140,  210,   56,   62,   75,  119,   29,   32,   39,   64, -999
20191128, 0600,  , HU, 12.7N, 138.8E,  70,  979,  110,  120,  150,  220,   56,   62,   81,  125,   29,   32,   43,   67, -999
20191128, 1200,  , HU, 13.5N, 138.6E,  70,  979,  130,  120,  140,  240,   68,   62,   75,  138,   36,   32,   39,   74, -999
20191128, 1800,  , HU, 14.2N, 138.7E,  70,  976,  130,  120,  120,  240,   68,   62,   62,  138,   36,   32,   32,   74, -999
20191129, 0000,  , HU, 14.4N, 138.2E,  65,  981,  130,  120,  110,  250,   68,   62,   55,  144,   36,   32,   29,   78, -999
20191129, 0600,  , TS, 14.3N, 138.1E,  60,  983,  150,   90,  110,  270,   80,   43,   55,  156,    0,    0,    0,    0, -999
20191129, 1200,  , TS, 14.1N, 137.8E,  60,  982,  150,   90,  130,  290,   80,   43,   68,  169,    0,    0,    0,    0, -999
20191129, 1800,  , TS, 14.1N, 137.2E,  60,  983,  200,   90,  150,  300,  112,   43,   80,  175,    0,    0,    0,    0, -999
20191130, 0000,  , HU, 13.9N, 136.2E,  65,  979,  310,   80,  150,  330,  181,   37,   81,  194,   99,   18,   43,  106, -999
20191130, 0600,  , HU, 13.5N, 135.3E,  65,  979,  310,   80,  150,  330,  181,   37,   81,  194,   99,   18,   43,  106, -999
20191130, 1200,  , HU, 13.2N, 134.0E,  65,  980,  310,  100,  120,  310,  181,   49,   62,  181,   99,   25,   32,   99, -999
20191130, 1800,  , HU, 13.2N, 132.8E,  65,  980,  270,  100,  120,  250,  156,   49,   62,  144,   85,   25,   32,   78, -999
20191201, 0000,  , TS, 13.1N, 131.4E,  60,  983,  250,  100,  120,  250,  143,   49,   62,  143,    0,    0,    0,    0, -999
20191201, 0600,  , TS, 13.1N, 130.0E,  60,  985,  250,  100,  120,  250,  143,   49,   62,  143,    0,    0,    0,    0, -999
20191201, 1200,  , HU, 13.0N, 128.8E,  65,  983,  250,  130,  150,  250,  144,   68,   81,  144,   78,   36,   43,   78, -999
20191201, 1800,  , HU, 12.9N, 127.7E,  80,  972,  240,  150,  150,  240,  138,   81,   81,  138,   75,   43,   43,   75, -999
20191202, 0000,  , HU, 12.9N, 126.6E,  95,  960,  220,  150,  150,  240,  126,   82,   82,  139,   69,   44,   44,   76, -999
20191202, 0600,  , HU, 12.9N, 125.6E, 115,  942,  200,  140,  130,  240,  115,   77,   71,  140,   62,   41,   38,   76, -999
20191202, 1200,  , HU, 12.9N, 124.7E, 120,  938,  200,  130,  130,  280,  115,   71,   71,  165,   63,   38,   38,   91, -999
20191202, 1800,  , HU, 13.0N, 123.4E, 115,  943,  200,  130,  130,  280,  115,   71,   71,  165,   62,   38,   38,   90, -999
20191203, 0000,  , HU, 13.1N, 122.2E, 105,  953,  220,  120,  100,  280,  127,   64,   51,  165,   69,   34,   27,   90, -999
20191203, 0600,  , HU, 13.1N, 121.1E,  90,  965,  250,  100,  100,  290,  145,   50,   50,  170,   79,   26,   26,   93, -999
20191203, 1200,  , HU, 13.2N, 120.1E,  80,  974,  330,   90,  100,  350,  195,   44,   50,  207,  106,   22,   26,  113, -999
20191203, 1800,  , TS, 13.8N, 119.1E,  60,  987,  350,   80,  110,  350,  206,   36,   55,  206,    0,    0,    0,    0, -999
20191204, 0000,  , TS, 14.1N, 118.1E,  55,  993,  390,   60,  120,  390,  231,   23,   61,  231,    0,    0,    0,    0, -999
20191204, 0600,  , TS, 14.2N, 117.2E,  50,  993,  380,   60,  120,  330,  225,   23,   61,  193,    0,    0,    0,    0, -999
20191204, 1200,  , TS, 14.5N, 116.3E,  40, 1001,  360,   60,  100,  290,    0,    0,    0,    0,    0,    0,    0,    0, -999
20191204, 1800,  , TS, 14.7N, 115.4E,  35, 1000,  240,   60,   90,  240,    0,    0,    0,    0,    0,    0,    0,    0, -999
20191205, 0000,  , TD, 14.3N, 114.3E,  30, 1004,    0,    0,    0,    0,    0,    0,    0,    0,    0,    0,    0,    0, -999
20191205, 0600,  , TD, 13.8N, 113.7E,  30, 1004,    0,    0,    0,    0,    0,    0,    0,    0,    0,    0,    0,    0, -999
20191205, 1200,  , TD, 13.0N, 113.4E,  30, 1004,    0,    0,    0,    0,    0,    0,    0,    0,    0,    0,    0,    0, -999
20191205, 1800,  , TD, 12.2N, 113.5E,  25, 1007,    0,    0,    0,    0,    0,    0,    0,    0,    0,    0,    0,    0, -999
20191206, 0000,  , DB, 11.2N, 113.4E,  20, 1010,    0,    0,    0,    0,    0,    0,    0,    0,    0,    0,    0,    0, -999
