WP292017,         TWENTYNINE,     21,
20171103, 0000,  , DB,  7.2N, 102.4E,  15, 1010,    0,    0,    0,    0,    0,    0,    0,    0,    0,    0,    0,    0, -999
20171103, 0600,  , DB,  7.3N, 101.8E,  15, 1010,    0,    0,    0,    0,    0,    0,    0,    0,    0,    0,    0,    0, -999
20171103, 1200,  , DB,  7.0N, 101.7E,  15, 1010,    0,    0,    0,    0,    0,    0,    0,    0,    0,    0,    0,    0, -999
20171103, 1800,  , DB,  6.6N, 101.3E,  15, 1010,    0,    0,    0,    0,    0,    0,    0,    0,    0,    0,    0,    0, -999
20171104, 0000,  , DB,  6.4N, 100.7E,  15, 1010,    0,    0,    0,    0,    0,    0,    0,    0,    0,    0,    0,    0, -999
20171104, 0600,  , DB,  6.0N, 100.4E,  20, 1007,    0,    0,    0,    0,    0,    0,    0,    0,    0,    0,    0,    0, -999
20171104, 1200,  , TD,  5.6N, 100.3E,  25, 1004,    0,    0,    0,    0,    0,    0,    0,    0,    0,    0,    0,    0, -999
20171104, 1800,  , TD,  5.2N, 100.4E,  25, 1004,    0,    0,    0,    0,    0,    0,    0,    0,    0,    0,    0,    0, -999
20171105, 0000,  , DB,  5.1N, 100.9E,  20, 1007,    0,    0,    0,    0,    0,    0,    0,    0,    0,    0,    0,    0, -999
20171105, 0600,  , DB,  5.2N, 101.6E,  15, 1010,    0,    0,    0,    0,    0,    0,    0,    0,    0,    0,    0,    0, -999
20171105, 1200,  , DB,  5.8N, 102.0E,  20, 1007,    0,    0,    0,    0,    0,    0,    0,    0,    0,    0,    0,    0, -999
20171105, 1800,  , DB,  6.5N, 102.6E,  20, 1006,    0,    0,    0,    0,    0,    0,    0,    0,    0,    0,    0,    0, -999
20171106, 0000,  , DB,  7.5N, 102.6E,  20, 1006,    0,    0,    0,    0,    0,    0,    0,    0,    0,    0,    0,    0, -999
20171106, 0600,  , TD,  8.3N, 102.6E,  25, 1005,    0,    0,    0,    0,    0,    0,    0,    0,    0,    0,    0,    0, -999
20171106, 1200,  , TD,  8.8N, 102.5E,  25, 1005,    0,    0,    0,    0,    0,    0,    0,    0,    0,    0,    0,    0, -999
20171106, 1800,  , TD,  9.3N, 102.0E,  25, 1004,    0,    0,    0,    0,    0,    0,    0,    0,    0,    0,    0,    0, -999
20171107, 0000,  , TD,  9.9N, 101.4E,  25, 1004,    0,    0,    0,    0,    0,    0,    0,    0,    0,    0,    0,    0, -999
20171107, 0600,  , TD, 10.5N, 100.7E,  25, 1004,    0,    0,    0,    0,    0,    0,    0,    0,    0,    0,    0,    0, -999
20171107, 1200,  , TD, 10.9N, 100.5E,  25, 1005,    0,    0,    0,    0,    0,    0,    0,    0,    0,    0,    0,    0, -999
20171107, 1800,  , TD, 11.1N, 100.0E,  25, 1005,    0,    0,    0,    0,    0,    0,    0,    0,    0,    0,    0,    0, -999
20171108, 0000,  , DB, 11.3N,  99.6E,  20, 1007,    0,    0,    0,    0,    0,    0,    0,    0,    0,    0,    0,    0, -999
