WP291964,            UNNAMED,     10,
19641008, 0000,  , LO,  8.6N, 167.8E,  30,    0,    0,    0,    0,    0,    0,    0,    0,    0,    0,    0,    0,    0, -999
19641008, 0600,  , TS,  8.8N, 166.9E,  35,    0,    0,    0,    0,    0,    0,    0,    0,    0,    0,    0,    0,    0, -999
19641008, 1200,  , TS,  8.6N, 166.2E,  45,    0,    0,    0,    0,    0,    0,    0,    0,    0,    0,    0,    0,    0, -999
19641008, 1800,  , TS,  8.3N, 165.4E,  45,    0,    0,    0,    0,    0,    0,    0,    0,    0,    0,    0,    0,    0, -999
19641009, 0000,  , TS,  8.0N, 164.8E,  45,    0,    0,    0,    0,    0,    0,    0,    0,    0,    0,    0,    0,    0, -999
19641009, 0600,  , TS,  7.8N, 163.9E,  45,    0,    0,    0,    0,    0,    0,    0,    0,    0,    0,    0,    0,    0, -999
19641009, 1200,  , TS,  7.8N, 163.1E,  45,    0,    0,    0,    0,    0,    0,    0,    0,    0,    0,    0,    0,    0, -999
19641009, 1800,  , TS,  7.9N, 162.3E,  45,    0,    0,    0,    0,    0,    0,    0,    0,    0,    0,    0,    0,    0, -999
19641010, 0000,  , TS,  8.2N, 161.4E,  35,    0,    0,    0,    0,    0,    0,    0,    0,    0,    0,    0,    0,    0, -999
19641010, 0600,  , TS,  8.4N, 160.5E,  35,    0,    0,    0,    0,    0,    0,    0,    0,    0,    0,    0,    0,    0, -999
