WP302002,            UNNAMED,     25,
20021119, 0000,  , TD,  9.1N, 155.3E,  25, 1002,    0,    0,    0,    0,    0,    0,    0,    0,    0,    0,    0,    0, -999
20021119, 0600,  , TD,  9.3N, 154.0E,  25, 1002,    0,    0,    0,    0,    0,    0,    0,    0,    0,    0,    0,    0, -999
20021119, 1200,  , TD,  9.5N, 152.6E,  25, 1002,    0,    0,    0,    0,    0,    0,    0,    0,    0,    0,    0,    0, -999
20021119, 1800,  , TD,  9.8N, 151.2E,  25, 1002,    0,    0,    0,    0,    0,    0,    0,    0,    0,    0,    0,    0, -999
20021120, 0000,  , TD, 10.2N, 149.5E,  25, 1002,    0,    0,    0,    0,    0,    0,    0,    0,    0,    0,    0,    0, -999
20021120, 0600,  , TD, 10.2N, 147.6E,  25, 1002,    0,    0,    0,    0,    0,    0,    0,    0,    0,    0,    0,    0, -999
20021120, 1200,  , TD, 10.4N, 145.9E,  30, 1000,    0,    0,    0,    0,    0,    0,    0,    0,    0,    0,    0,    0, -999
20021120, 1800,  , TD, 11.0N, 144.1E,  30, 1000,    0,    0,    0,    0,    0,    0,    0,    0,    0,    0,    0,    0, -999
20021121, 0000,  , TD, 11.5N, 142.4E,  30, 1000,    0,    0,    0,    0,    0,    0,    0,    0,    0,    0,    0,    0, -999
20021121, 0600,  , TS, 12.1N, 140.7E,  35,  997,    0,    0,    0,    0,    0,    0,    0,    0,    0,    0,    0,    0, -999
20021121, 1200,  , TS, 12.7N, 139.0E,  40,  994,   65,   40,   50,   75,    0,    0,    0,    0,    0,    0,    0,    0, -999
20021121, 1800,  , TS, 13.2N, 137.5E,  45,  991,  120,   60,   60,  120,    0,    0,    0,    0,    0,    0,    0,    0, -999
20021122, 0000,  , TS, 14.0N, 136.8E,  55,  984,  130,   70,   70,  130,    0,    0,    0,    0,    0,    0,    0,    0, -999
20021122, 0600,  , TS, 15.1N, 136.0E,  60,  980,  130,  100,  100,  130,    0,    0,    0,    0,    0,    0,    0,    0, -999
20021122, 1200,  , HU, 15.8N, 135.4E,  65,  976,  150,  120,  120,  150,    0,    0,    0,    0,    0,    0,    0,    0, -999
20021122, 1800,  , HU, 16.5N, 135.3E,  70,  972,  150,  120,  120,  150,    0,    0,    0,    0,    0,    0,    0,    0, -999
20021123, 0000,  , HU, 17.6N, 135.2E,  75,  967,  150,  120,  120,  150,    0,    0,    0,    0,    0,    0,    0,    0, -999
20021123, 0600,  , HU, 18.8N, 135.3E,  85,  958,  150,  120,  120,  150,    0,    0,    0,    0,    0,    0,    0,    0, -999
20021123, 1200,  , HU, 19.9N, 135.7E,  85,  958,  150,  120,  120,  150,    0,    0,    0,    0,    0,    0,    0,    0, -999
20021123, 1800,  , HU, 21.1N, 136.4E,  95,  949,  150,  120,  120,  150,    0,    0,    0,    0,    0,    0,    0,    0, -999
20021124, 0000,  , HU, 22.8N, 137.5E,  95,  949,  150,  120,  120,  150,    0,    0,    0,    0,    0,    0,    0,    0, -999
20021124, 0600,  , HU, 25.0N, 139.1E,  85,  958,  150,  120,  120,  150,    0,    0,    0,    0,    0,    0,    0,    0, -999
20021124, 1200,  , HU, 27.0N, 140.9E,  75,  967,  150,  120,  120,  150,    0,    0,    0,    0,    0,    0,    0,    0, -999
20021124, 1800,  , HU, 28.7N, 143.2E,  65,  976,  150,  100,  120,  150,    0,    0,    0,    0,    0,    0,    0,    0, -999
20021125, 0000,  , TS, 30.1N, 145.6E,  55,  984,    0,    0,    0,    0,    0,    0,    0,    0,    0,    0,    0,    0, -999
