WP301961,            UNNAMED,      9,
19611011, 0600,  , LO, 13.2N, 116.4E,   0,    0,    0,    0,    0,    0,    0,    0,    0,    0,    0,    0,    0,    0, -999
19611011, 1200,  , LO, 13.4N, 115.9E,   0,    0,    0,    0,    0,    0,    0,    0,    0,    0,    0,    0,    0,    0, -999
19611011, 1800,  , LO, 13.8N, 115.4E,   0,    0,    0,    0,    0,    0,    0,    0,    0,    0,    0,    0,    0,    0, -999
19611012, 0000,  , LO, 14.0N, 114.4E,   0,    0,    0,    0,    0,    0,    0,    0,    0,    0,    0,    0,    0,    0, -999
19611012, 0600,  , LO, 13.5N, 112.8E,   0,    0,    0,    0,    0,    0,    0,    0,    0,    0,    0,    0,    0,    0, -999
19611012, 1200,  , LO, 13.5N, 111.5E,   0,    0,    0,    0,    0,    0,    0,    0,    0,    0,    0,    0,    0,    0, -999
19611012, 1800,  , LO, 13.8N, 110.2E,   0,    0,    0,    0,    0,    0,    0,    0,    0,    0,    0,    0,    0,    0, -999
19611013, 0000,  , LO, 14.3N, 109.1E,   0,    0,    0,    0,    0,    0,    0,    0,    0,    0,    0,    0,    0,    0, -999
19611013, 0600,  , LO, 13.9N, 107.6E,   0,    0,    0,    0,    0,    0,    0,    0,    0,    0,    0,    0,    0,    0, -999
