WP302000,            UNNAMED,     31,
20001025, 0600,  , TD,  8.6N, 137.2E,  20,    0,    0,    0,    0,    0,    0,    0,    0,    0,    0,    0,    0,    0, -999
20001025, 1200,  , TD,  9.0N, 136.0E,  30,    0,    0,    0,    0,    0,    0,    0,    0,    0,    0,    0,    0,    0, -999
20001025, 1800,  , TD,  9.4N, 134.6E,  30,    0,    0,    0,    0,    0,    0,    0,    0,    0,    0,    0,    0,    0, -999
20001026, 0000,  , TD,  9.8N, 132.9E,  30,    0,    0,    0,    0,    0,    0,    0,    0,    0,    0,    0,    0,    0, -999
20001026, 0600,  , TS, 10.2N, 131.3E,  35,    0,    0,    0,    0,    0,    0,    0,    0,    0,    0,    0,    0,    0, -999
20001026, 1200,  , TS, 10.6N, 130.2E,  45,    0,    0,    0,    0,    0,    0,    0,    0,    0,    0,    0,    0,    0, -999
20001026, 1800,  , TS, 11.2N, 129.1E,  55,    0,    0,    0,    0,    0,    0,    0,    0,    0,    0,    0,    0,    0, -999
20001027, 0000,  , HU, 11.9N, 128.1E,  65,    0,    0,    0,    0,    0,    0,    0,    0,    0,    0,    0,    0,    0, -999
20001027, 0600,  , HU, 12.4N, 126.3E,  65,    0,    0,    0,    0,    0,    0,    0,    0,    0,    0,    0,    0,    0, -999
20001027, 1200,  , HU, 13.2N, 124.9E,  70,    0,    0,    0,    0,    0,    0,    0,    0,    0,    0,    0,    0,    0, -999
20001027, 1800,  , HU, 13.7N, 123.6E,  75,    0,    0,    0,    0,    0,    0,    0,    0,    0,    0,    0,    0,    0, -999
20001028, 0000,  , HU, 13.9N, 122.5E,  65,    0,    0,    0,    0,    0,    0,    0,    0,    0,    0,    0,    0,    0, -999
20001028, 0600,  , HU, 14.2N, 121.5E,  65,    0,    0,    0,    0,    0,    0,    0,    0,    0,    0,    0,    0,    0, -999
20001028, 1200,  , HU, 14.6N, 120.6E,  65,    0,    0,    0,    0,    0,    0,    0,    0,    0,    0,    0,    0,    0, -999
20001028, 1800,  , TS, 15.2N, 119.9E,  55,    0,    0,    0,    0,    0,    0,    0,    0,    0,    0,    0,    0,    0, -999
20001029, 0000,  , TS, 15.8N, 119.0E,  55,    0,    0,    0,    0,    0,    0,    0,    0,    0,    0,    0,    0,    0, -999
20001029, 0600,  , TS, 15.8N, 118.4E,  55,    0,    0,    0,    0,    0,    0,    0,    0,    0,    0,    0,    0,    0, -999
20001029, 1200,  , TS, 16.0N, 118.1E,  55,    0,    0,    0,    0,    0,    0,    0,    0,    0,    0,    0,    0,    0, -999
20001029, 1800,  , HU, 16.2N, 118.1E,  65,    0,    0,    0,    0,    0,    0,    0,    0,    0,    0,    0,    0,    0, -999
20001030, 0000,  , HU, 16.4N, 118.3E,  90,    0,    0,    0,    0,    0,    0,    0,    0,    0,    0,    0,    0,    0, -999
20001030, 0600,  , HU, 16.8N, 118.7E,  90,    0,    0,    0,    0,    0,    0,    0,    0,    0,    0,    0,    0,    0, -999
20001030, 1200,  , HU, 17.3N, 119.2E,  90,    0,    0,    0,    0,    0,    0,    0,    0,    0,    0,    0,    0,    0, -999
20001030, 1800,  , HU, 18.0N, 119.5E,  90,    0,    0,    0,    0,    0,    0,    0,    0,    0,    0,    0,    0,    0, -999
20001031, 0000,  , HU, 18.6N, 119.7E,  90,    0,    0,    0,    0,    0,    0,    0,    0,    0,    0,    0,    0,    0, -999
20001031, 0600,  , HU, 19.6N, 120.1E,  90,    0,    0,    0,    0,    0,    0,    0,    0,    0,    0,    0,    0,    0, -999
20001031, 1200,  , HU, 20.9N, 120.6E,  90,    0,    0,    0,    0,    0,    0,    0,    0,    0,    0,    0,    0,    0, -999
20001031, 1800,  , HU, 22.6N, 121.3E,  85,    0,    0,    0,    0,    0,    0,    0,    0,    0,    0,    0,    0,    0, -999
20001101, 0000,  , HU, 24.3N, 122.1E,  80,    0,    0,    0,    0,    0,    0,    0,    0,    0,    0,    0,    0,    0, -999
20001101, 0600,  , HU, 26.2N, 123.1E,  65,    0,    0,    0,    0,    0,    0,    0,    0,    0,    0,    0,    0,    0, -999
20001101, 1200,  , TS, 28.8N, 125.6E,  50,    0,    0,    0,    0,    0,    0,    0,    0,    0,    0,    0,    0,    0, -999
20001101, 1800,  , TS, 31.9N, 129.4E,  45,    0,    0,    0,    0,    0,    0,    0,    0,    0,    0,    0,    0,    0, -999
