WP301991,            UNNAMED,     64,
19911116, 0000,  , LO,  5.5N, 171.0E,  15,    0,    0,    0,    0,    0,    0,    0,    0,    0,    0,    0,    0,    0, -999
19911116, 0600,  , LO,  5.6N, 170.7E,  15,    0,    0,    0,    0,    0,    0,    0,    0,    0,    0,    0,    0,    0, -999
19911116, 1200,  , LO,  5.7N, 170.4E,  15,    0,    0,    0,    0,    0,    0,    0,    0,    0,    0,    0,    0,    0, -999
19911116, 1800,  , LO,  5.8N, 170.1E,  15,    0,    0,    0,    0,    0,    0,    0,    0,    0,    0,    0,    0,    0, -999
19911117, 0000,  , LO,  5.8N, 169.7E,  15,    0,    0,    0,    0,    0,    0,    0,    0,    0,    0,    0,    0,    0, -999
19911117, 0600,  , LO,  5.8N, 169.3E,  15,    0,    0,    0,    0,    0,    0,    0,    0,    0,    0,    0,    0,    0, -999
19911117, 1200,  , LO,  5.8N, 168.9E,  20,    0,    0,    0,    0,    0,    0,    0,    0,    0,    0,    0,    0,    0, -999
19911117, 1800,  , LO,  5.8N, 168.4E,  25,    0,    0,    0,    0,    0,    0,    0,    0,    0,    0,    0,    0,    0, -999
19911118, 0000,  , LO,  5.7N, 167.8E,  20,    0,    0,    0,    0,    0,    0,    0,    0,    0,    0,    0,    0,    0, -999
19911118, 0600,  , LO,  5.7N, 167.3E,  25,    0,    0,    0,    0,    0,    0,    0,    0,    0,    0,    0,    0,    0, -999
19911118, 1200,  , LO,  5.6N, 166.9E,  25,    0,    0,    0,    0,    0,    0,    0,    0,    0,    0,    0,    0,    0, -999
19911118, 1800,  , LO,  5.5N, 166.4E,  25,    0,    0,    0,    0,    0,    0,    0,    0,    0,    0,    0,    0,    0, -999
19911119, 0000,  , LO,  5.5N, 165.9E,  25,    0,    0,    0,    0,    0,    0,    0,    0,    0,    0,    0,    0,    0, -999
19911119, 0600,  , LO,  5.4N, 165.5E,  25,    0,    0,    0,    0,    0,    0,    0,    0,    0,    0,    0,    0,    0, -999
19911119, 1200,  , LO,  5.3N, 165.0E,  25,    0,    0,    0,    0,    0,    0,    0,    0,    0,    0,    0,    0,    0, -999
19911119, 1800,  , LO,  5.2N, 164.5E,  25,    0,    0,    0,    0,    0,    0,    0,    0,    0,    0,    0,    0,    0, -999
19911120, 0000,  , LO,  5.1N, 164.1E,  25,    0,    0,    0,    0,    0,    0,    0,    0,    0,    0,    0,    0,    0, -999
19911120, 0600,  , LO,  5.0N, 163.7E,  20,    0,    0,    0,    0,    0,    0,    0,    0,    0,    0,    0,    0,    0, -999
19911120, 1200,  , LO,  4.9N, 163.4E,  20,    0,    0,    0,    0,    0,    0,    0,    0,    0,    0,    0,    0,    0, -999
19911120, 1800,  , LO,  4.7N, 163.3E,  20,    0,    0,    0,    0,    0,    0,    0,    0,    0,    0,    0,    0,    0, -999
19911121, 0000,  , LO,  4.5N, 163.4E,  20,    0,    0,    0,    0,    0,    0,    0,    0,    0,    0,    0,    0,    0, -999
19911121, 0600,  , LO,  4.4N, 163.6E,  25,    0,    0,    0,    0,    0,    0,    0,    0,    0,    0,    0,    0,    0, -999
19911121, 1200,  , LO,  4.3N, 164.0E,  25,    0,    0,    0,    0,    0,    0,    0,    0,    0,    0,    0,    0,    0, -999
19911121, 1800,  , LO,  4.2N, 164.6E,  25,    0,    0,    0,    0,    0,    0,    0,    0,    0,    0,    0,    0,    0, -999
19911122, 0000,  , LO,  4.1N, 165.3E,  25,    0,    0,    0,    0,    0,    0,    0,    0,    0,    0,    0,    0,    0, -999
19911122, 0600,  , LO,  4.2N, 166.0E,  25,    0,    0,    0,    0,    0,    0,    0,    0,    0,    0,    0,    0,    0, -999
19911122, 1200,  , LO,  4.3N, 166.5E,  25,    0,    0,    0,    0,    0,    0,    0,    0,    0,    0,    0,    0,    0, -999
19911122, 1800,  , LO,  4.6N, 166.7E,  25,    0,    0,    0,    0,    0,    0,    0,    0,    0,    0,    0,    0,    0, -999
19911123, 0000,  , LO,  4.9N, 166.4E,  30,    0,    0,    0,    0,    0,    0,    0,    0,    0,    0,    0,    0,    0, -999
19911123, 0600,  , LO,  5.2N, 166.0E,  30,    0,    0,    0,    0,    0,    0,    0,    0,    0,    0,    0,    0,    0, -999
19911123, 1200,  , TS,  5.5N, 165.6E,  35,    0,    0,    0,    0,    0,    0,    0,    0,    0,    0,    0,    0,    0, -999
19911123, 1800,  , TS,  5.7N, 165.1E,  40,    0,    0,    0,    0,    0,    0,    0,    0,    0,    0,    0,    0,    0, -999
19911124, 0000,  , TS,  6.0N, 164.5E,  45,    0,    0,    0,    0,    0,    0,    0,    0,    0,    0,    0,    0,    0, -999
19911124, 0600,  , TS,  6.3N, 163.8E,  50,    0,    0,    0,    0,    0,    0,    0,    0,    0,    0,    0,    0,    0, -999
19911124, 1200,  , TS,  6.5N, 162.7E,  55,    0,    0,    0,    0,    0,    0,    0,    0,    0,    0,    0,    0,    0, -999
19911124, 1800,  , HU,  6.8N, 161.3E,  65,    0,    0,    0,    0,    0,    0,    0,    0,    0,    0,    0,    0,    0, -999
19911125, 0000,  , HU,  7.2N, 159.7E,  75,    0,    0,    0,    0,    0,    0,    0,    0,    0,    0,    0,    0,    0, -999
19911125, 0600,  , HU,  7.7N, 158.1E,  85,    0,    0,    0,    0,    0,    0,    0,    0,    0,    0,    0,    0,    0, -999
19911125, 1200,  , HU,  8.2N, 156.4E,  95,    0,    0,    0,    0,    0,    0,    0,    0,    0,    0,    0,    0,    0, -999
19911125, 1800,  , HU,  8.7N, 154.8E, 105,    0,    0,    0,    0,    0,    0,    0,    0,    0,    0,    0,    0,    0, -999
19911126, 0000,  , HU,  9.1N, 153.1E, 115,    0,    0,    0,    0,    0,    0,    0,    0,    0,    0,    0,    0,    0, -999
19911126, 0600,  , HU,  9.4N, 151.3E, 120,    0,    0,    0,    0,    0,    0,    0,    0,    0,    0,    0,    0,    0, -999
19911126, 1200,  , HU,  9.7N, 149.6E, 125,    0,    0,    0,    0,    0,    0,    0,    0,    0,    0,    0,    0,    0, -999
19911126, 1800,  , HU, 10.2N, 148.1E, 135,    0,    0,    0,    0,    0,    0,    0,    0,    0,    0,    0,    0,    0, -999
19911127, 0000,  , HU, 10.8N, 146.7E, 145,    0,    0,    0,    0,    0,    0,    0,    0,    0,    0,    0,    0,    0, -999
19911127, 0600,  , HU, 11.6N, 145.5E, 150,    0,    0,    0,    0,    0,    0,    0,    0,    0,    0,    0,    0,    0, -999
19911127, 1200,  , HU, 12.5N, 144.0E, 150,    0,    0,    0,    0,    0,    0,    0,    0,    0,    0,    0,    0,    0, -999
19911127, 1800,  , HU, 13.3N, 142.7E, 150,    0,    0,    0,    0,    0,    0,    0,    0,    0,    0,    0,    0,    0, -999
19911128, 0000,  , HU, 14.2N, 141.5E, 145,    0,    0,    0,    0,    0,    0,    0,    0,    0,    0,    0,    0,    0, -999
19911128, 0600,  , HU, 15.0N, 140.5E, 140,    0,    0,    0,    0,    0,    0,    0,    0,    0,    0,    0,    0,    0, -999
19911128, 1200,  , HU, 15.9N, 139.7E, 140,    0,    0,    0,    0,    0,    0,    0,    0,    0,    0,    0,    0,    0, -999
19911128, 1800,  , HU, 16.8N, 139.2E, 135,    0,    0,    0,    0,    0,    0,    0,    0,    0,    0,    0,    0,    0, -999
19911129, 0000,  , HU, 17.7N, 138.9E, 135,    0,    0,    0,    0,    0,    0,    0,    0,    0,    0,    0,    0,    0, -999
19911129, 0600,  , HU, 18.6N, 138.9E, 130,    0,    0,    0,    0,    0,    0,    0,    0,    0,    0,    0,    0,    0, -999
19911129, 1200,  , HU, 19.5N, 139.2E, 120,    0,    0,    0,    0,    0,    0,    0,    0,    0,    0,    0,    0,    0, -999
19911129, 1800,  , HU, 20.4N, 139.9E, 110,    0,    0,    0,    0,    0,    0,    0,    0,    0,    0,    0,    0,    0, -999
19911130, 0000,  , HU, 21.3N, 140.9E, 105,    0,    0,    0,    0,    0,    0,    0,    0,    0,    0,    0,    0,    0, -999
19911130, 0600,  , HU, 22.4N, 142.4E, 100,    0,    0,    0,    0,    0,    0,    0,    0,    0,    0,    0,    0,    0, -999
19911130, 1200,  , HU, 23.7N, 144.4E,  95,    0,    0,    0,    0,    0,    0,    0,    0,    0,    0,    0,    0,    0, -999
19911130, 1800,  , HU, 25.4N, 146.9E,  90,    0,    0,    0,    0,    0,    0,    0,    0,    0,    0,    0,    0,    0, -999
19911201, 0000,  , HU, 27.3N, 149.4E,  85,    0,    0,    0,    0,    0,    0,    0,    0,    0,    0,    0,    0,    0, -999
19911201, 0600,  , HU, 29.5N, 151.8E,  75,    0,    0,    0,    0,    0,    0,    0,    0,    0,    0,    0,    0,    0, -999
19911201, 1200,  , HU, 31.6N, 154.2E,  70,    0,    0,    0,    0,    0,    0,    0,    0,    0,    0,    0,    0,    0, -999
19911201, 1800,  , HU, 33.6N, 156.6E,  70,    0,    0,    0,    0,    0,    0,    0,    0,    0,    0,    0,    0,    0, -999
