WP312017,             KIROGI,     12,
20171116, 1800,  , DB,  8.3N, 121.3E,  20, 1006,    0,    0,    0,    0,    0,    0,    0,    0,    0,    0,    0,    0, -999
20171117, 0000,  , DB,  8.8N, 120.4E,  20, 1005,    0,    0,    0,    0,    0,    0,    0,    0,    0,    0,    0,    0, -999
20171117, 0600,  , TD,  9.3N, 119.3E,  25, 1004,    0,    0,    0,    0,    0,    0,    0,    0,    0,    0,    0,    0, -999
20171117, 1200,  , TD, 10.1N, 117.6E,  30, 1000,    0,    0,    0,    0,    0,    0,    0,    0,    0,    0,    0,    0, -999
20171117, 1800,  , TS, 10.8N, 116.2E,  35,  996,   40,   25,    0,   65,    0,    0,    0,    0,    0,    0,    0,    0, -999
20171118, 0000,  , TS, 11.1N, 114.8E,  35,  996,   45,   25,    0,   65,    0,    0,    0,    0,    0,    0,    0,    0, -999
20171118, 0600,  , TS, 11.4N, 113.3E,  35,  996,   50,   90,   55,   75,    0,    0,    0,    0,    0,    0,    0,    0, -999
20171118, 1200,  , TS, 11.3N, 112.7E,  35,  996,   55,   45,   40,   90,    0,    0,    0,    0,    0,    0,    0,    0, -999
20171118, 1800,  , TS, 10.7N, 111.8E,  40,  993,   55,   35,   35,   70,    0,    0,    0,    0,    0,    0,    0,    0, -999
20171119, 0000,  , TS, 10.7N, 110.6E,  35,  996,    0,    0,    0,    0,    0,    0,    0,    0,    0,    0,    0,    0, -999
20171119, 0600,  , TD, 11.4N, 108.8E,  25, 1004,    0,    0,    0,    0,    0,    0,    0,    0,    0,    0,    0,    0, -999
20171119, 1200,  , DB, 12.3N, 107.2E,  20, 1007,    0,    0,    0,    0,    0,    0,    0,    0,    0,    0,    0,    0, -999
