WP312001,            UNNAMED,     11,
20011210, 1200,  , TD,  4.6N, 155.4E,  20, 1004,    0,    0,    0,    0,    0,    0,    0,    0,    0,    0,    0,    0, -999
20011210, 1800,  , TD,  4.8N, 155.3E,  25, 1003,    0,    0,    0,    0,    0,    0,    0,    0,    0,    0,    0,    0, -999
20011211, 0000,  , TD,  5.0N, 155.2E,  25, 1002,    0,    0,    0,    0,    0,    0,    0,    0,    0,    0,    0,    0, -999
20011211, 0600,  , TD,  5.2N, 155.1E,  25, 1002,    0,    0,    0,    0,    0,    0,    0,    0,    0,    0,    0,    0, -999
20011211, 1200,  , TD,  5.5N, 155.5E,  25, 1002,    0,    0,    0,    0,    0,    0,    0,    0,    0,    0,    0,    0, -999
20011211, 1800,  , TD,  5.0N, 156.5E,  25, 1002,    0,    0,    0,    0,    0,    0,    0,    0,    0,    0,    0,    0, -999
20011212, 0000,  , TD,  4.2N, 157.9E,  25, 1004,    0,    0,    0,    0,    0,    0,    0,    0,    0,    0,    0,    0, -999
20011212, 0600,  , TD,  4.5N, 159.2E,  25, 1002,    0,    0,    0,    0,    0,    0,    0,    0,    0,    0,    0,    0, -999
20011212, 1200,  , TD,  5.3N, 159.3E,  30, 1000,    0,    0,    0,    0,    0,    0,    0,    0,    0,    0,    0,    0, -999
20011212, 1800,  , TS,  5.7N, 159.7E,  35,  997,    0,    0,    0,    0,    0,    0,    0,    0,    0,    0,    0,    0, -999
20011213, 0000,  , TD,  5.9N, 160.5E,  20, 1004,    0,    0,    0,    0,    0,    0,    0,    0,    0,    0,    0,    0, -999
