WP322017,            KAI-TAK,     43,
20171213, 0600,  , LO, 11.4N, 128.9E,  20, 1007,    0,    0,    0,    0,    0,    0,    0,    0,    0,    0,    0,    0, -999
20171213, 1200,  , LO, 11.5N, 128.4E,  25, 1004,    0,    0,    0,    0,    0,    0,    0,    0,    0,    0,    0,    0, -999
20171213, 1800,  , TD, 11.3N, 128.3E,  25, 1004,    0,    0,    0,    0,    0,    0,    0,    0,    0,    0,    0,    0, -999
20171214, 0000,  , TD, 11.1N, 128.3E,  30, 1000,    0,    0,    0,    0,    0,    0,    0,    0,    0,    0,    0,    0, -999
20171214, 0600,  , TS, 11.0N, 128.1E,  40,  993,    0,    0,    0,    0,    0,    0,    0,    0,    0,    0,    0,    0, -999
20171214, 1200,  , TS, 11.2N, 128.0E,  50,  985,  125,   45,   75,  130,    0,    0,    0,    0,    0,    0,    0,    0, -999
20171214, 1800,  , TS, 11.4N, 127.9E,  50,  985,  185,   80,   80,  185,    0,    0,    0,    0,    0,    0,    0,    0, -999
20171215, 0000,  , TS, 11.6N, 127.9E,  45,  989,  135,   90,  130,  170,    0,    0,    0,    0,    0,    0,    0,    0, -999
20171215, 0600,  , TS, 11.5N, 127.8E,  45,  989,   85,   85,  105,  100,    0,    0,    0,    0,    0,    0,    0,    0, -999
20171215, 1200,  , TS, 11.5N, 127.7E,  45,  990,  110,  105,  105,  110,    0,    0,    0,    0,    0,    0,    0,    0, -999
20171215, 1800,  , TS, 12.1N, 127.1E,  45,  991,   85,   75,  110,  105,    0,    0,    0,    0,    0,    0,    0,    0, -999
20171216, 0000,  , TS, 12.3N, 126.2E,  45,  991,   50,  110,  110,  105,    0,    0,    0,    0,    0,    0,    0,    0, -999
20171216, 0600,  , TS, 12.1N, 125.8E,  40,  993,   50,  110,  110,  100,    0,    0,    0,    0,    0,    0,    0,    0, -999
20171216, 1200,  , TD, 12.1N, 125.4E,  30, 1000,    0,    0,    0,    0,    0,    0,    0,    0,    0,    0,    0,    0, -999
20171216, 1800,  , TD, 12.2N, 124.8E,  25, 1004,    0,    0,    0,    0,    0,    0,    0,    0,    0,    0,    0,    0, -999
20171217, 0000,  , TD, 12.2N, 123.7E,  25, 1004,    0,    0,    0,    0,    0,    0,    0,    0,    0,    0,    0,    0, -999
20171217, 0600,  , TD, 11.8N, 122.2E,  25, 1004,    0,    0,    0,    0,    0,    0,    0,    0,    0,    0,    0,    0, -999
20171217, 1200,  , TD, 11.3N, 121.2E,  30, 1000,    0,    0,    0,    0,    0,    0,    0,    0,    0,    0,    0,    0, -999
20171217, 1800,  , TD, 10.8N, 120.2E,  30, 1000,    0,    0,    0,    0,    0,    0,    0,    0,    0,    0,    0,    0, -999
20171218, 0000,  , TD, 10.7N, 119.6E,  25, 1004,    0,    0,    0,    0,    0,    0,    0,    0,    0,    0,    0,    0, -999
20171218, 0600,  , TD, 10.6N, 118.9E,  25, 1004,    0,    0,    0,    0,    0,    0,    0,    0,    0,    0,    0,    0, -999
20171218, 1200,  , TD, 10.4N, 117.8E,  25, 1004,    0,    0,    0,    0,    0,    0,    0,    0,    0,    0,    0,    0, -999
20171218, 1800,  , XX,  9.7N, 116.6E,  25, 1004,    0,    0,    0,    0,    0,    0,    0,    0,    0,    0,    0,    0, -999
20171219, 0000,  , XX,  9.2N, 116.1E,  30, 1000,    0,    0,    0,    0,    0,    0,    0,    0,    0,    0,    0,    0, -999
20171219, 0600,  , XX,  8.9N, 115.5E,  30, 1000,    0,    0,    0,    0,    0,    0,    0,    0,    0,    0,    0,    0, -999
20171219, 1200,  , XX,  8.6N, 114.7E,  30, 1000,    0,    0,    0,    0,    0,    0,    0,    0,    0,    0,    0,    0, -999
20171219, 1800,  , XX,  8.2N, 113.9E,  35,  997,  120,   50,  210,  335,    0,    0,    0,    0,    0,    0,    0,    0, -999
20171220, 0000,  , XX,  7.9N, 113.1E,  35,  996,   75,   30,  110,  270,    0,    0,    0,    0,    0,    0,    0,    0, -999
20171220, 0600,  , XX,  7.6N, 112.3E,  40,  993,   90,   30,  150,  270,    0,    0,    0,    0,    0,    0,    0,    0, -999
20171220, 1200,  , TS,  7.4N, 111.4E,  45,  989,   90,   30,  150,  270,    0,    0,    0,    0,    0,    0,    0,    0, -999
20171220, 1800,  , TS,  7.2N, 110.3E,  50,  985,  190,   25,  120,  300,    0,    0,    0,    0,    0,    0,    0,    0, -999
20171221, 0000,  , TS,  6.8N, 109.5E,  45,  989,  240,    0,   95,  290,    0,    0,    0,    0,    0,    0,    0,    0, -999
20171221, 0600,  , TS,  6.5N, 109.1E,  40,  993,  260,    0,   70,  245,    0,    0,    0,    0,    0,    0,    0,    0, -999
20171221, 1200,  , TS,  6.3N, 108.4E,  35,  996,    0,    0,    0,    0,    0,    0,    0,    0,    0,    0,    0,    0, -999
20171221, 1800,  , TD,  5.9N, 107.5E,  30,  999,    0,    0,    0,    0,    0,    0,    0,    0,    0,    0,    0,    0, -999
20171222, 0000,  , TD,  5.5N, 106.8E,  25, 1002,    0,    0,    0,    0,    0,    0,    0,    0,    0,    0,    0,    0, -999
20171222, 0600,  , TD,  5.1N, 106.1E,  25, 1003,    0,    0,    0,    0,    0,    0,    0,    0,    0,    0,    0,    0, -999
20171222, 1200,  , DB,  4.7N, 105.4E,  20, 1005,    0,    0,    0,    0,    0,    0,    0,    0,    0,    0,    0,    0, -999
20171222, 1800,  , DB,  4.1N, 104.7E,  20, 1005,    0,    0,    0,    0,    0,    0,    0,    0,    0,    0,    0,    0, -999
20171223, 0000,  , TD,  3.6N, 104.5E,  25, 1002,    0,    0,    0,    0,    0,    0,    0,    0,    0,    0,    0,    0, -999
20171223, 0600,  , TD,  3.0N, 104.6E,  25, 1002,    0,    0,    0,    0,    0,    0,    0,    0,    0,    0,    0,    0, -999
20171223, 1200,  , DB,  2.7N, 104.8E,  20, 1005,    0,    0,    0,    0,    0,    0,    0,    0,    0,    0,    0,    0, -999
20171223, 1800,  , DB,  2.4N, 105.0E,  20, 1006,    0,    0,    0,    0,    0,    0,    0,    0,    0,    0,    0,    0, -999
