WP321974,            UNNAMED,     11,
19741113, 0000,  , LO, 12.3N, 121.2E,  25,    0,    0,    0,    0,    0,    0,    0,    0,    0,    0,    0,    0,    0, -999
19741113, 0600,  , LO, 12.5N, 120.1E,  25,    0,    0,    0,    0,    0,    0,    0,    0,    0,    0,    0,    0,    0, -999
19741113, 1200,  , LO, 12.7N, 119.0E,  25,    0,    0,    0,    0,    0,    0,    0,    0,    0,    0,    0,    0,    0, -999
19741113, 1800,  , LO, 12.9N, 118.0E,  25,    0,    0,    0,    0,    0,    0,    0,    0,    0,    0,    0,    0,    0, -999
19741114, 0000,  , LO, 13.0N, 116.9E,  30,    0,    0,    0,    0,    0,    0,    0,    0,    0,    0,    0,    0,    0, -999
19741114, 0600,  , LO, 13.0N, 115.6E,  30,    0,    0,    0,    0,    0,    0,    0,    0,    0,    0,    0,    0,    0, -999
19741114, 1200,  , LO, 13.1N, 114.2E,  30,    0,    0,    0,    0,    0,    0,    0,    0,    0,    0,    0,    0,    0, -999
19741114, 1800,  , TS, 13.1N, 112.7E,  35,    0,    0,    0,    0,    0,    0,    0,    0,    0,    0,    0,    0,    0, -999
19741115, 0000,  , TS, 13.1N, 111.3E,  35,    0,    0,    0,    0,    0,    0,    0,    0,    0,    0,    0,    0,    0, -999
19741115, 0600,  , TS, 12.9N, 109.5E,  35,    0,    0,    0,    0,    0,    0,    0,    0,    0,    0,    0,    0,    0, -999
19741115, 1200,  , LO, 12.7N, 107.8E,  20,    0,    0,    0,    0,    0,    0,    0,    0,    0,    0,    0,    0,    0, -999
