WP331967,            UNNAMED,     43,
19671108, 0600,  , LO,  6.9N, 157.7E,  25,    0,    0,    0,    0,    0,    0,    0,    0,    0,    0,    0,    0,    0, -999
19671108, 1200,  , LO,  7.0N, 157.3E,  30,    0,    0,    0,    0,    0,    0,    0,    0,    0,    0,    0,    0,    0, -999
19671108, 1800,  , LO,  7.4N, 156.9E,  30,    0,    0,    0,    0,    0,    0,    0,    0,    0,    0,    0,    0,    0, -999
19671109, 0000,  , TS,  7.8N, 156.7E,  35,    0,    0,    0,    0,    0,    0,    0,    0,    0,    0,    0,    0,    0, -999
19671109, 0600,  , TS,  8.3N, 156.8E,  40,    0,    0,    0,    0,    0,    0,    0,    0,    0,    0,    0,    0,    0, -999
19671109, 1200,  , TS,  8.7N, 156.9E,  45,    0,    0,    0,    0,    0,    0,    0,    0,    0,    0,    0,    0,    0, -999
19671109, 1800,  , TS,  9.0N, 157.1E,  50,    0,    0,    0,    0,    0,    0,    0,    0,    0,    0,    0,    0,    0, -999
19671110, 0000,  , TS,  9.6N, 157.0E,  55,    0,    0,    0,    0,    0,    0,    0,    0,    0,    0,    0,    0,    0, -999
19671110, 0600,  , TS, 10.0N, 156.3E,  60,    0,    0,    0,    0,    0,    0,    0,    0,    0,    0,    0,    0,    0, -999
19671110, 1200,  , HU, 10.3N, 155.3E,  65,    0,    0,    0,    0,    0,    0,    0,    0,    0,    0,    0,    0,    0, -999
19671110, 1800,  , HU, 10.4N, 154.1E,  70,    0,    0,    0,    0,    0,    0,    0,    0,    0,    0,    0,    0,    0, -999
19671111, 0000,  , HU, 10.6N, 152.9E,  75,    0,    0,    0,    0,    0,    0,    0,    0,    0,    0,    0,    0,    0, -999
19671111, 0600,  , HU, 11.1N, 151.9E,  85,    0,    0,    0,    0,    0,    0,    0,    0,    0,    0,    0,    0,    0, -999
19671111, 1200,  , HU, 11.6N, 151.0E,  95,    0,    0,    0,    0,    0,    0,    0,    0,    0,    0,    0,    0,    0, -999
19671111, 1800,  , HU, 12.1N, 150.1E, 110,    0,    0,    0,    0,    0,    0,    0,    0,    0,    0,    0,    0,    0, -999
19671112, 0000,  , HU, 12.7N, 149.1E, 115,    0,    0,    0,    0,    0,    0,    0,    0,    0,    0,    0,    0,    0, -999
19671112, 0600,  , HU, 13.1N, 148.1E, 115,    0,    0,    0,    0,    0,    0,    0,    0,    0,    0,    0,    0,    0, -999
19671112, 1200,  , HU, 13.5N, 147.1E, 120,    0,    0,    0,    0,    0,    0,    0,    0,    0,    0,    0,    0,    0, -999
19671112, 1800,  , HU, 13.9N, 146.1E, 120,    0,    0,    0,    0,    0,    0,    0,    0,    0,    0,    0,    0,    0, -999
19671113, 0000,  , HU, 14.2N, 145.1E, 120,    0,    0,    0,    0,    0,    0,    0,    0,    0,    0,    0,    0,    0, -999
19671113, 0600,  , HU, 14.5N, 143.9E, 125,    0,    0,    0,    0,    0,    0,    0,    0,    0,    0,    0,    0,    0, -999
19671113, 1200,  , HU, 14.7N, 142.7E, 125,    0,    0,    0,    0,    0,    0,    0,    0,    0,    0,    0,    0,    0, -999
19671113, 1800,  , HU, 15.0N, 141.1E, 130,    0,    0,    0,    0,    0,    0,    0,    0,    0,    0,    0,    0,    0, -999
19671114, 0000,  , HU, 15.3N, 139.4E, 130,    0,    0,    0,    0,    0,    0,    0,    0,    0,    0,    0,    0,    0, -999
19671114, 0600,  , HU, 15.7N, 137.6E, 130,    0,    0,    0,    0,    0,    0,    0,    0,    0,    0,    0,    0,    0, -999
19671114, 1200,  , HU, 16.1N, 135.7E, 130,    0,    0,    0,    0,    0,    0,    0,    0,    0,    0,    0,    0,    0, -999
19671114, 1800,  , HU, 16.4N, 134.0E, 125,    0,    0,    0,    0,    0,    0,    0,    0,    0,    0,    0,    0,    0, -999
19671115, 0000,  , HU, 16.7N, 132.6E, 120,    0,    0,    0,    0,    0,    0,    0,    0,    0,    0,    0,    0,    0, -999
19671115, 0600,  , HU, 17.2N, 131.2E, 120,    0,    0,    0,    0,    0,    0,    0,    0,    0,    0,    0,    0,    0, -999
19671115, 1200,  , HU, 17.8N, 129.8E, 120,    0,    0,    0,    0,    0,    0,    0,    0,    0,    0,    0,    0,    0, -999
19671115, 1800,  , HU, 18.5N, 128.4E, 115,    0,    0,    0,    0,    0,    0,    0,    0,    0,    0,    0,    0,    0, -999
19671116, 0000,  , HU, 19.0N, 127.4E, 110,    0,    0,    0,    0,    0,    0,    0,    0,    0,    0,    0,    0,    0, -999
19671116, 0600,  , HU, 19.6N, 126.4E, 105,    0,    0,    0,    0,    0,    0,    0,    0,    0,    0,    0,    0,    0, -999
19671116, 1200,  , HU, 20.3N, 125.4E, 100,    0,    0,    0,    0,    0,    0,    0,    0,    0,    0,    0,    0,    0, -999
19671116, 1800,  , HU, 20.7N, 124.7E,  95,    0,    0,    0,    0,    0,    0,    0,    0,    0,    0,    0,    0,    0, -999
19671117, 0000,  , HU, 21.1N, 124.2E,  90,    0,    0,    0,    0,    0,    0,    0,    0,    0,    0,    0,    0,    0, -999
19671117, 0600,  , HU, 21.5N, 123.7E,  85,    0,    0,    0,    0,    0,    0,    0,    0,    0,    0,    0,    0,    0, -999
19671117, 1200,  , HU, 21.9N, 123.2E,  80,    0,    0,    0,    0,    0,    0,    0,    0,    0,    0,    0,    0,    0, -999
19671117, 1800,  , HU, 22.4N, 122.7E,  80,    0,    0,    0,    0,    0,    0,    0,    0,    0,    0,    0,    0,    0, -999
19671118, 0000,  , XX, 23.1N, 122.1E,  75,    0,    0,    0,    0,    0,    0,    0,    0,    0,    0,    0,    0,    0, -999
19671118, 0600,  , XX, 23.9N, 121.1E,  50,    0,    0,    0,    0,    0,    0,    0,    0,    0,    0,    0,    0,    0, -999
19671118, 1200,  , XX, 24.5N, 120.5E,  40,    0,    0,    0,    0,    0,    0,    0,    0,    0,    0,    0,    0,    0, -999
19671118, 1800,  , LO, 25.2N, 120.2E,  30,    0,    0,    0,    0,    0,    0,    0,    0,    0,    0,    0,    0,    0, -999
