WP362018,              PABUK,     32,
20181230, 1200,  , LO,  8.3N, 115.1E,  15, 1009,    0,    0,    0,    0,    0,    0,    0,    0,    0,    0,    0,    0, -999
20181230, 1800,  , DB,  8.5N, 114.3E,  20, 1007,    0,    0,    0,    0,    0,    0,    0,    0,    0,    0,    0,    0, -999
20181231, 0000,  , DB,  8.6N, 113.3E,  20, 1008,    0,    0,    0,    0,    0,    0,    0,    0,    0,    0,    0,    0, -999
20181231, 0600,  , TD,  8.0N, 112.1E,  25, 1006,    0,    0,    0,    0,    0,    0,    0,    0,    0,    0,    0,    0, -999
20181231, 1200,  , TD,  7.3N, 111.3E,  30, 1004,    0,    0,    0,    0,    0,    0,    0,    0,    0,    0,    0,    0, -999
20181231, 1800,  , TD,  7.0N, 111.0E,  30, 1004,    0,    0,    0,    0,    0,    0,    0,    0,    0,    0,    0,    0, -999
20190101, 0000,  , TS,  6.7N, 110.9E,  35, 1001,  190,   70,  150,  190,    0,    0,    0,    0,    0,    0,    0,    0, -999
20190101, 0600,  , TS,  6.2N, 110.3E,  35, 1000,  190,   80,  170,  190,    0,    0,    0,    0,    0,    0,    0,    0, -999
20190101, 1200,  , TS,  5.9N, 109.8E,  35, 1000,  190,   80,  170,  190,    0,    0,    0,    0,    0,    0,    0,    0, -999
20190101, 1800,  , TS,  5.8N, 109.2E,  35, 1001,  190,   90,  170,  190,    0,    0,    0,    0,    0,    0,    0,    0, -999
20190102, 0000,  , TS,  5.9N, 108.7E,  35, 1001,  170,  100,  170,  190,    0,    0,    0,    0,    0,    0,    0,    0, -999
20190102, 0600,  , TS,  6.1N, 108.0E,  35, 1001,  170,  100,  150,  180,    0,    0,    0,    0,    0,    0,    0,    0, -999
20190102, 1200,  , TS,  6.0N, 107.0E,  40,  999,  160,  100,  150,  170,    0,    0,    0,    0,    0,    0,    0,    0, -999
20190102, 1800,  , TS,  5.9N, 106.2E,  40,  999,  160,  100,  150,  170,    0,    0,    0,    0,    0,    0,    0,    0, -999
20190103, 0000,  , TS,  5.9N, 105.3E,  40, 1000,  160,   90,  140,  170,    0,    0,    0,    0,    0,    0,    0,    0, -999
20190103, 0600,  , TS,  6.2N, 104.4E,  40, 1000,  140,   90,  120,  160,    0,    0,    0,    0,    0,    0,    0,    0, -999
20190103, 1200,  , TS,  6.6N, 103.5E,  40, 1000,  140,   80,   90,  140,    0,    0,    0,    0,    0,    0,    0,    0, -999
20190103, 1800,  , TS,  7.3N, 102.7E,  45,  998,  130,   80,   80,  130,    0,    0,    0,    0,    0,    0,    0,    0, -999
20190104, 0000,  , TS,  8.0N, 101.8E,  50,  996,  130,   70,   80,  130,   67,   29,   36,   67,    0,    0,    0,    0, -999
20190104, 0600,  , TS,  8.2N, 100.7E,  50,  996,  100,   70,   60,  100,   48,   29,   23,   48,    0,    0,    0,    0, -999
20190104, 1200,  , TS,  8.3N,  99.6E,  40, 1001,   80,   50,   50,   80,    0,    0,    0,    0,    0,    0,    0,    0, -999
20190104, 1800,  , TS,  8.6N,  99.0E,  35, 1004,   60,   30,   40,   70,    0,    0,    0,    0,    0,    0,    0,    0, -999
20190105, 0000,  , TD,  9.1N,  98.5E,  30, 1006,    0,    0,    0,    0,    0,    0,    0,    0,    0,    0,    0,    0, -999
20190105, 0600,  , TD,  9.6N,  98.1E,  30, 1005,    0,    0,    0,    0,    0,    0,    0,    0,    0,    0,    0,    0, -999
20190105, 1200,  , TD, 10.1N,  97.3E,  25, 1007,    0,    0,    0,    0,    0,    0,    0,    0,    0,    0,    0,    0, -999
20190105, 1800,  , TD, 10.4N,  96.5E,  30, 1004,    0,    0,    0,    0,    0,    0,    0,    0,    0,    0,    0,    0, -999
20190106, 0000,  , TD, 10.7N,  95.1E,  25, 1006,    0,    0,    0,    0,    0,    0,    0,    0,    0,    0,    0,    0, -999
20190106, 0600,  , TD, 10.9N,  93.4E,  25, 1007,    0,    0,    0,    0,    0,    0,    0,    0,    0,    0,    0,    0, -999
20190106, 1200,  , DB, 11.1N,  92.1E,  20, 1009,    0,    0,    0,    0,    0,    0,    0,    0,    0,    0,    0,    0, -999
20190106, 1800,  , DB, 11.6N,  91.1E,  20, 1009,    0,    0,    0,    0,    0,    0,    0,    0,    0,    0,    0,    0, -999
20190107, 0000,  , DB, 12.0N,  90.1E,  20, 1009,    0,    0,    0,    0,    0,    0,    0,    0,    0,    0,    0,    0, -999
20190107, 0600,  , DB, 12.3N,  90.2E,  20, 1009,    0,    0,    0,    0,    0,    0,    0,    0,    0,    0,    0,    0, -999
