WP551966,            UNNAMED,     12,
19661009, 0600,  , TD, 11.5N, 132.4E,   0,    0,    0,    0,    0,    0,    0,    0,    0,    0,    0,    0,    0,    0, -999
19661009, 1200,  , TD, 11.5N, 131.7E,   0,    0,    0,    0,    0,    0,    0,    0,    0,    0,    0,    0,    0,    0, -999
19661009, 1800,  , TD, 11.6N, 131.0E,   0,    0,    0,    0,    0,    0,    0,    0,    0,    0,    0,    0,    0,    0, -999
19661010, 0000,  , TD, 12.1N, 130.4E,   0,    0,    0,    0,    0,    0,    0,    0,    0,    0,    0,    0,    0,    0, -999
19661010, 0600,  , TD, 12.7N, 130.0E,   0,    0,    0,    0,    0,    0,    0,    0,    0,    0,    0,    0,    0,    0, -999
19661010, 1200,  , TD, 13.3N, 129.7E,   0,    0,    0,    0,    0,    0,    0,    0,    0,    0,    0,    0,    0,    0, -999
19661010, 1800,  , TD, 13.9N, 129.4E,   0,    0,    0,    0,    0,    0,    0,    0,    0,    0,    0,    0,    0,    0, -999
19661011, 0000,  , TD, 14.6N, 129.2E,   0,    0,    0,    0,    0,    0,    0,    0,    0,    0,    0,    0,    0,    0, -999
19661011, 0600,  , TD, 15.2N, 129.0E,   0,    0,    0,    0,    0,    0,    0,    0,    0,    0,    0,    0,    0,    0, -999
19661011, 1200,  , TD, 15.9N, 128.8E,   0,    0,    0,    0,    0,    0,    0,    0,    0,    0,    0,    0,    0,    0, -999
19661011, 1800,  , TD, 16.6N, 128.7E,   0,    0,    0,    0,    0,    0,    0,    0,    0,    0,    0,    0,    0,    0, -999
19661012, 0000,  , TD, 17.2N, 128.6E,   0,    0,    0,    0,    0,    0,    0,    0,    0,    0,    0,    0,    0,    0, -999
