WP591961,            UNNAMED,     11,
19611020, 0600,  , LO,  8.8N, 147.5E,   0,    0,    0,    0,    0,    0,    0,    0,    0,    0,    0,    0,    0,    0, -999
19611020, 1200,  , LO,  8.7N, 146.8E,   0,    0,    0,    0,    0,    0,    0,    0,    0,    0,    0,    0,    0,    0, -999
19611020, 1800,  , LO,  8.5N, 145.9E,   0,    0,    0,    0,    0,    0,    0,    0,    0,    0,    0,    0,    0,    0, -999
19611021, 0000,  , LO,  8.5N, 145.2E,   0,    0,    0,    0,    0,    0,    0,    0,    0,    0,    0,    0,    0,    0, -999
19611021, 0600,  , LO,  8.6N, 144.4E,   0,    0,    0,    0,    0,    0,    0,    0,    0,    0,    0,    0,    0,    0, -999
19611021, 1200,  , LO,  8.5N, 143.6E,   0,    0,    0,    0,    0,    0,    0,    0,    0,    0,    0,    0,    0,    0, -999
19611021, 1800,  , LO,  8.4N, 142.9E,   0,    0,    0,    0,    0,    0,    0,    0,    0,    0,    0,    0,    0,    0, -999
19611022, 0000,  , LO,  8.3N, 142.4E,   0,    0,    0,    0,    0,    0,    0,    0,    0,    0,    0,    0,    0,    0, -999
19611022, 0600,  , LO,  8.1N, 141.9E,   0,    0,    0,    0,    0,    0,    0,    0,    0,    0,    0,    0,    0,    0, -999
19611022, 1200,  , LO,  7.8N, 141.5E,   0,    0,    0,    0,    0,    0,    0,    0,    0,    0,    0,    0,    0,    0, -999
19611022, 1800,  , LO,  7.6N, 141.3E,   0,    0,    0,    0,    0,    0,    0,    0,    0,    0,    0,    0,    0,    0, -999
